0.0006999999999999628	-0.00016087437231272246
0.001403500000000035	-0.00016086930770144276
0.0021105174999999296	-0.00016086905517214364
0.0028210700874998964	-0.00016086884817875392
0.003535175437937438	-0.00016086864028379868
0.004252851315127062	-0.00016086843101202375
0.004974115571702636	-0.00016086822034675418
0.005698986149561044	-0.00016086800827638136
0.006427481080308875	-0.00016086779478931114
0.007159618485710418	-0.0001608675798739984
0.007895416578138905	-0.00016086736351874189
0.008634893661029494	-0.00016086714571200534
0.00937806812933463	-0.00016086692644212507
0.010124958469981361	-0.00016086670569713776
0.010875583262331262	-0.00016086648346532733
0.01162996117864295	-0.00016086625973488327
0.012388110984536127	-0.00016086603449358902
0.013150051539458866	-0.00016086580772948884
0.013915801797156208	-0.00016086557943049756
0.014685380806142003	-0.00016086534958422214
0.015458807710172712	-0.0001608651181782684
0.01623610174872358	-0.00016086488520032706
0.017017282257467212	-0.00016086465063768767
0.017802368668754516	-0.00016086441447779598
0.01859138051209827	-0.00016086417670783845
0.019384337414658823	-0.00016086393731505773
0.020181259101732015	-0.00016086369628632137
0.020982165397240727	-0.0001608634536086355
0.02178707622422691	-0.0001608632092688095
0.02259601160534814	-0.00016086296325357028
0.02340899166337483	-0.00016086271554947886
0.024226036621691812	-0.0001608624661430079
0.02504716680480027	-0.00016086221502052532
0.025872402638824326	-0.00016086196216827278
0.02670176465201842	-0.0001608617075724408
0.02753527347527842	-0.00016086145121893525
0.028372949842654864	-0.00016086119309374845
0.0292148145918682	-0.00016086093318261135
0.03006088866482743	-0.00016086067147124647
0.03091119310815165	-0.00016086040794506377
0.0317657490736924	-0.0001608601425896579
0.03262457781906081	-0.00016085987539016464
0.03348770070815601	-0.00016085960633180796
0.034355139211696875	-0.00016085933539958038
0.035226914907755424	-0.00016085906257853007
0.03610304948229413	-0.00016085878785332153
0.03698356472970569	-0.0001608585112086149
0.03786848255335419	-0.00016085823262902054
0.038757824966120964	-0.00016085795209889133
0.03965161409095162	-0.00016085766960246477
0.04054987216140643	-0.0001608573851239078
0.04145262152221345	-0.0001608570986472803
0.04235988462982453	-0.00016085681015644572
0.04327168405297366	-0.000160856519635019
0.0441880424732386	-0.00016085622706678467
0.04510898268560485	-0.00016085593243509997
0.046034527599032954	-0.00016085563572334376
0.04696470023702812	-0.0001608553369146918
0.04789952373821329	-0.00016085503599214403
0.048839021356904266	-0.00016085473293873573
0.04978321646368884	-0.00016085442773717518
0.05073213254600732	-0.00016085412037014356
0.05168579320873729	-0.00016085381082008292
0.052644222174780875	-0.00016085349906937963
0.05360744328565471	-0.0001608531851002913
0.054575480502083065	-0.00016085286889482196
0.05554835790459365	-0.00016085255043494888
0.05652609969411678	-0.00016085222970245306
0.05750873019258755	-0.00016085190667897083
0.05849627384355038	-0.00016085158134597762
0.05948875521276831	-0.00016085125368487264
0.060486198988831924	-0.0001608509236767669
0.061488629983776036	-0.00016085059130285494
0.062496073133695054	-0.0001608502565439538
0.06350855349936363	-0.00016084991938085667
0.06452609626686023	-0.00016084957979412934
0.06554872674819473	-0.0001608492377642985
0.0665764703819355	-0.00016084889327166278
0.06760935273384511	-0.00016084854629643515
0.06864739949751451	-0.0001608481968185984
0.06969063649500218	-0.0001608478448179113
0.07073908967747725	-0.00016084749027427372
0.07179278512586448	-0.00016084713316717018
0.07285174905149387	-0.00016084677347605423
0.07391600779675113	-0.0001608464111801629
0.07498558783573481	-0.00016084604625858444
0.07606051577491364	-0.0001608456786903639
0.07714081835378801	-0.0001608453084542255
0.0782265224455569	-0.00016084493552899533
0.07931765505778446	-0.00016084455989297066
0.08041424333307354	-0.00016084418152466237
0.08151631454973869	-0.0001608438004022041
0.08262389612248718	-0.00016084341650374347
0.08373701560309972	-0.0001608430298071273
0.08485570068111534	-0.00016084264029019767
0.08597997918452092	-0.00016084224793042228
0.08710987908044335	-0.00016084185270539308
0.08824542847584554	-0.00016084145459233036
0.08938665561822474	-0.0001608410535685568
0.0905335888963159	-0.00016084064961089135
0.09168625684079766	-0.00016084024269632464
0.09284468812500156	-0.00016083983280157583
0.09400891156562662	-0.00016083941990313954
0.09517895612345495	-0.00016083900397754445
0.09635485090407213	-0.00016083858500101918
0.09753662515859228	-0.0001608381629497156
0.09872430828438533	-0.00016083773779968907
0.09991792982580742	-0.00016083730952665725
0.10111751947493633	-0.00016083687810645994
0.10232310707231096	-0.00016083644351456636
0.10353472260767245	-0.00016083600572653953
0.1047523962207106	-0.00016083556471763243
0.1059761582018141	-0.0001608351204629618
0.10720603899282295	-0.00016083467293758874
0.10844206918778705	-0.00016083422211631793
0.10968427953372589	-0.0001608337679740642
0.11093270093139453	-0.00016083331048534177
0.11218736443605157	-0.00016083284962470275
0.11344830125823162	-0.00016083238536648421
0.11471554276452282	-0.0001608319176849266
0.11598912047834534	-0.00016083144655415713
0.11726906608073716	-0.0001608309719482607
0.11855541141114084	-0.0001608304938410118
0.11984818846819666	-0.00016083001220615234
0.12114742941053756	-0.00016082952701750166
0.12245316655759021	-0.00016082903824838637
0.12376543239037813	-0.000160828545872346
0.12508425955233007	-0.00016082804986259781
0.12640968085009188	-0.00016082755019246404
0.12774172925434224	-0.0001608270468350273
0.12908043790061416	-0.00016082653976322802
0.13042584009011704	-0.0001608260289500201
0.13177796929056776	-0.00016082551436819598
0.1331368591370207	-0.00016082499599048974
0.13450254343270562	-0.0001608244737895194
0.13587505614986897	-0.00016082394773780177
0.1372544314306183	-0.0001608234178078108
0.13864070358777136	-0.00016082288397198258
0.14003390710571012	-0.0001608223462025822
0.14143407664123844	-0.0001608218044717951
0.14284124702444484	-0.0001608212587518124
0.14425545325956707	-0.00016082070901476915
0.1456767305258648	-0.00016082015523270285
0.14710511417849395	-0.00016081959737752367
0.14854063974938644	-0.00016081903542124583
0.14998334294813345	-0.0001608184693357211
0.1514332596628742	-0.00016081789909276072
0.15289042596118857	-0.00016081732466407883
0.15435487809099444	-0.00016081674602160345
0.15582665248144925	-0.00016081616313689422
0.15730578574385642	-0.00016081557598174605
0.1587923146725756	-0.00016081498452779488
0.1602862762459386	-0.00016081438874673067
0.1617877076271685	-0.0001608137886101249
0.16329664616530448	-0.00016081318408969853
0.16481312939613094	-0.0001608125751569453
0.16633719504311156	-0.00016081196178359213
0.16786888101832692	-0.00016081134394125277
0.16940822542341866	-0.00016081072160156474
0.17095526655053575	-0.00016081009473620234
0.17251004288328856	-0.00016080946331688788
0.1740725930977048	-0.00016080882731525964
0.1756429560631934	-0.00016080818670311542
0.17722117084350925	-0.00016080754145216997
0.17880727669772659	-0.00016080689153439984
0.18040131308121543	-0.00016080623692149535
0.18200331964662148	-0.00016080557758557787
0.18361333624485465	-0.00016080491349843465
0.18523140292607912	-0.00016080424463235416
0.18685755994070938	-0.00016080357095931902
0.18849184774041308	-0.0001608028924515399
0.19013430697911532	-0.00016080220908135822
0.19178497851401088	-0.0001608015208211815
0.19344390340658082	-0.0001608008276435214
0.19511112292361377	-0.00016080012952088643
0.1967866785382319	-0.00016079942642599452
0.19847061193092289	-0.00016079871833167233
0.2001629649905775	-0.000160798005210911
0.20186377981553055	-0.00016079728703664642
0.20357309871460819	-0.00016079656378210428
0.2052909642081813	-0.0001607958354207502
0.207017419029222	-0.00016079510192583852
0.20875250612436788	-0.0001607943632711492
0.21049626865498966	-0.00016079361943042788
0.21224874999826462	-0.000160792870377567
0.21400999374825602	-0.0001607921160867979
0.2157800437169973	-0.00016079135653227077
0.21755894393558234	-0.0001607905916885242
0.21934673865526005	-0.00016078982153014791
0.2211434723485364	-0.00016078904603205232
0.22294918971027902	-0.00016078826516925898
0.22476393565883038	-0.0001607874789169871
0.22658775533712455	-0.00016078668725064116
0.22842069411381005	-0.00016078589014591288
0.23026279758437915	-0.00016078508757870258
0.23211411157230094	-0.00016078427952507875
0.23397468213016254	-0.0001607834659613734
0.23584455554081346	-0.0001607826468640763
0.23772377831851751	-0.00016078182221004712
0.23961239721011024	-0.0001607809919762853
0.24151045919616082	-0.0001607801561400904
0.24341801149214168	-0.0001607793146788748
0.24533510154960245	-0.00016077846757058017
0.24726177705735047	-0.00016077761479308636
0.2491980859426373	-0.0001607767563247355
0.25114407637235053	-0.00016077589214405039
0.2530997967542124	-0.00016077502222991397
0.2550652957379834	-0.00016077414656123548
0.2570406222166734	-0.00016077326511748386
0.25902582532775686	-0.00016077237787827953
0.26102095445439577	-0.00016077148482341802
0.2630260592266676	-0.00016077058593322755
0.26504118952280104	-0.00016076968118799425
0.26706639547041516	-0.00016076877056847946
0.26910172744776706	-0.0001607678540557096
0.27114723608500574	-0.00016076693163092278
0.2732029722654309	-0.0001607660032757231
0.2752689871267581	-0.0001607650689719096
0.2773453320623917	-0.00016076412870155243
0.2794320587227036	-0.00016076318244708494
0.281529219016317	-0.00016076223019112216
0.2836368651113984	-0.00016076127191667222
0.28575504943695557	-0.00016076030760683242
0.28788382468414025	-0.00016075933724522338
0.2900232438075611	-0.00016075836081545742
0.29217336002659877	-0.00016075737830158023
0.29433422682673194	-0.00016075638968790355
0.29650589796086546	-0.00016075539495880535
0.29868842745066976	-0.00016075439409922172
0.30088186958792296	-0.0001607533870941172
0.30308627893586265	-0.00016075237392868642
0.305301710330542	-0.00016075135458849677
0.3075282188821948	-0.0001607503290592692
0.30976585997660583	-0.0001607492973269018
0.31201468927648873	-0.00016074825937759828
0.31427476272287097	-0.00016074721519772394
0.3165461365364855	-0.00016074616477385203
0.318828867219168	-0.00016074510809276196
0.3211230115552639	-0.0001607440451413155
0.32342862661304006	-0.00016074297590680997
0.3257457697461053	-0.00016074190037647387
0.32807449859483556	-0.0001607408185376112
0.33041487108780954	-0.00016073973037791586
0.3327669454432486	-0.00016073863588517693
0.33513078017046477	-0.00016073753504715032
0.33750643407131686	-0.00016073642785183225
0.33989396624167323	-0.00016073531428730285
0.3422934360728816	-0.00016073419434163366
0.34470490325324576	-0.00016073306800302702
0.3471284277695118	-0.0001607319352598869
0.34956406990835936	-0.00016073079610044483
0.3520118902579012	-0.0001607296505130083
0.3544719497091907	-0.00016072849848592938
0.35694430945773664	-0.00016072734000761063
0.3594290310050252	-0.00016072617506645567
0.36192617616005013	-0.00016072500365061238
0.3644358070408504	-0.000160723825748544
0.36695798607605457	-0.00016072264134825095
0.36949277600643504	-0.00016072145043789085
0.37204023988646695	-0.00016072025300555855
0.374600441085899	-0.00016071904903902637
0.3771734432913285	-0.00016071783852603642
0.379759310507785	-0.00016071662145432388
0.3823581070603237	-0.00016071539781111673
0.3849698975956254	-0.00016071416758370335
0.3875947470836033	-0.0001607129307590328
0.39023272081902133	-0.00016071168732388543
0.3928838844231162	-0.00016071043726469597
0.39554830384523165	-0.00016070918056774848
0.3982260453644579	-0.00016070791721883976
0.4009171755912802	-0.00016070664720365866
0.4036217614692367	-0.00016070537050732203
0.4063398702765827	-0.00016070408711478667
0.40907156962796565	-0.000160702797010444
0.41181692747610543	-0.00016070150017830878
0.41457601211348605	-0.00016070019660209295
0.4173488921740533	-0.00016069888626482295
0.4201356366349237	-0.00016069756914925175
0.42293631481809807	-0.00016069624523737513
0.4257509963921885	-0.0001606949145109494
0.42857975137414944	-0.00016069357695093373
0.4314226501310203	-0.00016069223253773818
0.43427976338167545	-0.00016069088125129672
0.43715116219858396	-0.00016068952307069317
0.440036918009577	-0.00016068815797447617
0.44293710259962477	-0.00016068678594061573
0.4458517881126228	-0.00016068540694611486
0.4487810470531859	-0.0001606840209674184
0.45172495228845155	-0.0001606826279800276
0.45468357704989376	-0.00016068122795891753
0.45765699493514306	-0.00016067982087797697
0.46064527990981863	-0.0001606784067103529
0.4636485063093676	-0.0001606769854284055
0.4666667488409145	-0.00016067555700340303
0.4697000825851191	-0.0001606741214058372
0.4727485829980444	-0.000160672678605166
0.4758123259130346	-0.0001606712285698404
0.47889138754259974	-0.00016066977126741037
0.4819858444803126	-0.00016066830666429502
0.4850957737027142	-0.00016066683472585914
0.48822125257122767	-0.00016066535541628675
0.49136235883408375	-0.00016066386869887885
0.49451917062825407	-0.00016066237453547433
0.49769176648139524	-0.0001606608728869787
0.5008802253138022	-0.00016065936371297148
0.5040846264403713	-0.00016065784697180118
0.5073050495725733	-0.00016065632262066292
0.510541574820436	-0.00016065479061527858
0.5137942826945383	-0.00016065325091008158
0.5170632541080108	-0.00016065170345834454
0.520348570378551	-0.00016065014821182094
0.5236503132304436	-0.0001606485851207973
0.5269685647965956	-0.00016064701413419483
0.5303034076205784	-0.0001606454351996359
0.5336549246586811	-0.00016064384826288306
0.5370231992819746	-0.0001606422532686204
0.5404083152783844	-0.0001606406501595577
0.5438103568547764	-0.00016063903887719488
0.5472294086390501	-0.0001606374193612923
0.5506655556822453	-0.0001606357915499282
0.5541188834606565	-0.0001606341553796286
0.5575894778779599	-0.00016063251078511667
0.5610774252673494	-0.0001606308576995
0.564582812393686	-0.0001606291960542656
0.5681057264556543	-0.00016062752577893763
0.5716462550879327	-0.00016062584680116563
0.5752044863633723	-0.0001606241590472411
0.578780508795189	-0.00016062246244123208
0.5823744113391649	-0.00016062075690540767
0.5859862833958606	-0.00016061904236015401
0.5896162148128399	-0.00016061731872407968
0.5932642958869042	-0.00016061558591369443
0.5969306173663387	-0.00016061384384350014
0.6006152704531702	-0.0001606120924263465
0.6043183468054361	-0.0001606103315726743
0.6080399385394633	-0.00016060856119105602
0.6117801382321605	-0.00016060678118801414
0.615539038923321	-0.00016060499146791345
0.6193167341179376	-0.00016060319193311157
0.6231133177885273	-0.00016060138248367173
0.6269288843774701	-0.00016059956301773805
0.6307635287993573	-0.00016059773343095112
0.6346173464433539	-0.00016059589361712765
0.6384904331755705	-0.00016059404346735703
0.6423828853414483	-0.00016059218287091525
0.6462947997681555	-0.00016059031171451098
0.6502262737669962	-0.00016058842988270436
0.6541774051358311	-0.00016058653725744423
0.6581482921615099	-0.0001605846337185902
0.6621390336223173	-0.00016058271914348382
0.6661497287904288	-0.00016058079340684807
0.6701804774343807	-0.00016057885638101168
0.6742313798215525	-0.00016057690793603593
0.6783025367206603	-0.0001605749479389111
0.6823940494042636	-0.00016057297625442408
0.6865060196512851	-0.00016057099274431036
0.6906385497495416	-0.00016056899726780063
0.6947917424982893	-0.00016056698968132822
0.6989657012107808	-0.00016056496983831394
0.7031605297168348	-0.00016056293758920866
0.7073763323654189	-0.00016056089278157119
0.7116132140272461	-0.0001605588352595306
0.715871280097382	-0.00016055676486425587
0.7201506364978687	-0.00016055468143312505
0.7244513896803577	-0.00016055258480040206
0.7287736466287593	-0.0001605504747964045
0.733117514861903	-0.0001605483512475548
0.7374831024362126	-0.00016054621397633057
0.7418705179483935	-0.0001605440628008131
0.7462798705381356	-0.00016054189753460254
0.7507112698908263	-0.00016053971798648685
0.7551648262402804	-0.00016053752396011587
0.759640650371482	-0.0001605353152536723
0.7641388536233394	-0.00016053309165966768
0.7686595478914561	-0.00016053085296410187
0.7732028456309133	-0.00016052859894654238
0.7777688598590677	-0.00016052632937913687
0.7823577041583629	-0.0001605240440261685
0.7869694926791548	-0.00016052174264385405
0.7916043401425507	-0.00016051942497906913
0.7962623618432633	-0.00016051709076853618
0.8009436736524796	-0.0001605147397386938
0.805648392020742	-0.00016051237160386289
0.8103766339808457	-0.00016050998606593187
0.81512851715075	-0.00016050758281257343
0.8199041597365035	-0.00016050516151653953
0.8247036805351862	-0.00016050272183373358
0.8295271989378621	-0.00016050026340197113
0.8343748349325514	-0.00016049778583927335
0.8392467091072142	-0.0001604952887417337
0.8441429426527504	-0.00016049277168133183
0.849063657366014	-0.00016049023420411758
0.8540089756528442	-0.0001604876758271149
0.8589790205311084	-0.00016048509603550974
0.863973915633764	-0.00016048249427959375
0.8689739156337638	-0.000160479875691458
0.8739739156337636	-0.00016047724593939384
0.8789739156337634	-0.00016047460579092236
0.8839739156337632	-0.00016047195476717944
0.8889739156337629	-0.0001604692923486094
0.8939739156337627	-0.00016046661797498594
0.8989739156337626	-0.00016046393104142957
0.9039739156337624	-0.00016046123089384843
0.9089739156337622	-0.00016045851682441032
0.913973915633762	-0.00016045578806609743
0.9189739156337617	-0.00016045304378636577
0.9239739156337615	-0.00016045028308086856
0.9289739156337613	-0.00016044750496520133
0.9339739156337611	-0.0001604447083669655
0.938973915633761	-0.00016044189211506034
0.9439739156337608	-0.0001604390549289738
0.9489739156337605	-0.0001604361954060596
0.9539739156337603	-0.00016043331200597916
0.9589739156337601	-0.00016043040303498408
0.9639739156337599	-0.00016042746662478673
0.9689739156337597	-0.0001604245007113622
0.9739739156337595	-0.0001604215030078275
0.9789739156337594	-0.00016041847097431742
0.9839739156337591	-0.00016041540178168633
0.9889739156337589	-0.00016041229227109415
0.9939739156337587	-0.00016040913890387416
0.9989739156337585	-0.0001604059377054096
1.0039739156337584	-0.0001604026841974491
1.008973915633758	-0.00016039937331894467
1.013973915633758	-0.0001603959993324539
1.0189739156337576	-0.0001603925557138295
1.0239739156337575	-0.0001603890350216792
1.0289739156337572	-0.00016038542874159404
1.033973915633757	-0.00016038172710262195
1.038973915633757	-0.0001603779188583559
1.0439739156337566	-0.00016037399102679552
1.0489739156337565	-0.00016036992857927903
1.0539739156337562	-0.00016036571407164138
1.058973915633756	-0.00016036132720180564
1.0639739156337558	-0.00016035674428250976
1.0689739156337557	-0.0001603519376104533
1.0739739156337553	-0.00016034687471151788
1.0789739156337552	-0.00016034151743693462
1.0839739156337551	-0.00016033582088039353
1.0889739156337548	-0.0001603297320801081
1.0939739156337547	-0.00016032318846296952
1.0989739156337544	-0.00016031611597555653
1.1039739156337542	-0.00016030842684330114
1.108973915633754	-0.000160300016879021
1.1139739156337538	-0.00016029076225007634
1.1189739156337537	-0.00016028051559498755
1.1239739156337534	-0.00016026910135890743
1.1289739156337533	-0.00016025631018635266
1.133973915633753	-0.00016024189218410097
1.1389739156337528	-0.00016022554882432096
1.1439739156337525	-0.00016020692321367346
1.1489739156337524	-0.00016018558839701367
1.153973915633752	-0.00016016103330447967
1.158973915633752	-0.00016013264586273746
1.1639739156337519	-0.00016009969270368329
1.1689739156337515	-0.00016006129478506523
1.1739739156337514	-0.00016001639810535467
1.178973915633751	-0.0001599637385236145
1.183973915633751	-0.00015990179950351542
1.1889739156337507	-0.00015982876135143805
1.1939739156337505	-0.00015974244023690839
1.1989739156337504	-0.00015964021491707815
1.2039739156337501	-0.00015951893866099145
1.20897391563375	-0.0001593748333393532
1.2139739156337497	-0.0001592033619928747
1.2189739156337496	-0.0001589990753998047
1.2239739156337492	-0.0001587554271925887
1.2289739156337491	-0.00015846455088496292
1.2339739156337488	-0.0001581169907226682
1.2389739156337487	-0.00015770137651664222
1.2439739156337486	-0.0001572040305083309
1.2489739156337483	-0.0001566084917504657
1.2539739156337482	-0.00015589494045696803
1.2589739156337478	-0.00015503950108882838
1.2639739156337477	-0.00015401339859175042
1.2689739156337474	-0.00015278193692357846
1.2739739156337473	-0.00015130326271374037
1.2789739156337472	-0.00014952686929880016
1.2839739156337469	-0.0001473917872114377
1.2889739156337467	-0.00014482439619563538
1.2939739156337464	-0.00014173578055625132
1.2989739156337463	-0.00013801853380907578
1.303973915633746	-0.00013354289969916633
1.3089739156337459	-0.0001281521142588063
1.3139739156337455	-0.00012165678721106962
1.3189739156337454	-0.00011382813015671102
1.3239739156337453	-0.00010438980316934572
1.328973915633745	-9.300811025478053e-5
1.333973915633745	-7.928022737842158e-5
1.3389739156337446	-6.272009456059747e-5
1.3439739156337445	-4.274154647726918e-5
1.3489739156337441	-1.863819558382998e-5
1.353973915633744	1.0440479342698541e-5
1.358973915633744	4.551744363470566e-5
1.3639739156337436	8.782146703846588e-5
1.3689739156337435	0.0001388262100516296
1.3739739156337432	0.00020029570157176693
1.378973915633743	0.0002743368054413094
1.3839739156337427	0.00036345912151047015
1.3879804367253072	0.0004479255303516882
1.3919869578168715	0.0005455945500907344
1.395993478908436	0.0006586643099410847
1.4	0.0007894485786586317
