0.0006999999999999628	-0.00015948263990689116
0.001403500000000035	-0.00015947663317042397
0.0021105174999999296	-0.00015947540922203046
0.0028210700874998964	-0.00015947422692407626
0.003535175437937438	-0.00015947303775848073
0.004252851315127062	-0.0001594718411435665
0.004974115571702636	-0.00015947063701645276
0.005698986149561044	-0.00015946942532025495
0.006427481080308875	-0.00015946820599800903
0.007159618485710418	-0.00015946697899261948
0.007895416578138905	-0.0001594657442465868
0.008634893661029494	-0.00015946450170206683
0.00937806812933463	-0.00015946325130088138
0.010124958469981361	-0.00015946199298434098
0.010875583262331262	-0.00015946072669337612
0.01162996117864295	-0.0001594594523684366
0.012388110984536127	-0.000159458169949605
0.013150051539458866	-0.00015945687937623105
0.013915801797156208	-0.00015945558058750288
0.014685380806142003	-0.0001594542735218528
0.015458807710172712	-0.00015945295811732813
0.01623610174872358	-0.0001594516343114505
0.017017282257467212	-0.00015945030204112684
0.017802368668754516	-0.00015944896124276463
0.01859138051209827	-0.00015944761185220866
0.019384337414658823	-0.00015944625380489232
0.020181259101732015	-0.00015944488703553838
0.020982165397240727	-0.00015944351147830242
0.02178707622422691	-0.0001594421270668273
0.02259601160534814	-0.00015944073373418388
0.02340899166337483	-0.00015943933141279664
0.024226036621691812	-0.00015943792003451088
0.02504716680480027	-0.00015943649953064035
0.025872402638824326	-0.00015943506983171306
0.02670176465201842	-0.00015943363086797627
0.02753527347527842	-0.00015943218256861446
0.028372949842654864	-0.00015943072486251383
0.0292148145918682	-0.00015942925767777682
0.03006088866482743	-0.00015942778094193015
0.03091119310815165	-0.00015942629458185238
0.0317657490736924	-0.00015942479852357416
0.03262457781906081	-0.00015942329269272196
0.03348770070815601	-0.00015942177701420518
0.034355139211696875	-0.00015942025141203154
0.035226914907755424	-0.00015941871580982085
0.03610304948229413	-0.00015941717013027147
0.03698356472970569	-0.00015941561429545022
0.03786848255335419	-0.00015941404822684792
0.038757824966120964	-0.00015941247184491497
0.03965161409095162	-0.00015941088506976484
0.04054987216140643	-0.00015940928782051162
0.04145262152221345	-0.00015940768001545814
0.04235988462982453	-0.0001594060615725863
0.04327168405297366	-0.0001594044324085495
0.0441880424732386	-0.00015940279243966811
0.04510898268560485	-0.00015940114158126552
0.046034527599032954	-0.0001593994797480828
0.04696470023702812	-0.00015939780685375032
0.04789952373821329	-0.0001593961228114279
0.048839021356904266	-0.00015939442753316036
0.04978321646368884	-0.00015939272093047944
0.05073213254600732	-0.00015939100291390582
0.05168579320873729	-0.00015938927339312367
0.052644222174780875	-0.0001593875322770102
0.05360744328565471	-0.00015938577947365785
0.054575480502083065	-0.0001593840148901433
0.055548357904593434	-0.0001593822384327223
0.056526099694116344	-0.0001593804500068831
0.0575087301925869	-0.00015937864951700637
0.05849627384354973	-0.00015937683686674384
0.05948875521276744	-0.00015937501195887802
0.06048619898883127	-0.00015937317469492636
0.061488629983775384	-0.00015937132497594335
0.06249607313369419	-0.00015936946270167236
0.06350855349936275	-0.00015936758777103095
0.06452609626685958	-0.00015936570008201695
0.06554872674819387	-0.00015936379953156214
0.06657647038193484	-0.00015936188601564443
0.06760935273384447	-0.00015935995942927255
0.06864739949751365	-0.00015935801966643402
0.0696906364950013	-0.00015935606661998046
0.07073908967747639	-0.0001593541001819262
0.07179278512586384	-0.00015935212024301146
0.07285174905149322	-0.00015935012669312916
0.0739160077967507	-0.00015934811942097354
0.07498558783573436	-0.00015934609831409343
0.07606051577491299	-0.00015934406325920108
0.07714081835378758	-0.00015934201414169466
0.07822652244555647	-0.0001593399508457313
0.07931765505778425	-0.00015933787325459397
0.0804142433330731	-0.00015933578125031304
0.08151631454973848	-0.00015933367471370136
0.08262389612248718	-0.00015933155352444538
0.0837370156030995	-0.00015932941756101
0.0848557006811149	-0.0001593272667007177
0.0859799791845205	-0.00015932510081964144
0.08710987908044313	-0.00015932291979250013
0.08824542847584534	-0.00015932072349291324
0.08938665561822454	-0.00015931851179319233
0.09053358889631567	-0.0001593162845643428
0.09168625684079722	-0.00015931404167611238
0.09284468812500112	-0.00015931178299685028
0.09400891156562617	-0.00015930950839369496
0.0951789561234543	-0.00015930721773237057
0.09635485090407148	-0.00015930491087714986
0.09753662515859184	-0.0001593025876910846
0.0987243082843847	-0.00015930024803581817
0.09991792982580656	-0.00015929789177138672
0.10111751947493569	-0.00015929551875661167
0.10232310707231031	-0.0001592931288487497
0.1035347226076718	-0.0001592907219035781
0.10475239622071016	-0.00015928829777541443
0.10597615820181366	-0.00015928585631716792
0.10720603899282274	-0.00015928339738001846
0.10844206918778684	-0.00015928092081364675
0.10968427953372567	-0.00015927842646631284
0.1109327009313943	-0.00015927591418453437
0.11218736443605135	-0.00015927338381327438
0.11344830125823162	-0.0001592708351958447
0.11471554276452282	-0.0001592682681738582
0.11598912047834534	-0.00015926568258743868
0.11726906608073695	-0.00015926307827471403
0.11855541141114062	-0.00015926045507233102
0.11984818846819621	-0.0001592578128149989
0.12114742941053713	-0.0001592551513359615
0.12245316655758978	-0.00015925247046622032
0.1237654323903777	-0.00015924977003532961
0.12508425955232963	-0.0001592470498708637
0.12640968085009122	-0.0001592443097984711
0.1277417292543416	-0.00015924154964195604
0.1290804379006133	-0.00015923876922318894
0.13042584009011637	-0.0001592359683621062
0.1317779692905669	-0.00015923314687665764
0.13313685913701961	-0.00015923030458273176
0.13450254343270476	-0.0001592274412941398
0.13587505614986833	-0.00015922455682286637
0.13725443143061763	-0.00015922165097851008
0.13864070358777073	-0.0001592187235686382
0.14003390710570945	-0.00015921577439871566
0.14143407664123803	-0.00015921280327187913
0.1428412470244442	-0.0001592098099891786
0.1442554532595664	-0.0001592067943493891
0.14567673052586416	-0.00015920375614883814
0.1471051141784935	-0.00015920069518164954
0.14854063974938603	-0.0001591976112395782
0.149983342948133	-0.00015919450411191932
0.15143325966287374	-0.00015919137358552006
0.15289042596118813	-0.00015918821944485359
0.15435487809099402	-0.0001591850414717218
0.15582665248144906	-0.0001591818394454968
0.1573057857438562	-0.00015917861314287997
0.15879231467257537	-0.0001591753623378978
0.16028627624593816	-0.00015917208680202733
0.16178770762716785	-0.00015916878630376923
0.16329664616530362	-0.00015916546060918527
0.16481312939613008	-0.00015916210948123435
0.1663371950431107	-0.00015915873268019295
0.16786888101832628	-0.00015915532996327593
0.1694082254234178	-0.0001591519010848646
0.1709552665505349	-0.00015914844579621338
0.17251004288328747	-0.0001591449638456582
0.17407259309770393	-0.00015914145497832884
0.17564295606319252	-0.00015913791893616653
0.17722117084350858	-0.00015913435545789992
0.17880727669772617	-0.00015913076427913795
0.18040131308121476	-0.00015912714513193122
0.18200331964662084	-0.00015912349774500355
0.18361333624485401	-0.00015911982184374501
0.18523140292607826	-0.00015911611714994586
0.18685755994070874	-0.00015911238338178228
0.1884918477404122	-0.00015910862025389475
0.19013430697911424	-0.00015910482747710883
0.1917849785140098	-0.00015910100475860888
0.19344390340657974	-0.00015909715180167946
0.19511112292361268	-0.00015909326830563004
0.1967866785382308	-0.00015908935396588854
0.19847061193092203	-0.00015908540847389506
0.20016296499057665	-0.00015908143151676675
0.20186377981552947	-0.00015907742277755988
0.2035730987146071	-0.0001590733819350244
0.20529096420818022	-0.00015906930866362444
0.20701741902922113	-0.00015906520263316292
0.20875250612436722	-0.00015906106350921772
0.210496268654989	-0.00015905689095250215
0.21224874999826396	-0.00015905268461910676
0.21400999374825516	-0.0001590484441604432
0.21578004371699644	-0.00015904416922290812
0.21755894393558148	-0.00015903985944800046
0.2193467386552594	-0.00015903551447204642
0.22114347234853576	-0.00015903113392628894
0.22294918971027836	-0.00015902671743674973
0.2247639356588297	-0.00015902226462391836
0.2265877553371239	-0.00015901777510298439
0.2284206941138094	-0.0001590132484833515
0.23026279758437848	-0.00015900868436884467
0.23211411157230027	-0.0001590040823574316
0.23397468213016168	-0.00015899944204120586
0.23584455554081238	-0.00015899476300607046
0.23772377831851643	-0.00015899004483190056
0.23961239721010893	-0.0001589852870921869
0.24151045919615952	-0.0001589804893539484
0.24341801149214037	-0.00015897565117773804
0.24533510154960114	-0.00015897077211739642
0.24726177705734917	-0.00015896585171984302
0.24919808594263576	-0.00015896088952496737
0.251144076372349	-0.000158955885065843
0.2530997967542107	-0.0001589508378677446
0.2550652957379817	-0.0001589457474490816
0.2570406222166717	-0.0001589406133202577
0.2590258253277551	-0.00015893543498407957
0.26102095445439405	-0.00015893021193555358
0.2630260592266659	-0.0001589249436613321
0.2650411895227993	-0.00015891962964000936
0.2670663954704134	-0.00015891426934171754
0.26910172744776534	-0.000158908862227901
0.27114723608500396	-0.00015890340775122464
0.27320297226542917	-0.00015889790535545786
0.27526898712675635	-0.00015889235447498224
0.27734533206239	-0.00015888675453493265
0.2794320587227019	-0.00015888110495081224
0.2815292190163153	-0.0001588754051282529
0.2836368651113967	-0.0001588696544628787
0.28575504943695385	-0.00015886385234008333
0.28788382468413853	-0.00015885799813470609
0.29002324380755934	-0.0001588520912108884
0.29217336002659705	-0.00015884613092194327
0.29433422682673016	-0.0001588401166096897
0.29650589796086374	-0.00015883404760468826
0.29868842745066804	-0.00015882792322573106
0.30088186958792124	-0.00015882174277952153
0.3030862789358609	-0.00015881550556055824
0.30530171033054027	-0.00015880921085090327
0.307528218882193	-0.0001588028579194773
0.30976585997660405	-0.0001587964460222976
0.312014689276487	-0.00015878997440183068
0.31427476272286925	-0.00015878344228681146
0.3165461365364837	-0.00015877684889182875
0.3188288672191662	-0.00015877019341709554
0.32112301155526213	-0.00015876347504803959
0.32342862661303834	-0.00015875669295500243
0.3257457697461036	-0.00015874984629273334
0.32807449859483384	-0.00015874293420027212
0.3304148710878078	-0.00015873595580045193
0.33276694544324686	-0.0001587289101992867
0.33513078017046305	-0.000158721796485991
0.33750643407131514	-0.00015871461373218477
0.3398939662416715	-0.0001587073609918047
0.3422934360728799	-0.00015870003730019688
0.34470490325324404	-0.00015869264167428575
0.3471284277695101	-0.00015868517311154413
0.34956406990835764	-0.00015867763058995433
0.3520118902578995	-0.000158670013067092
0.354471949709189	-0.00015866231948012327
0.3569443094577349	-0.00015865454874470022
0.3594290310050235	-0.00015864669975504777
0.3619261761600484	-0.0001586387713829422
0.3644358070408486	-0.00015863076247731435
0.36695798607605284	-0.00015862267186368158
0.36949277600643327	-0.00015861449834358483
0.37204023988646523	-0.00015860624069380489
0.3746004410858973	-0.00015859789766591573
0.3771734432913268	-0.00015858946798553045
0.3797593105077832	-0.00015858095035159155
0.3823581070603219	-0.00015857234343588008
0.38496989759562367	-0.0001585636458819362
0.3875947470836016	-0.00015855485630468042
0.3902327208190196	-0.00015854597328937513
0.3928838844231145	-0.00015853699539104208
0.39554830384522993	-0.00015852792113355235
0.3982260453644561	-0.0001585187490087352
0.4009171755912785	-0.00015850947747572214
0.40362176146923495	-0.00015850010495970312
0.40633987027658097	-0.0001584906298514531
0.4090715696279639	-0.0001584810505059187
0.4118169274761037	-0.000158471365241634
0.4145760121134843	-0.00015846157233939646
0.4173488921740515	-0.0001584516700414669
0.4201356366349219	-0.00015844165655036222
0.42293631481809635	-0.0001584315300277081
0.4257509963921868	-0.00015842128859312247
0.42857975137414767	-0.0001584109303231854
0.43142265013101855	-0.00015840045324985272
0.43427976338167373	-0.00015838985535951807
0.43715116219858224	-0.00015837913459149046
0.44003691800957523	-0.0001583682888367011
0.44293710259962304	-0.00015835731593638646
0.4458517881126211	-0.00015834621368043236
0.44878104705318417	-0.00015833497980601518
0.45172495228844983	-0.00015832361199589123
0.45468357704989204	-0.0001583121078770788
0.4576569949351413	-0.00015830046501872036
0.46064527990981685	-0.00015828868093082594
0.4636485063093658	-0.0001582767530621039
0.4666667488409128	-0.00015826467879831956
0.4697000825851173	-0.00015825245546025382
0.4727485829980427	-0.000158240080301719
0.47581232591303285	-0.00015822755050753476
0.478891387542598	-0.0001582148631913299
0.48198584448031084	-0.00015820201539326536
0.4850957737027124	-0.0001581890040777687
0.48822125257122595	-0.00015817582613124865
0.49136235883408197	-0.00015816247835934253
0.4945191706282523	-0.00015814895748444098
0.4976917664813935	-0.000158135260143218
0.5008802253138004	-0.00015812138288338738
0.5040846264403696	-0.00015810732216112105
0.5073050495725715	-0.00015809307433812896
0.5105415748204343	-0.0001580786356780813
0.5137942826945365	-0.00015806400234386192
0.517063254108009	-0.00015804917039376413
0.5203485703785492	-0.00015803413577828956
0.5236503132304419	-0.00015801889433629193
0.5269685647965939	-0.00015800344179115939
0.5303034076205766	-0.00015798777374705197
0.5336549246586795	-0.0001579718856844938
0.5370231992819728	-0.00015795577295624587
0.5404083152783826	-0.00015793943078283687
0.5438103568547747	-0.0001579228542479087
0.5472294086390483	-0.00015790603829317793
0.5506655556822436	-0.0001578889777136366
0.5541188834606549	-0.00015787166715214767
0.5575894778779582	-0.0001578541010939516
0.5610774252673477	-0.00015783627386089843
0.5645828123936844	-0.0001578181796056228
0.5681057264556525	-0.00015779981230509875
0.5716462550879309	-0.00015778116575431542
0.5752044863633705	-0.00015776223355940116
0.5787805087951873	-0.00015774300913045202
0.5823744113391631	-0.00015772348567431397
0.5859862833958588	-0.00015770365618667198
0.5896162148128381	-0.00015768351344410235
0.5932642958869024	-0.00015766304999542362
0.5969306173663369	-0.00015764225815308899
0.6006152704531684	-0.00015762112998385193
0.6043183468054344	-0.00015759965729888448
0.6080399385394615	-0.0001575778316440593
0.6117801382321587	-0.00015755564428912057
0.6155390389233192	-0.00015753308621644908
0.6193167341179359	-0.00015751014810971988
0.6231133177885255	-0.00015748682034158132
0.6269288843774683	-0.00015746309296080785
0.6307635287993556	-0.00015743895567904955
0.6346173464433522	-0.0001574143978566886
0.6384904331755688	-0.00015738940848819937
0.6423828853414466	-0.000157363976186386
0.6462947997681537	-0.00015733808916646455
0.6502262737669944	-0.00015731173522866296
0.6541774051358293	-0.00015728490174060845
0.6581482921615082	-0.0001572575756179116
0.6621390336223156	-0.00015722974330478
0.6661497287904271	-0.0001572013907527849
0.6701804774343789	-0.00015717250339887385
0.6742313798215507	-0.00015714306614213677
0.6783025367206585	-0.00015711306331920856
0.682394049404262	-0.00015708247867843607
0.6865060196512833	-0.0001570512953524694
0.6906385497495399	-0.00015701949582965953
0.6947917424982876	-0.00015698706192276965
0.6989657012107791	-0.00015695397473750855
0.7031605297168331	-0.00015692021463746086
0.7073763323654171	-0.00015688576120799326
0.7116132140272443	-0.00015685059321751785
0.7158712800973803	-0.0001568146885761139
0.7201506364978669	-0.0001567780242918063
0.724451389680356	-0.0001567405764236591
0.7287736466287575	-0.00015670232003147345
0.7331175148619014	-0.00015666322912222244
0.737483102436211	-0.00015662327659236573
0.7418705179483918	-0.00015658243416567425
0.7462798705381338	-0.00015654067232627022
0.7507112698908246	-0.00015649796024623782
0.7551648262402787	-0.00015645426570689373
0.7596406503714802	-0.000156409555013375
0.7641388536233378	-0.0001563637929011663
0.7686595478914543	-0.00015631694243426744
0.7732028456309116	-0.00015626896489267204
0.777768859859066	-0.00015621981964892727
0.7823577041583611	-0.00015616946403145394
0.7869694926791531	-0.0001561178531732225
0.7916043401425489	-0.00015606493984302182
0.7962623618432616	-0.00015601067425729612
0.8009436736524779	-0.00015595500387020507
0.8056483920207402	-0.00015589787313678808
0.8103766339808439	-0.00015583922324775398
0.8151285171507483	-0.00015577899182983083
0.8199041597365018	-0.00015571711260762005
0.8247036805351844	-0.000155653515020616
0.8295271989378604	-0.00015558812378940883
0.8343748349325497	-0.0001555208584242322
0.8392467091072124	-0.00015545163266597633
0.8441429426527486	-0.0001553803538527756
0.8490636573660123	-0.00015530692219923532
0.8540089756528424	-0.0001552312299787382
0.8589790205311068	-0.00015515316059452268
0.8639739156337622	-0.00015507258752488654
0.868973915633762	-0.00015498970186712815
0.8739739156337618	-0.00015490447638039878
0.8789739156337616	-0.0001548167904070737
0.8839739156337615	-0.0001547265111179407
0.8889739156337613	-0.00015463349365086814
0.893973915633761	-0.00015453757979092846
0.8989739156337608	-0.00015443859650399525
0.9039739156337606	-0.00015433635431045926
0.9089739156337604	-0.00015423064547809366
0.9139739156337602	-0.00015412124201027405
0.91897391563376	-0.0001540078933991576
0.9239739156337599	-0.0001538903241103161
0.9289739156337596	-0.00015376823075698254
0.9339739156337594	-0.00015364127891501602
0.9389739156337592	-0.00015350909952165106
0.943973915633759	-0.00015337128478986752
0.9489739156337588	-0.00015322738355970898
0.9539739156337586	-0.0001530768959928912
0.9589739156337583	-0.00015291926750194776
0.9639739156337582	-0.00015275388178696015
0.968973915633758	-0.0001525800528290847
0.9739739156337578	-0.00015239701566575382
0.9789739156337576	-0.00015220391574172014
0.9839739156337574	-0.0001519997965920622
0.9889739156337571	-0.00015178358557166105
0.9939739156337569	-0.00015155407729360915
0.9989739156337567	-0.00015130991437809396
1.0039739156337566	-0.0001510495650395992
1.0089739156337563	-0.00015077129695590568
1.0139739156337562	-0.0001504731467575321
1.0189739156337558	-0.00015015288435438524
1.0239739156337557	-0.00014980797117286268
1.0289739156337556	-0.00014943551119965212
1.0339739156337553	-0.00014903219352684676
1.0389739156337552	-0.0001485942248454107
1.0439739156337549	-0.0001481172500434107
1.0489739156337547	-0.00014759625872000985
1.0539739156337544	-0.00014702547501372343
1.0589739156337543	-0.00014639822765567483
1.0639739156337542	-0.0001457067965772366
1.0689739156337539	-0.00014494223171669077
1.0739739156337538	-0.00014409413885364822
1.0789739156337534	-0.00014315042634364085
1.0839739156337533	-0.0001420970054887987
1.088973915633753	-0.00014091743595764429
1.093973915633753	-0.00013959250610521418
1.0989739156337526	-0.00013809973623159314
1.1039739156337525	-0.00013641279070284907
1.1089739156337524	-0.00013450078241978062
1.113973915633752	-0.00013232745031598736
1.118973915633752	-0.0001298501873685507
1.1239739156337516	-0.00012701889299476712
1.1289739156337515	-0.00012377461968261056
1.1339739156337512	-0.0001200479792788721
1.138973915633751	-0.00011575726961193301
1.143973915633751	-0.00011080627716660654
1.1489739156337506	-0.00010508170658429419
1.1539739156337505	-9.845018314461736e-5
1.1589739156337502	-9.075477058903855e-5
1.16397391563375	-8.181094435080485e-5
1.1689739156337497	-7.140196037668455e-5
1.1739739156337496	-5.927356345469101e-5
1.1789739156337493	-4.512798774605645e-5
1.1839739156337492	-2.86172177482294e-5
1.187980436725312	-1.34067792582335e-5
1.1919869578168745	3.8185860503129035e-6
1.1959934789084372	2.3329803390466054e-5
1.2	4.5429017356718454e-5
