0.0006999999999999628	-0.00017607966889445062
0.001403500000000035	-0.00017607109279857324
0.0021105174999999296	-0.00017606916165350593
0.0028210700874998964	-0.0001760673010533432
0.003535175437937438	-0.00017606543038144136
0.004252851315127062	-0.00017606354848082335
0.004974115571702636	-0.00017606165525320834
0.005698986149561044	-0.00017605975061598577
0.006427481080308875	-0.00017605783448676856
0.007159618485710418	-0.0001760559067826908
0.007895416578138905	-0.00017605396742086934
0.008634893661029494	-0.00017605201631775688
0.00937806812933463	-0.00017605005338937923
0.010124958469981361	-0.00017604807855118438
0.010875583262331262	-0.00017604609171815088
0.01162996117864295	-0.00017604409280444968
0.012388110984536127	-0.0001760420817237663
0.013150051539458866	-0.0001760400583890965
0.013915801797156208	-0.0001760380227127902
0.014685380806142003	-0.0001760359746063919
0.015458807710172712	-0.00017603391398085083
0.01623610174872358	-0.0001760318407463301
0.017017282257467212	-0.00017602975481224487
0.017802368668754516	-0.0001760276560873084
0.01859138051209827	-0.00017602554447946573
0.019384337414658823	-0.00017602341989576996
0.020181259101732015	-0.0001760212822426642
0.020982165397240727	-0.0001760191314256171
0.02178707622422691	-0.00017601696734944735
0.02259601160534814	-0.00017601478991792043
0.02340899166337483	-0.0001760125990342686
0.024226036621691812	-0.0001760103946006277
0.02504716680480027	-0.00017600817651842313
0.025872402638824326	-0.00017600594468806976
0.02670176465201842	-0.0001760036990092327
0.02753527347527842	-0.00017600143938064153
0.028372949842654864	-0.00017599916570014187
0.0292148145918682	-0.00017599687786463367
0.03006088866482743	-0.00017599457577004035
0.03091119310815165	-0.00017599225931149237
0.0317657490736924	-0.0001759899283830621
0.03262457781906081	-0.00017598758287785878
0.03348770070815601	-0.00017598522268805344
0.034355139211696875	-0.0001759828477048913
0.035226914907755424	-0.00017598045781848555
0.03610304948229413	-0.000175978052918082
0.03698356472970569	-0.00017597563289181676
0.03786848255335419	-0.00017597319762685353
0.038757824966120964	-0.00017597074700924646
0.03965161409095162	-0.00017596828092401003
0.04054987216140643	-0.00017596579925509243
0.04145262152221345	-0.0001759633018855047
0.04235988462982453	-0.00017596078869692083
0.04327168405297366	-0.00017595825957005538
0.0441880424732386	-0.0001759557143844612
0.04510898268560485	-0.00017595315301852243
0.046034527599032954	-0.00017595057534953805
0.04696470023702812	-0.00017594798125363344
0.04789952373821329	-0.00017594537060573056
0.048839021356904266	-0.0001759427432795053
0.04978321646368884	-0.0001759400991474956
0.05073213254600732	-0.00017593743808108346
0.05168579320873729	-0.00017593475995032076
0.052644222174780875	-0.00017593206462392024
0.05360744328565471	-0.00017592935196952952
0.054575480502083065	-0.00017592662185341414
0.055548357904593434	-0.00017592387414050074
0.056526099694116344	-0.0001759211086944313
0.0575087301925869	-0.000175918325377511
0.05849627384354973	-0.0001759155240507675
0.05948875521276744	-0.00017591270457373051
0.06048619898883127	-0.00017590986680469706
0.061488629983775384	-0.0001759070106003984
0.06249607313369419	-0.00017590413581624253
0.06350855349936275	-0.00017590124230616795
0.06452609626685958	-0.00017589832992275734
0.06554872674819387	-0.00017589539851702423
0.06657647038193484	-0.0001758924479383837
0.06760935273384447	-0.0001758894780350098
0.06864739949751365	-0.0001758864886533121
0.0696906364950013	-0.00017588347963830455
0.07073908967747639	-0.00017588045083319733
0.07179278512586384	-0.00017587740207991947
0.07285174905149322	-0.00017587433321860477
0.0739160077967507	-0.00017587124408769648
0.07498558783573436	-0.00017586813452411668
0.07606051577491299	-0.00017586500436306634
0.07714081835378758	-0.00017586185343803127
0.07822652244555647	-0.000175858681580787
0.07931765505778425	-0.00017585548862133373
0.0804142433330731	-0.00017585227438794083
0.08151631454973848	-0.00017584903870706392
0.08262389612248718	-0.00017584578140339964
0.0837370156030995	-0.0001758425022997318
0.0848557006811149	-0.00017583920121692925
0.0859799791845205	-0.00017583587797415673
0.08710987908044313	-0.00017583253238841396
0.08824542847584534	-0.00017582916427501686
0.08938665561822454	-0.00017582577344708695
0.09053358889631567	-0.0001758223597159107
0.09168625684079722	-0.00017581892289068524
0.09284468812500112	-0.00017581546277848522
0.09400891156562617	-0.00017581197918448027
0.0951789561234543	-0.0001758084719115623
0.09635485090407148	-0.00017580494076056317
0.09753662515859184	-0.0001758013855301517
0.0987243082843847	-0.0001757978060167703
0.09991792982580656	-0.00017579420201462755
0.10111751947493569	-0.00017579057331571654
0.10232310707231031	-0.00017578691970968305
0.1035347226076718	-0.0001757832409838684
0.10475239622071016	-0.00017577953692327953
0.10597615820181366	-0.00017577580731048618
0.10720603899282274	-0.00017577205192564004
0.10844206918778684	-0.00017576827054648826
0.10968427953372567	-0.00017576446294819044
0.1109327009313943	-0.00017576062890344764
0.11218736443605135	-0.00017575676818239657
0.11344830125823162	-0.00017575288055247907
0.11471554276452282	-0.00017574896577857995
0.11598912047834534	-0.00017574502362286402
0.11726906608073695	-0.00017574105384476178
0.11855541141114062	-0.00017573705620093353
0.11984818846819621	-0.00017573303044530366
0.12114742941053713	-0.0001757289763289387
0.12245316655758978	-0.0001757248935998955
0.1237654323903777	-0.00017572078200343177
0.12508425955232963	-0.00017571664128178825
0.12640968085009122	-0.0001757124711741433
0.1277417292543416	-0.00017570827141670812
0.1290804379006133	-0.0001757040417425161
0.13042584009011637	-0.00017569978188138564
0.1317779692905669	-0.00017569549156002605
0.13313685913701961	-0.00017569117050195542
0.13450254343270476	-0.0001756868184271843
0.13587505614986833	-0.00017568243505245104
0.13725443143061763	-0.00017567802009123442
0.13864070358777073	-0.00017567357325330338
0.14003390710570945	-0.00017566909424509736
0.14143407664123803	-0.00017566458276941052
0.1428412470244442	-0.00017566003852536837
0.1442554532595664	-0.0001756554612086011
0.14567673052586416	-0.0001756508505108039
0.1471051141784935	-0.00017564620611993005
0.14854063974938603	-0.00017564152772011295
0.149983342948133	-0.00017563681499154543
0.15143325966287374	-0.00017563206761036138
0.15289042596118813	-0.00017562728524885622
0.15435487809099402	-0.0001756224675749432
0.15582665248144906	-0.00017561761425263257
0.1573057857438562	-0.0001756127249415018
0.15879231467257537	-0.00017560779929688317
0.16028627624593816	-0.00017560283696972206
0.16178770762716785	-0.00017559783760645194
0.16329664616530362	-0.00017559280084905737
0.16481312939613008	-0.00017558772633491653
0.1663371950431107	-0.00017558261369671235
0.16786888101832628	-0.0001755774625623985
0.1694082254234178	-0.00017557227255508135
0.1709552665505349	-0.00017556704329287678
0.17251004288328747	-0.00017556177438903827
0.17407259309770393	-0.00017555646545167058
0.17564295606319252	-0.00017555111608372786
0.17722117084350858	-0.0001755457258829168
0.17880727669772617	-0.0001755402944416341
0.18040131308121476	-0.00017553482134674477
0.18200331964662084	-0.0001755293061796763
0.18361333624485401	-0.00017552374851632848
0.18523140292607826	-0.00017551814792665017
0.18685755994070874	-0.00017551250397501304
0.1884918477404122	-0.00017550681621971345
0.19013430697911424	-0.0001755010842132436
0.1917849785140098	-0.00017549530750166932
0.19344390340657974	-0.00017548948562508374
0.19511112292361268	-0.00017548361811718538
0.1967866785382308	-0.00017547770450513985
0.19847061193092203	-0.000175471744309716
0.20016296499057665	-0.00017546573704485972
0.20186377981552947	-0.00017545968221777754
0.2035730987146071	-0.00017545357932883523
0.20529096420818022	-0.0001754474278711854
0.20701741902922113	-0.00017544122733103386
0.20875250612436722	-0.00017543497718717043
0.210496268654989	-0.0001754286769109076
0.21224874999826396	-0.0001754223259661573
0.21400999374825516	-0.000175415923809014
0.21578004371699644	-0.0001754094698877805
0.21755894393558148	-0.00017540296364277765
0.2193467386552594	-0.00017539640450614754
0.22114347234853576	-0.00017538979190187854
0.22294918971027836	-0.0001753831252454163
0.2247639356588297	-0.0001753764039436723
0.2265877553371239	-0.00017536962739479617
0.2284206941138094	-0.00017536279498805234
0.23026279758437848	-0.00017535590610351956
0.23211411157230027	-0.00017534896011217098
0.23397468213016168	-0.00017534195637549136
0.23584455554081238	-0.00017533489424535458
0.23772377831851643	-0.00017532777306387447
0.23961239721010893	-0.00017532059216314555
0.24151045919615952	-0.0001753133508651242
0.24341801149214037	-0.00017530604848141486
0.24533510154960114	-0.00017529868431300822
0.24726177705734917	-0.0001752912576502293
0.24919808594263576	-0.00017528376777230326
0.251144076372349	-0.0001752762139473673
0.2530997967542107	-0.00017526859543197474
0.2550652957379817	-0.00017526091147129484
0.2570406222166717	-0.000175253161298345
0.2590258253277551	-0.00017524534413424774
0.26102095445439405	-0.0001752374591876637
0.2630260592266659	-0.00017522950565473195
0.2650411895227993	-0.00017522148271866984
0.2670663954704134	-0.00017521338954962993
0.26910172744776534	-0.0001752052253042683
0.27114723608500396	-0.00017519698912579686
0.27320297226542917	-0.00017518868014336497
0.27526898712675635	-0.00017518029747185933
0.27734533206239	-0.0001751718402117911
0.2794320587227019	-0.00017516330744874524
0.2815292190163153	-0.0001751546982532279
0.2836368651113967	-0.0001751460116803595
0.28575504943695385	-0.00017513724676935721
0.28788382468413853	-0.0001751284025434904
0.29002324380755934	-0.00017511947800957837
0.29217336002659705	-0.00017511047215749398
0.29433422682673016	-0.00017510138396027275
0.29650589796086374	-0.00017509221237312393
0.29868842745066804	-0.0001750829563335363
0.30088186958792124	-0.00017507361476076027
0.3030862789358609	-0.00017506418655520868
0.30530171033054027	-0.00017505467059843172
0.307528218882193	-0.00017504506575237937
0.30976585997660405	-0.00017503537085898583
0.312014689276487	-0.0001750255847400482
0.31427476272286925	-0.00017501570619628002
0.3165461365364837	-0.00017500573400735693
0.3188288672191662	-0.00017499566693105777
0.32112301155526213	-0.0001749855037029912
0.32342862661303834	-0.00017497524303593725
0.3257457697461036	-0.0001749648836194602
0.32807449859483384	-0.00017495442411936038
0.3304148710878078	-0.00017494386317703015
0.33276694544324686	-0.00017493319940905857
0.33513078017046305	-0.00017492243140646726
0.33750643407131514	-0.00017491155773421705
0.3398939662416715	-0.00017490057693068868
0.3422934360728799	-0.00017488948750688858
0.34470490325324404	-0.00017487828794593603
0.3471284277695101	-0.0001748669767022715
0.34956406990835764	-0.0001748555522010824
0.3520118902578995	-0.00017484401283761355
0.354471949709189	-0.00017483235697636796
0.3569443094577349	-0.0001748205829504697
0.3594290310050235	-0.00017480868906072464
0.3619261761600484	-0.00017479667357508022
0.3644358070408486	-0.00017478453472762414
0.36695798607605284	-0.0001747722707178048
0.36949277600643327	-0.0001747598797096573
0.37204023988646523	-0.0001747473598307679
0.3746004410858973	-0.00017473470917157288
0.3771734432913268	-0.00017472192578421334
0.3797593105077832	-0.00017470900768168008
0.3823581070603219	-0.00017469595283680072
0.38496989759562367	-0.00017468275918127525
0.3875947470836016	-0.00017466942460452086
0.3902327208190196	-0.00017465594695266173
0.3928838844231145	-0.0001746423240273942
0.39554830384522993	-0.0001746285535847314
0.3982260453644561	-0.00017461463333404031
0.4009171755912785	-0.00017460056093656967
0.40362176146923495	-0.00017458633400424696
0.40633987027658097	-0.0001745719500986264
0.4090715696279639	-0.0001745574067290743
0.4118169274761037	-0.00017454270135173423
0.4145760121134843	-0.00017452783136796512
0.4173488921740515	-0.0001745127941228801
0.4201356366349219	-0.0001744975869037644
0.42293631481809635	-0.00017448220693850626
0.4257509963921868	-0.00017446665139408892
0.42857975137414767	-0.00017445091737471142
0.43142265013101855	-0.00017443500192000302
0.43427976338167373	-0.00017441890200354753
0.43715116219858224	-0.00017440261453072285
0.44003691800957523	-0.000174386136336719
0.44293710259962304	-0.00017436946418482422
0.4458517881126211	-0.00017435259476408562
0.44878104705318417	-0.00017433552468734898
0.45172495228844983	-0.00017431825048896908
0.45468357704989204	-0.00017430076862248622
0.4576569949351413	-0.00017428307545831298
0.46064527990981685	-0.00017426516728136687
0.4636485063093658	-0.00017424704028824275
0.4666667488409128	-0.00017422869058483662
0.4697000825851173	-0.00017421011418359184
0.4727485829980427	-0.0001741913070005834
0.47581232591303285	-0.0001741722648525888
0.478891387542598	-0.00017415298345408654
0.48198584448031084	-0.00017413345841419287
0.4850957737027124	-0.00017411368523315843
0.48822125257122595	-0.00017409365929915596
0.49136235883408197	-0.0001740733758848737
0.4945191706282523	-0.00017405283014357224
0.4976917664813935	-0.00017403201710536396
0.5008802253138004	-0.0001740109316736476
0.5040846264403696	-0.00017398956862039208
0.5073050495725715	-0.00017396792258250204
0.5105415748204343	-0.00017394598805696792
0.5137942826945365	-0.00017392375939658566
0.517063254108009	-0.00017390123080498787
0.5203485703785492	-0.00017387839633174385
0.5236503132304419	-0.00017385524986736394
0.5269685647965939	-0.00017383178513767164
0.5303034076205766	-0.00017380799569851726
0.5336549246586795	-0.00017378387492978308
0.5370231992819728	-0.00017375941602934685
0.5404083152783826	-0.0001737346120070178
0.5438103568547747	-0.00017370945567783273
0.5472294086390483	-0.00017368393965510923
0.5506655556822436	-0.000173658056343709
0.5541188834606549	-0.00017363179793234486
0.5575894778779582	-0.00017360515638594054
0.5610774252673477	-0.0001735781234376383
0.5645828123936844	-0.00017355069058056597
0.5681057264556525	-0.0001735228490588398
0.5716462550879309	-0.00017349458985856756
0.5752044863633705	-0.00017346590369836647
0.5787805087951873	-0.0001734367810194373
0.5823744113391631	-0.0001734072119752605
0.5859862833958588	-0.00017337718642061284
0.5896162148128381	-0.00017334669390043362
0.5932642958869024	-0.0001733157236380056
0.5969306173663369	-0.0001732842645226855
0.6006152704531684	-0.0001732523050967386
0.6043183468054344	-0.00017321983354230043
0.6080399385394615	-0.00017318683766706893
0.6117801382321587	-0.00017315330488953183
0.6155390389233192	-0.00017311922222373
0.6193167341179359	-0.0001730845762631571
0.6231133177885255	-0.000173049353163666
0.6269288843774683	-0.0001730135386262029
0.6307635287993556	-0.00017297711787800415
0.6346173464433522	-0.00017294007565348313
0.6384904331755688	-0.00017290239617381853
0.6423828853414466	-0.00017286406312585063
0.6462947997681537	-0.0001728250596397174
0.6502262737669944	-0.00017278536826579357
0.6541774051358293	-0.00017274497094983443
0.6581482921615082	-0.00017270384900767765
0.6621390336223156	-0.0001726619830982225
0.6661497287904271	-0.0001726193531952015
0.6701804774343789	-0.0001725759385574306
0.6742313798215507	-0.00017253171769799155
0.6783025367206585	-0.00017248666835119474
0.682394049404262	-0.00017244076743825053
0.6865060196512833	-0.00017239399103144605
0.6906385497495399	-0.00017234631431570552
0.6947917424982876	-0.0001722977115490251
0.6989657012107791	-0.00017224815602002186
0.7031605297168331	-0.000172197620003658
0.7073763323654171	-0.00017214607471451574
0.7116132140272443	-0.00017209349025739922
0.7158712800973803	-0.00017203983557523023
0.7201506364978669	-0.00017198507839372683
0.724451389680356	-0.00017192918516329705
0.7287736466287575	-0.00017187212099714635
0.7331175148619014	-0.00017181384960564388
0.737483102436211	-0.00017175433322649252
0.7418705179483918	-0.0001716935325506042
0.7462798705381338	-0.00017163140664258372
0.7507112698908246	-0.00017156791285611992
0.7551648262402787	-0.00017150300674295728
0.7596406503714802	-0.00017143664195476418
0.7641388536233378	-0.00017136877013795726
0.7686595478914543	-0.00017129934081897794
0.7732028456309116	-0.0001712283012803883
0.777768859859066	-0.00017115559642503632
0.7823577041583611	-0.0001710811686279892
0.7869694926791531	-0.0001710049575731179
0.7916043401425489	-0.00017092690007285548
0.7962623618432616	-0.00017084692986871523
0.8009436736524779	-0.00017076497740822736
0.8056483920207402	-0.00017068096959632796
0.8103766339808439	-0.0001705948295160208
0.8151285171507483	-0.00017050647611327634
0.8199041597365018	-0.0001704158238415995
0.8247036805351844	-0.00017032278225800434
0.8295271989378604	-0.00017022725556452536
0.8343748349325497	-0.00017012914208519342
0.8392467091072124	-0.00017002833366977185
0.8441429426527486	-0.00016992471501184046
0.8490636573660123	-0.00016981816286905835
0.8540089756528424	-0.00016970854517145688
0.8589790205311068	-0.00016959572000100823
0.8639739156337622	-0.00016947953442518054
0.868973915633762	-0.00016936029927995714
0.8739739156337618	-0.00016923800508029404
0.8789739156337616	-0.00016911251270532805
0.8839739156337615	-0.00016898367020401118
0.8889739156337613	-0.00016885131236756587
0.893973915633761	-0.0001687152592098686
0.8989739156337608	-0.00016857531428450585
0.9039739156337606	-0.0001684312628242721
0.9089739156337604	-0.0001682828696858061
0.9139739156337602	-0.00016812987707576598
0.91897391563376	-0.0001679720020338035
0.9239739156337599	-0.00016780893363843748
0.9289739156337596	-0.00016764032989733326
0.9339739156337594	-0.00016746581427474076
0.9389739156337592	-0.000167284971799297
0.943973915633759	-0.00016709734468370083
0.9489739156337588	-0.00016690242737699672
0.9539739156337586	-0.00016669966095250258
0.9589739156337583	-0.0001664884267204066
0.9639739156337582	-0.0001662680389324719
0.968973915633758	-0.00016603773642365075
0.9739739156337578	-0.00016579667300909245
0.9789739156337576	-0.00016554390642380712
0.9839739156337574	-0.0001652783855533891
0.9889739156337571	-0.00016499893566311114
0.9939739156337569	-0.00016470424127707696
0.9989739156337567	-0.00016439282630144808
1.0039739156337566	-0.0001640630309066737
1.0089739156337563	-0.00016371298460185214
1.0139739156337562	-0.00016334057482512087
1.0189739156337558	-0.00016294341025181765
1.0239739156337557	-0.00016251877787339545
1.0289739156337556	-0.0001620635927242479
1.0339739156337553	-0.00016157433892174743
1.0389739156337552	-0.00016104700043753357
1.0439739156337549	-0.0001604769797186024
1.0489739156337547	-0.00015985900192561612
1.0539739156337544	-0.00015918700213595903
1.0589739156337543	-0.00015845399236315424
1.0639739156337542	-0.00015765190465502925
1.0689739156337539	-0.00015677140583903457
1.0739739156337538	-0.00015580167866029128
1.0789739156337534	-0.00015473016309004598
1.0839739156337533	-0.00015354225044431302
1.088973915633753	-0.00015222092161657088
1.093973915633753	-0.000150746319167389
1.0989739156337526	-0.00014909524119836425
1.1039739156337525	-0.0001472405428318823
1.1089739156337524	-0.00014515042869753708
1.113973915633752	-0.00014278761706081096
1.118973915633752	-0.00014010835310229294
1.1239739156337516	-0.00013706124535927848
1.1289739156337515	-0.0001335858955016943
1.1339739156337512	-0.0001296112874718306
1.138973915633751	-0.0001250538976828276
1.143973915633751	-0.00011981548361561244
1.1489739156337506	-0.00011378050404430308
1.1539739156337505	-0.00010681312066318831
1.1589739156337502	-9.87537286400528e-5
1.16397391563375	-8.941496335695365e-5
1.1689739156337497	-7.857713330540909e-5
1.1739739156337496	-6.5983036005595e-5
1.1789739156337493	-5.133212635399108e-5
1.1839739156337492	-3.427402645019857e-5
1.187980436725312	-1.8593518563533923e-5
1.1919869578168745	-8.698723790062277e-7
1.1959934789084372	1.9167435981718255e-5
1.2	4.181910469138384e-5
