0.0006999999999999628	-0.00017250409701479553
0.001403500000000035	-0.00017249426494043876
0.0021105174999999296	-0.0001724937883266112
0.0028210700874998964	-0.00017249344102285034
0.003535175437937438	-0.00017249309344278112
0.004252851315127062	-0.00017249274374613093
0.004974115571702636	-0.00017249239188746947
0.005698986149561044	-0.0001724920378473004
0.006427481080308875	-0.00017249168160683135
0.007159618485710418	-0.00017249132314747133
0.007895416578138905	-0.00017249096245083127
0.008634893661029494	-0.00017249059949842093
0.00937806812933463	-0.0001724902342719371
0.010124958469981361	-0.00017248986675288827
0.010875583262331262	-0.00017248949692285346
0.01162996117864295	-0.00017248912476326163
0.012388110984536127	-0.00017248875025549748
0.013150051539458866	-0.00017248837338081955
0.013915801797156208	-0.0001724879941204032
0.014685380806142003	-0.00017248761245525242
0.015458807710172712	-0.00017248722836623413
0.01623610174872358	-0.00017248684183418641
0.017017282257467212	-0.0001724864528396575
0.017802368668754516	-0.00017248606136308027
0.01859138051209827	-0.00017248566738474407
0.019384337414658823	-0.00017248527088483878
0.020181259101732015	-0.00017248487184324068
0.020982165397240727	-0.00017248447023972055
0.02178707622422691	-0.0001724840660539206
0.02259601160534814	-0.00017248365926519104
0.02340899166337483	-0.00017248324985280752
0.024226036621691812	-0.00017248283779575295
0.02504716680480027	-0.00017248242307283589
0.025872402638824326	-0.00017248200566273355
0.02670176465201842	-0.00017248158554383132
0.02753527347527842	-0.00017248116269435318
0.028372949842654864	-0.00017248073709230947
0.0292148145918682	-0.00017248030871550864
0.03006088866482743	-0.00017247987754150183
0.03091119310815165	-0.00017247944354761334
0.0317657490736924	-0.0001724790067110003
0.03262457781906081	-0.00017247856700857223
0.03348770070815601	-0.00017247812441693923
0.034355139211696875	-0.0001724776789125624
0.035226914907755424	-0.00017247723047168084
0.03610304948229413	-0.00017247677907015896
0.03698356472970569	-0.00017247632468376663
0.03786848255335419	-0.00017247586728791795
0.038757824966120964	-0.00017247540685781556
0.03965161409095162	-0.0001724749433684523
0.04054987216140643	-0.00017247447679446867
0.04145262152221345	-0.00017247400711030666
0.04235988462982453	-0.00017247353429013064
0.04327168405297366	-0.0001724730583078378
0.0441880424732386	-0.00017247257913698027
0.04510898268560485	-0.00017247209675096034
0.046034527599032954	-0.00017247161112277158
0.04696470023702812	-0.00017247112222520969
0.04789952373821329	-0.00017247063003075945
0.048839021356904266	-0.000172470134511569
0.04978321646368884	-0.00017246963563954183
0.05073213254600732	-0.00017246913338624892
0.05168579320873729	-0.00017246862772295047
0.052644222174780875	-0.00017246811862061838
0.05360744328565471	-0.00017246760604990483
0.054575480502083065	-0.00017246708998113104
0.055548357904593434	-0.00017246657038426356
0.056526099694116344	-0.0001724660472289816
0.0575087301925869	-0.00017246552048465327
0.05849627384354973	-0.00017246499012024363
0.05948875521276744	-0.0001724644561044315
0.06048619898883127	-0.00017246391840549586
0.061488629983775384	-0.0001724633769913844
0.06249607313369419	-0.0001724628318297234
0.06350855349936275	-0.0001724622828876955
0.06452609626685958	-0.00017246173013220508
0.06554872674819387	-0.00017246117352968834
0.06657647038193484	-0.00017246061304628424
0.06760935273384447	-0.0001724600486476916
0.06864739949751365	-0.00017245948029927287
0.0696906364950013	-0.00017245890796591934
0.07073908967747639	-0.00017245833161218073
0.07179278512586384	-0.00017245775120217332
0.07285174905149322	-0.000172457166699586
0.0739160077967507	-0.00017245657806773756
0.07498558783573436	-0.00017245598526945949
0.07606051577491299	-0.00017245538826720177
0.07714081835378758	-0.00017245478702292553
0.07822652244555647	-0.00017245418149817367
0.07931765505778425	-0.0001724535716540174
0.0804142433330731	-0.00017245295745113646
0.08151631454973848	-0.0001724523388496484
0.08262389612248718	-0.00017245171580925527
0.0837370156030995	-0.0001724510882891838
0.0848557006811149	-0.00017245045624809566
0.0859799791845205	-0.00017244981964428672
0.08710987908044313	-0.00017244917843539903
0.08824542847584534	-0.00017244853257868822
0.08938665561822454	-0.0001724478820308558
0.09053358889631567	-0.00017244722674806135
0.09168625684079722	-0.0001724465666858978
0.09284468812500112	-0.00017244590179950033
0.09400891156562617	-0.00017244523204335563
0.0951789561234543	-0.0001724445573714793
0.09635485090407148	-0.00017244387773724925
0.09753662515859184	-0.00017244319309353459
0.0987243082843847	-0.0001724425033925485
0.09991792982580656	-0.00017244180858593512
0.10111751947493569	-0.00017244110862475875
0.10232310707231031	-0.000172440403459425
0.1035347226076718	-0.0001724396930397513
0.10475239622071016	-0.00017243897731489992
0.10597615820181366	-0.00017243825623337218
0.10720603899282274	-0.00017243752974304753
0.10844206918778684	-0.00017243679779115146
0.10968427953372567	-0.0001724360603242192
0.1109327009313943	-0.00017243531728803552
0.11218736443605135	-0.00017243456862776996
0.11344830125823162	-0.00017243381428783537
0.11471554276452282	-0.00017243305421197196
0.11598912047834534	-0.00017243228834314984
0.11726906608073695	-0.00017243151662354623
0.11855541141114062	-0.00017243073899468633
0.11984818846819621	-0.00017242995539727238
0.12114742941053713	-0.0001724291657711811
0.12245316655758978	-0.00017242837005556946
0.1237654323903777	-0.0001724275681887318
0.12508425955232963	-0.0001724267601081364
0.12640968085009122	-0.00017242594575048883
0.1277417292543416	-0.00017242512505153006
0.1290804379006133	-0.00017242429794624451
0.13042584009011637	-0.0001724234643686465
0.1317779692905669	-0.000172422624251924
0.13313685913701961	-0.00017242177752830736
0.13450254343270476	-0.00017242092412910297
0.13587505614986833	-0.00017242006398473215
0.13725443143061763	-0.0001724191970245794
0.13864070358777073	-0.00017241832317711663
0.14003390710570945	-0.00017241744236976429
0.14143407664123803	-0.0001724165545289943
0.1428412470244442	-0.00017241565958022018
0.1442554532595664	-0.00017241475744777767
0.14567673052586416	-0.0001724138480550011
0.1471051141784935	-0.0001724129313241527
0.14854063974938603	-0.00017241200717624385
0.149983342948133	-0.00017241107553137198
0.15143325966287374	-0.0001724101363083699
0.15289042596118813	-0.0001724091894249323
0.15435487809099402	-0.00017240823479756123
0.15582665248144906	-0.00017240727234158114
0.1573057857438562	-0.0001724063019710267
0.15879231467257537	-0.00017240532359881312
0.16028627624593816	-0.00017240433713644634
0.16178770762716785	-0.00017240334249418897
0.16329664616530362	-0.0001724023395809847
0.16481312939613008	-0.00017240132830447324
0.1663371950431107	-0.00017240030857087902
0.16786888101832628	-0.00017239928028501053
0.1694082254234178	-0.00017239824335035713
0.1709552665505349	-0.00017239719766880385
0.17251004288328747	-0.0001723961431409114
0.17407259309770393	-0.00017239507966570033
0.17564295606319252	-0.00017239400714058825
0.17722117084350858	-0.00017239292546152146
0.17880727669772617	-0.00017239183452279363
0.18040131308121476	-0.00017239073421715593
0.18200331964662084	-0.00017238962443563791
0.18361333624485401	-0.000172388505067601
0.18523140292607826	-0.00017238737600071613
0.18685755994070874	-0.00017238623712089482
0.1884918477404122	-0.00017238508831222973
0.19013430697911424	-0.0001723839294571172
0.1917849785140098	-0.00017238276043590582
0.19344390340657974	-0.00017238158112721142
0.19511112292361268	-0.00017238039140770727
0.1967866785382308	-0.0001723791911520147
0.19847061193092203	-0.00017237798023287263
0.20016296499057665	-0.00017237675852083026
0.20186377981552947	-0.00017237552588443805
0.2035730987146071	-0.00017237428219016697
0.20529096420818022	-0.00017237302730218257
0.20701741902922113	-0.00017237176108258104
0.20875250612436722	-0.00017237048339106324
0.210496268654989	-0.0001723691940851309
0.21224874999826396	-0.00017236789301982048
0.21400999374825516	-0.00017236658004792058
0.21578004371699644	-0.00017236525501961877
0.21755894393558148	-0.00017236391778268059
0.2193467386552594	-0.00017236256818222386
0.22114347234853576	-0.00017236120606091367
0.22294918971027836	-0.00017235983125859854
0.2247639356588297	-0.00017235844361247285
0.2265877553371239	-0.00017235704295695805
0.2284206941138094	-0.00017235562912354315
0.23026279758437848	-0.00017235420194101222
0.23211411157230027	-0.00017235276123493494
0.23397468213016168	-0.00017235130682809156
0.23584455554081238	-0.00017234983854000046
0.23772377831851643	-0.0001723483561870708
0.23961239721010893	-0.00017234685958251376
0.24151045919615952	-0.00017234534853623038
0.24341801149214037	-0.0001723438228546747
0.24533510154960114	-0.000172342282340966
0.24726177705734917	-0.00017234072679462084
0.24919808594263576	-0.00017233915601160116
0.251144076372349	-0.00017233756978410968
0.2530997967542107	-0.00017233596790067445
0.2550652957379817	-0.0001723343501458667
0.2570406222166717	-0.00017233271630043835
0.2590258253277551	-0.0001723310661409804
0.26102095445439405	-0.0001723293994400501
0.2630260592266659	-0.0001723277159659817
0.2650411895227993	-0.0001723260154827483
0.2670663954704134	-0.00017232429774989902
0.26910172744776534	-0.00017232256252256174
0.27114723608500396	-0.00017232080955111316
0.27320297226542917	-0.00017231903858122569
0.27526898712675635	-0.00017231724935384005
0.27734533206239	-0.00017231544160476185
0.2794320587227019	-0.00017231361506483844
0.2815292190163153	-0.0001723117694596554
0.2836368651113967	-0.000172309904509535
0.28575504943695385	-0.0001723080199292156
0.28788382468413853	-0.0001723061154279691
0.29002324380755934	-0.00017230419070934057
0.29217336002659705	-0.00017230224547088154
0.29433422682673016	-0.0001723002794043049
0.29650589796086374	-0.00017229829219500583
0.29868842745066804	-0.00017229628352217934
0.30088186958792124	-0.00017229425305849996
0.3030862789358609	-0.00017229220047002626
0.30530171033054027	-0.00017229012541601087
0.307528218882193	-0.00017228802754867709
0.30976585997660405	-0.00017228590651325034
0.312014689276487	-0.00017228376194744317
0.31427476272286925	-0.0001722815934815243
0.3165461365364837	-0.00017227940073810205
0.3188288672191662	-0.00017227718333181447
0.32112301155526213	-0.00017227494086911852
0.32342862661303834	-0.000172272672948222
0.3257457697461036	-0.0001722703791587883
0.32807449859483384	-0.0001722680590816018
0.3304148710878078	-0.00017226571228855144
0.33276694544324686	-0.0001722633383421685
0.33513078017046305	-0.00017226093679552213
0.33750643407131514	-0.00017225850719195117
0.3398939662416715	-0.00017225604906470485
0.3422934360728799	-0.00017225356193677864
0.34470490325324404	-0.0001722510453205386
0.3471284277695101	-0.00017224849871757522
0.34956406990835764	-0.00017224592161823742
0.3520118902578995	-0.00017224331350132008
0.354471949709189	-0.0001722406738339738
0.3569443094577349	-0.00017223800207110545
0.3594290310050235	-0.00017223529765510563
0.3619261761600484	-0.0001722325600156347
0.3644358070408486	-0.00017222978856909905
0.36695798607605284	-0.00017222698271831784
0.36949277600643327	-0.0001722241418521559
0.37204023988646523	-0.00017222126534506793
0.3746004410858973	-0.00017221835255673397
0.3771734432913268	-0.0001722154028316275
0.3797593105077832	-0.00017221241549854023
0.3823581070603219	-0.00017220938987006352
0.38496989759562367	-0.00017220632524218052
0.3875947470836016	-0.00017220322089379724
0.3902327208190196	-0.00017220007608614496
0.3928838844231145	-0.00017219689006229023
0.39554830384522993	-0.00017219366204652474
0.3982260453644561	-0.00017219039124396525
0.4009171755912785	-0.00017218707683968728
0.40362176146923495	-0.00017218371799828473
0.40633987027658097	-0.00017218031386327618
0.4090715696279639	-0.00017217686355630102
0.4118169274761037	-0.00017217336617654757
0.4145760121134843	-0.00017216982079989223
0.4173488921740515	-0.00017216622647835153
0.4201356366349219	-0.00017216258223918147
0.42293631481809635	-0.00017215888708411374
0.4257509963921868	-0.00017215513998853715
0.42857975137414767	-0.00017215133990062742
0.43142265013101855	-0.00017214748574047667
0.43427976338167373	-0.00017214357639906816
0.43715116219858224	-0.00017213961073748925
0.44003691800957523	-0.00017213558758575793
0.44293710259962304	-0.00017213150574190992
0.4458517881126211	-0.00017212736397079472
0.44878104705318417	-0.00017212316100301872
0.45172495228844983	-0.0001721188955338172
0.45468357704989204	-0.00017211456622168175
0.4576569949351413	-0.0001721101716872354
0.46064527990981685	-0.0001721057105118651
0.4636485063093658	-0.00017210118123629368
0.4666667488409128	-0.00017209658235921882
0.4697000825851173	-0.00017209191233574032
0.4727485829980427	-0.00017208716957585617
0.47581232591303285	-0.00017208235244283934
0.478891387542598	-0.00017207745925143262
0.48198584448031084	-0.00017207248826630087
0.4850957737027124	-0.00017206743769989722
0.48822125257122595	-0.00017206230571080049
0.49136235883408197	-0.00017205709040154065
0.4945191706282523	-0.00017205178981649776
0.4976917664813935	-0.00017204640193984293
0.5008802253138004	-0.00017204092469306977
0.5040846264403696	-0.00017203535593271585
0.5073050495725715	-0.00017202969344785337
0.5105415748204343	-0.00017202393495733997
0.5137942826945365	-0.00017201807810727232
0.517063254108009	-0.00017201212046793983
0.5203485703785492	-0.00017200605953084834
0.5236503132304419	-0.0001719998927056843
0.5269685647965939	-0.00017199361731701394
0.5303034076205766	-0.00017198723060058885
0.5336549246586795	-0.00017198072969998107
0.5370231992819728	-0.00017197411166272128
0.5404083152783826	-0.00017196737343620454
0.5438103568547747	-0.0001719605118636969
0.5472294086390483	-0.00017195352367983439
0.5506655556822436	-0.0001719464055059019
0.5541188834606549	-0.00017193915384529216
0.5575894778779582	-0.00017193176507809298
0.5610774252673477	-0.00017192423545593153
0.5645828123936844	-0.00017191656109633304
0.5681057264556525	-0.00017190873797672478
0.5716462550879309	-0.00017190076192829967
0.5752044863633705	-0.00017189262862938147
0.5787805087951873	-0.00017188433359843013
0.5823744113391631	-0.00017187587218695196
0.5859862833958588	-0.00017186723957174555
0.5896162148128381	-0.00017185843074673404
0.5932642958869024	-0.00017184944051442264
0.5969306173663369	-0.00017184026347678554
0.6006152704531684	-0.0001718308940260484
0.6043183468054344	-0.0001718213263341167
0.6080399385394615	-0.00017181155434237358
0.6117801382321587	-0.00017180157174995529
0.6155390389233192	-0.00017179137200216412
0.6193167341179359	-0.00017178094827752395
0.6231133177885255	-0.00017177029347454308
0.6269288843774683	-0.00017175940019733863
0.6307635287993556	-0.00017174826074059792
0.6346173464433522	-0.0001717368670735285
0.6384904331755688	-0.0001717252108227229
0.6423828853414466	-0.00017171328325403645
0.6462947997681537	-0.0001717010752533991
0.6502262737669944	-0.00017168857730603173
0.6541774051358293	-0.0001716757794747656
0.6581482921615082	-0.00017166267137642223
0.6621390336223156	-0.00017164924215699737
0.6661497287904271	-0.00017163548046488964
0.6701804774343789	-0.00017162137442247165
0.6742313798215507	-0.0001716069115955175
0.6783025367206585	-0.0001715920789602833
0.682394049404262	-0.00017157686286869847
0.6865060196512833	-0.00017156124901036786
0.6906385497495399	-0.00017154522237224946
0.6947917424982876	-0.00017152876719483623
0.6989657012107791	-0.0001715118669252945
0.7031605297168331	-0.00017149450416657137
0.7073763323654171	-0.00017147666062274956
0.7116132140272443	-0.00017145831703960866
0.7158712800973803	-0.00017143945314037294
0.7201506364978669	-0.00017142004755607332
0.724451389680356	-0.0001714000777496498
0.7287736466287575	-0.00017137951993370727
0.7331175148619014	-0.000171358348980192
0.737483102436211	-0.00017133653832273712
0.7418705179483918	-0.00017131405984860604
0.7462798705381338	-0.0001712908837813101
0.7507112698908246	-0.00017126697855117878
0.7551648262402787	-0.00017124231065283104
0.7596406503714802	-0.00017121684448869452
0.7641388536233378	-0.00017119054219538578
0.7686595478914543	-0.00017116336345198615
0.7732028456309116	-0.00017113526526745315
0.777768859859066	-0.00017110620174426666
0.7823577041583611	-0.00017107612381506238
0.7869694926791531	-0.0001710449789494667
0.7916043401425489	-0.00017101271082557438
0.7962623618432616	-0.00017097925896267103
0.8009436736524779	-0.00017094455830853834
0.8056483920207402	-0.0001709085387764149
0.8103766339808439	-0.0001708711247222318
0.8151285171507483	-0.00017083223435632712
0.8199041597365018	-0.0001707917790778807
0.8247036805351844	-0.00017074966272202582
0.8295271989378604	-0.0001707057807064887
0.8343748349325497	-0.0001706600190635512
0.8392467091072124	-0.00017061225333960832
0.8441429426527486	-0.00017056234734392817
0.8490636573660123	-0.00017051015172288368
0.8540089756528424	-0.00017045550233542938
0.8589790205311068	-0.00017039821839904447
0.8639739156337622	-0.00017033810037266541
0.868973915633762	-0.00017027518264506263
0.8739739156337618	-0.00017020932792401772
0.8789739156337616	-0.00017014031884343095
0.8839739156337615	-0.00017006791588738173
0.8889739156337613	-0.0001699918549873024
0.893973915633761	-0.0001699118446570788
0.8989739156337608	-0.0001698275627891287
0.9039739156337606	-0.000169738653073201
0.9089739156337604	-0.00016964472099488122
0.9139739156337602	-0.00016954532936620066
0.91897391563376	-0.00016943999333350864
0.9239739156337599	-0.00016932817480335737
0.9289739156337596	-0.0001692092762163915
0.9339739156337594	-0.00016908263359341453
0.9389739156337592	-0.00016894750876361272
0.943973915633759	-0.0001688030806763614
0.9489739156337588	-0.00016864843568013498
0.9539739156337586	-0.00016848255663741145
0.9589739156337583	-0.00016830431072397466
0.9639739156337582	-0.0001681124357366378
0.968973915633758	-0.00016790552470947534
0.9739739156337578	-0.00016768200860221784
0.9789739156337576	-0.00016744013679092384
0.9839739156337574	-0.0001671779550452534
0.9889739156337571	-0.00016689328062481702
0.9939739156337569	-0.0001665836740651656
0.9989739156337567	-0.00016624640715425242
1.0039739156337566	-0.00016587842651033424
1.0089739156337563	-0.0001654763120754704
1.0139739156337562	-0.00016503622971561634
1.0189739156337558	-0.00016455387697889224
1.0239739156337557	-0.00016402442089376317
1.0289739156337556	-0.00016344242649344372
1.0339739156337553	-0.00016280177451750264
1.0389739156337552	-0.00016209556646870916
1.0439739156337549	-0.00016131601488071187
1.0489739156337547	-0.00016045431627553135
1.0539739156337544	-0.00015950050385396764
1.0589739156337543	-0.00015844327645257454
1.0639739156337542	-0.0001572697997182818
1.0689739156337539	-0.00015596547478383311
1.0739739156337538	-0.0001545136689675604
1.0789739156337534	-0.00015289540217404497
1.0839739156337533	-0.00015108898172522944
1.088973915633753	-0.00014906957732412066
1.093973915633753	-0.0001468087267529929
1.0989739156337526	-0.00014427376176264802
1.1039739156337525	-0.0001414271424658845
1.1089739156337524	-0.00013822568746977245
1.113973915633752	-0.00013461968606707811
1.118973915633752	-0.00013055187818584578
1.1239739156337516	-0.00012595628765014067
1.1289739156337515	-0.00012075689486118082
1.1339739156337512	-0.00011486613655303058
1.138973915633751	-0.00010818322314641101
1.143973915633751	-0.00010059226878641081
1.1489739156337506	-9.19602357669343e-5
1.1539739156337505	-8.213470400185655e-5
1.1589739156337502	-7.094148758503113e-5
1.16397391563375	-5.8182134035980434e-5
1.1689739156337497	-4.363135670977261e-5
1.1739739156337496	-2.7034465427683375e-5
1.1789739156337493	-8.104871996153463e-6
1.1839739156337492	1.347824786090583e-5
1.187980436725312	3.293014769500909e-5
1.1919869578168745	5.4513249890186924e-5
1.1959934789084372	7.844776842923184e-5
1.2	0.00010496804925724247
