0.0006999999999999628	-0.00016080569973636925
0.001403500000000035	-0.00016079597626088217
0.0021105174999999296	-0.00016079580738087148
0.0028210700874998964	-0.00016079577371315974
0.003535175437937438	-0.00016079574179515266
0.004252851315127062	-0.00016079570975215243
0.004974115571702636	-0.00016079567755635912
0.005698986149561044	-0.00016079564520604645
0.006427481080308875	-0.0001607956126997588
0.007159618485710418	-0.00016079558003638357
0.007895416578138905	-0.00016079554721460808
0.008634893661029494	-0.0001607955142333439
0.00937806812933463	-0.00016079548109143547
0.010124958469981361	-0.0001607954477877885
0.010875583262331262	-0.00016079541432134856
0.01162996117864295	-0.0001607953806911177
0.012388110984536127	-0.00016079534689597964
0.013150051539458866	-0.0001607953129349744
0.013915801797156208	-0.0001607952788070836
0.014685380806142003	-0.00016079524451126747
0.015458807710172712	-0.00016079521004655386
0.01623610174872358	-0.00016079517541197524
0.017017282257467212	-0.0001607951406065105
0.017802368668754516	-0.00016079510562922518
0.01859138051209827	-0.00016079507047903402
0.019384337414658823	-0.00016079503515512708
0.020181259101732015	-0.00016079499965633413
0.020982165397240727	-0.00016079496398177265
0.02178707622422691	-0.00016079492813042797
0.02259601160534814	-0.00016079489210132537
0.02340899166337483	-0.0001607948558935517
0.024226036621691812	-0.00016079481950603938
0.02504716680480027	-0.0001607947829378147
0.025872402638824326	-0.00016079474618790042
0.02670176465201842	-0.00016079470925529975
0.02753527347527842	-0.00016079467213902333
0.028372949842654864	-0.0001607946348379613
0.0292148145918682	-0.00016079459735129673
0.03006088866482743	-0.00016079455967789937
0.03091119310815165	-0.00016079452181679037
0.0317657490736924	-0.00016079448376692847
0.03262457781906081	-0.00016079444552731344
0.03348770070815601	-0.00016079440709693786
0.034355139211696875	-0.00016079436847474236
0.035226914907755424	-0.00016079432965970225
0.03610304948229413	-0.00016079429065078222
0.03698356472970569	-0.00016079425144691317
0.03786848255335419	-0.00016079421204709664
0.038757824966120964	-0.00016079417245020843
0.03965161409095162	-0.00016079413265525664
0.04054987216140643	-0.0001607940926611382
0.04145262152221345	-0.00016079405246681498
0.04235988462982453	-0.00016079401207115757
0.04327168405297366	-0.00016079397147311599
0.0441880424732386	-0.00016079393067161167
0.04510898268560485	-0.00016079388966555247
0.046034527599032954	-0.0001607938484538737
0.04696470023702812	-0.00016079380703534982
0.04789952373821329	-0.00016079376540901834
0.048839021356904266	-0.0001607937235736688
0.04978321646368884	-0.00016079368152819798
0.05073213254600732	-0.0001607936392715286
0.05168579320873729	-0.00016079359680246964
0.052644222174780875	-0.000160793554119866
0.05360744328565471	-0.00016079351122268276
0.054575480502083065	-0.00016079346810961916
0.05554835790459365	-0.00016079342477965256
0.05652609969411678	-0.00016079338123149183
0.05750873019258755	-0.00016079333746403304
0.05849627384355038	-0.0001607932934761543
0.05948875521276831	-0.00016079324926653325
0.060486198988831924	-0.00016079320483406885
0.061488629983776036	-0.0001607931601775209
0.062496073133695054	-0.00016079311529572704
0.06350855349936363	-0.00016079307018748717
0.06452609626686023	-0.00016079302485148657
0.06554872674819473	-0.0001607929792866269
0.0665764703819355	-0.00016079293349163906
0.06760935273384511	-0.00016079288746513243
0.06864739949751451	-0.00016079284120606185
0.06969063649500218	-0.000160792794713052
0.07073908967747725	-0.00016079274798490317
0.07179278512586448	-0.0001607927010203346
0.07285174905149387	-0.00016079265381799412
0.07391600779675113	-0.00016079260637675286
0.07498558783573481	-0.0001607925586951234
0.07606051577491364	-0.00016079251077192455
0.07714081835378801	-0.00016079246260580746
0.0782265224455569	-0.00016079241419549546
0.07931765505778446	-0.00016079236553964018
0.08041424333307354	-0.00016079231663690565
0.08151631454973869	-0.00016079226748599154
0.08262389612248718	-0.00016079221808541186
0.08373701560309972	-0.0001607921684339705
0.08485570068111534	-0.0001607921185302007
0.08597997918452092	-0.00016079206837278876
0.08710987908044335	-0.00016079201796034078
0.08824542847584554	-0.00016079196729138206
0.08938665561822474	-0.00016079191636460198
0.0905335888963159	-0.00016079186517858437
0.09168625684079766	-0.0001607918137318886
0.09284468812500156	-0.00016079176202304286
0.09400891156562662	-0.0001607917100507379
0.09517895612345495	-0.00016079165781338284
0.09635485090407213	-0.00016079160530957723
0.09753662515859228	-0.00016079155253793232
0.09872430828438533	-0.00016079149949681427
0.09991792982580742	-0.0001607914461848657
0.10111751947493633	-0.00016079139260062234
0.10232310707231096	-0.00016079133874240378
0.10353472260767245	-0.00016079128460885498
0.1047523962207106	-0.00016079123019837837
0.1059761582018141	-0.0001607911755095222
0.10720603899282295	-0.0001607911205406292
0.10844206918778705	-0.00016079106529022695
0.10968427953372589	-0.00016079100975669548
0.11093270093139453	-0.00016079095393851497
0.11218736443605157	-0.00016079089783405787
0.11344830125823162	-0.0001607908414417408
0.11471554276452282	-0.00016079078475998373
0.11598912047834534	-0.000160790727787116
0.11726906608073716	-0.00016079067052148684
0.11855541141114084	-0.00016079061296151757
0.11984818846819666	-0.0001607905551055838
0.12114742941053756	-0.00016079049695196966
0.12245316655759021	-0.0001607904384989892
0.12376543239037813	-0.00016079037974492608
0.12508425955233007	-0.000160790320688123
0.12640968085009188	-0.000160790261326941
0.12774172925434224	-0.0001607902016594819
0.12908043790061416	-0.00016079014168421415
0.13042584009011704	-0.00016079008139917457
0.13177796929056776	-0.0001607900208027573
0.1331368591370207	-0.0001607899598931196
0.13450254343270562	-0.00016078989866856819
0.13587505614986897	-0.00016078983712714164
0.1372544314306183	-0.000160789775267082
0.13864070358777136	-0.00016078971308668328
0.14003390710571012	-0.00016078965058402613
0.14143407664123844	-0.0001607895877571591
0.14284124702444484	-0.0001607895246043046
0.14425545325956707	-0.0001607894611235904
0.1456767305258648	-0.00016078939731310778
0.14710511417849395	-0.0001607893331709587
0.14854063974938644	-0.00016078926869512672
0.14998334294813345	-0.0001607892038837913
0.1514332596628742	-0.00016078913873494472
0.15289042596118857	-0.00016078907324664935
0.15435487809099444	-0.00016078900741683827
0.15582665248144925	-0.00016078894124352445
0.15730578574385642	-0.00016078887472481966
0.1587923146725756	-0.00016078880785850197
0.1602862762459386	-0.00016078874064264802
0.1617877076271685	-0.00016078867307517275
0.16329664616530448	-0.0001607886051539348
0.16481312939613094	-0.00016078853687692354
0.16633719504311156	-0.00016078846824192354
0.16786888101832692	-0.00016078839924685637
0.16940822542341866	-0.00016078832988958397
0.17095526655053575	-0.00016078826016794142
0.17251004288328856	-0.00016078819007973372
0.1740725930977048	-0.0001607881196226413
0.1756429560631934	-0.00016078804879462134
0.17722117084350925	-0.00016078797759333047
0.17880727669772659	-0.00016078790601650587
0.18040131308121543	-0.00016078783406189072
0.18200331964662148	-0.00016078776172719688
0.18361333624485465	-0.00016078768901006964
0.18523140292607912	-0.0001607876159081479
0.18685755994070938	-0.0001607875424191672
0.18849184774041308	-0.00016078746854059466
0.19013430697911532	-0.00016078739427017398
0.19178497851401088	-0.0001607873196053237
0.19344390340658082	-0.00016078724454377346
0.19511112292361377	-0.00016078716908295653
0.1967866785382319	-0.0001607870932204332
0.19847061193092289	-0.00016078701695361984
0.2001629649905775	-0.00016078694027999975
0.20186377981553055	-0.00016078686319699747
0.20357309871460819	-0.00016078678570209827
0.2052909642081813	-0.00016078670779263098
0.207017419029222	-0.00016078662946596148
0.20875250612436788	-0.00016078655071945523
0.21049626865498966	-0.00016078647155043618
0.21224874999826462	-0.00016078639195625337
0.21400999374825602	-0.00016078631193402088
0.2157800437169973	-0.00016078623148105072
0.21755894393558234	-0.00016078615059454565
0.21934673865526005	-0.00016078606927173614
0.2211434723485364	-0.00016078598750972881
0.22294918971027902	-0.00016078590530564811
0.22476393565883038	-0.00016078582265668283
0.22658775533712455	-0.00016078573955974622
0.22842069411381005	-0.00016078565601202504
0.23026279758437915	-0.0001607855720103607
0.23211411157230094	-0.00016078548755190126
0.23397468213016254	-0.00016078540263346326
0.23584455554081346	-0.00016078531725195015
0.23772377831851751	-0.0001607852314043975
0.23961239721011024	-0.00016078514508752642
0.24151045919616082	-0.0001607850582982298
0.24341801149214168	-0.0001607849710331475
0.24533510154960245	-0.00016078488328914137
0.24726177705735047	-0.00016078479506284192
0.2491980859426373	-0.00016078470635101652
0.25114407637235053	-0.0001607846171502313
0.2530997967542124	-0.0001607845274570561
0.2550652957379834	-0.000160784437268126
0.2570406222166734	-0.00016078434657991843
0.25902582532775686	-0.00016078425538885627
0.26102095445439577	-0.00016078416369148886
0.2630260592266676	-0.0001607840714841055
0.26504118952280104	-0.0001607839787630666
0.26706639547041516	-0.00016078388552483207
0.26910172744776706	-0.0001607837917654042
0.27114723608500574	-0.00016078369748121448
0.2732029722654309	-0.00016078360266840502
0.2752689871267581	-0.00016078350732295912
0.2773453320623917	-0.00016078341144115776
0.2794320587227036	-0.00016078331501883844
0.281529219016317	-0.00016078321805214422
0.2836368651113984	-0.0001607831205368999
0.28575504943695557	-0.00016078302246901795
0.28788382468414025	-0.000160782923844299
0.2900232438075611	-0.0001607828246584923
0.29217336002659877	-0.00016078272490735178
0.29433422682673194	-0.00016078262458648084
0.29650589796086546	-0.00016078252369167208
0.29868842745066976	-0.00016078242221819535
0.30088186958792296	-0.00016078232016165104
0.30308627893586265	-0.00016078221751750503
0.305301710330542	-0.00016078211428095915
0.3075282188821948	-0.00016078201044747014
0.30976585997660583	-0.0001607819060121399
0.31201468927648873	-0.00016078180097015994
0.31427476272287097	-0.000160781695316611
0.3165461365364855	-0.00016078158904656232
0.318828867219168	-0.0001607814821549285
0.3211230115552639	-0.00016078137463648446
0.32342862661304006	-0.0001607812664860753
0.3257457697461053	-0.0001607811576984515
0.32807449859483556	-0.00016078104826831117
0.33041487108780954	-0.00016078093818999899
0.3327669454432486	-0.00016078082745814355
0.33513078017046477	-0.00016078071606708918
0.33750643407131686	-0.00016078060401117348
0.33989396624167323	-0.0001607804912844638
0.3422934360728816	-0.0001607803778812461
0.34470490325324576	-0.00016078026379540456
0.3471284277695118	-0.00016078014902092834
0.34956406990835936	-0.00016078003355165434
0.3520118902579012	-0.00016077991738124578
0.3544719497091907	-0.00016077980050334802
0.35694430945773664	-0.00016077968291145975
0.3594290310050252	-0.00016077956459899185
0.36192617616005013	-0.00016077944555926852
0.3644358070408504	-0.00016077932578533618
0.36695798607605457	-0.00016077920527031087
0.36949277600643504	-0.00016077908400727612
0.37204023988646695	-0.0001607789619887541
0.374600441085899	-0.0001607788392076144
0.3771734432913285	-0.00016077871565637697
0.379759310507785	-0.0001607785913273506
0.3823581070603237	-0.00016077846621298818
0.3849698975956254	-0.00016077834030520444
0.3875947470836033	-0.00016077821359606343
0.39023272081902133	-0.00016077808607744043
0.3928838844231162	-0.00016077795774088808
0.39554830384523165	-0.0001607778285780477
0.3982260453644579	-0.00016077769858018772
0.4009171755912802	-0.00016077756773850285
0.4036217614692367	-0.00016077743604399992
0.4063398702765827	-0.00016077730348742353
0.40907156962796565	-0.00016077717005948963
0.41181692747610543	-0.00016077703575061703
0.41457601211348605	-0.00016077690055114018
0.4173488921740533	-0.00016077676445091376
0.4201356366349237	-0.00016077662743991747
0.42293631481809807	-0.0001607764895077322
0.4257509963921885	-0.00016077635064379916
0.42857975137414944	-0.00016077621083723142
0.4314226501310203	-0.0001607760700770512
0.43427976338167545	-0.00016077592835185735
0.43715116219858396	-0.00016077578565012654
0.440036918009577	-0.00016077564196010762
0.44293710259962477	-0.0001607754972695996
0.4458517881126228	-0.0001607753515663319
0.4487810470531859	-0.0001607752048378047
0.45172495228845155	-0.000160775057070838
0.45468357704989376	-0.00016077490825242125
0.45765699493514306	-0.00016077475836882266
0.46064527990981863	-0.00016077460740629706
0.4636485063093676	-0.00016077445535063326
0.4666667488409145	-0.0001607743021873022
0.4697000825851191	-0.0001607741479013915
0.4727485829980444	-0.00016077399247764256
0.4758123259130346	-0.0001607738359004585
0.47889138754259974	-0.00016077367815373232
0.4819858444803126	-0.00016077351922108105
0.4850957737027142	-0.00016077335908555978
0.48822125257122767	-0.000160773197729909
0.49136235883408375	-0.00016077303513647092
0.49451917062825407	-0.00016077287128698548
0.49769176648139524	-0.00016077270616275663
0.5008802253138022	-0.0001607725397444705
0.5040846264403713	-0.00016077237201253135
0.5073050495725733	-0.0001607722029466883
0.510541574820436	-0.00016077203252607585
0.5137942826945383	-0.00016077186072931257
0.5170632541080108	-0.00016077168753447186
0.520348570378551	-0.00016077151291889115
0.5236503132304436	-0.0001607713368592979
0.5269685647965956	-0.00016077115933184867
0.5303034076205784	-0.00016077098031170878
0.5336549246586811	-0.00016077079977380723
0.5370231992819746	-0.00016077061769193029
0.5404083152783844	-0.00016077043403918737
0.5438103568547764	-0.0001607702487878879
0.5472294086390501	-0.0001607700619095835
0.5506655556822453	-0.00016076987337485543
0.5541188834606565	-0.0001607696831533292
0.5575894778779599	-0.00016076949121378642
0.5610774252673494	-0.00016076929752405572
0.564582812393686	-0.00016076910205079848
0.5681057264556543	-0.0001607689047596654
0.5716462550879327	-0.00016076870561528855
0.5752044863633723	-0.00016076850458099644
0.578780508795189	-0.00016076830161890286
0.5823744113391649	-0.00016076809669013516
0.5859862833958606	-0.00016076788975417637
0.5896162148128399	-0.00016076768076938775
0.5932642958869042	-0.000160767469692395
0.5969306173663387	-0.000160767256478745
0.6006152704531702	-0.00016076704108208115
0.6043183468054361	-0.0001607668234546133
0.6080399385394633	-0.00016076660354674122
0.6117801382321605	-0.00016076638130722683
0.615539038923321	-0.00016076615668274478
0.6193167341179376	-0.000160765929618231
0.6231133177885273	-0.00016076570005664348
0.6269288843774701	-0.00016076546793865256
0.6307635287993573	-0.00016076523320276704
0.6346173464433539	-0.0001607649957851717
0.6384904331755705	-0.00016076475561962864
0.6423828853414483	-0.0001607645126372961
0.6462947997681555	-0.0001607642667665707
0.6502262737669962	-0.00016076401793334693
0.6541774051358311	-0.00016076376606036894
0.6581482921615099	-0.0001607635110672216
0.6621390336223173	-0.00016076325287030027
0.6661497287904288	-0.0001607629913826811
0.6701804774343807	-0.00016076272651369372
0.6742313798215525	-0.00016076245816907929
0.6783025367206603	-0.00016076218625054413
0.6823940494042636	-0.00016076191065538887
0.6865060196512851	-0.0001607616312769701
0.6906385497495416	-0.00016076134800378712
0.6947917424982893	-0.00016076106071939735
0.6989657012107808	-0.00016076076930222167
0.7031605297168348	-0.00016076047362547757
0.7073763323654189	-0.00016076017355664163
0.7116132140272461	-0.00016075986895678008
0.715871280097382	-0.00016075955968115842
0.7201506364978687	-0.0001607592455778673
0.7244513896803577	-0.0001607589264880287
0.7287736466287593	-0.0001607586022452561
0.733117514861903	-0.00016075827267540856
0.7374831024362126	-0.0001607579375954864
0.7418705179483935	-0.00016075759681391627
0.7462798705381356	-0.00016075725012931332
0.7507112698908263	-0.0001607568973305735
0.7551648262402804	-0.00016075653819592152
0.759640650371482	-0.00016075617249194024
0.7641388536233394	-0.00016075579997334123
0.7686595478914561	-0.00016075542038217132
0.7732028456309133	-0.00016075503344666002
0.7777688598590677	-0.0001607546388806477
0.7823577041583629	-0.00016075423638232519
0.7869694926791548	-0.00016075382563368774
0.7916043401425507	-0.00016075340629882542
0.7962623618432633	-0.00016075297802311845
0.8009436736524796	-0.00016075254043203577
0.805648392020742	-0.00016075209312917002
0.8103766339808457	-0.00016075163569536947
0.81512851715075	-0.00016075116768661074
0.8199041597365035	-0.00016075068863251788
0.8247036805351862	-0.00016075019803426426
0.8295271989378621	-0.00016074969536232278
0.8343748349325514	-0.00016074918005430378
0.8392467091072142	-0.0001607486515123069
0.8441429426527504	-0.00016074810910041837
0.849063657366014	-0.00016074755214109956
0.8540089756528442	-0.000160746979912538
0.8589790205311084	-0.00016074639164423578
0.863973915633764	-0.00016074578651339416
0.8689739156337638	-0.00016074516524094273
0.8739739156337636	-0.0001607445283419388
0.8789739156337634	-0.00016074387530328258
0.8839739156337632	-0.00016074320534156258
0.8889739156337629	-0.00016074251762365332
0.8939739156337627	-0.00016074181126373655
0.8989739156337626	-0.0001607410853185179
0.9039739156337624	-0.00016074033878239047
0.9089739156337622	-0.000160739570582288
0.913973915633762	-0.0001607387795710422
0.9189739156337617	-0.00016073796452109517
0.9239739156337615	-0.0001607371241175695
0.9289739156337613	-0.00016073625694786232
0.9339739156337611	-0.0001607353614941518
0.938973915633761	-0.0001607344361214995
0.9439739156337608	-0.00016073347906563474
0.9489739156337605	-0.00016073248841940046
0.9539739156337603	-0.00016073146211671076
0.9589739156337601	-0.0001607303979144106
0.9639739156337599	-0.00016072929337132414
0.9689739156337597	-0.00016072814582472047
0.9739739156337595	-0.0001607269523626128
0.9789739156337594	-0.00016072570979184085
0.9839739156337591	-0.00016072441460120837
0.9889739156337589	-0.00016072306291884948
0.9939739156337587	-0.00016072165046204814
0.9989739156337585	-0.00016072017247903699
1.0039739156337584	-0.00016071862368117915
1.008973915633758	-0.00016071699816214767
1.013973915633758	-0.0001607152893049686
1.0189739156337576	-0.0001607134896706396
1.0239739156337575	-0.0001607115908677996
1.0289739156337572	-0.00016070958339859257
1.033973915633757	-0.00016070745647568053
1.038973915633757	-0.00016070519780563407
1.0439739156337566	-0.00016070279333199597
1.0489739156337565	-0.00016070022692898513
1.0539739156337562	-0.00016069748003734235
1.058973915633756	-0.00016069453123031672
1.0639739156337558	-0.00016069135569493843
1.0689739156337557	-0.00016068792461291023
1.0739739156337553	-0.0001606842044198512
1.0789739156337552	-0.00016068015591923102
1.0839739156337551	-0.00016067573321917503
1.0889739156337548	-0.00016067088246034248
1.0939739156337547	-0.0001606655402872727
1.0989739156337544	-0.00016065963201446806
1.1039739156337542	-0.00016065306942282116
1.108973915633754	-0.00016064574811162894
1.1139739156337538	-0.0001606375443143191
1.1189739156337537	-0.00016062831106669734
1.1239739156337534	-0.00016061787359785063
1.1289739156337533	-0.0001606060237786287
1.133973915633753	-0.00016059251343855188
1.1389739156337528	-0.00016057704631437458
1.1439739156337525	-0.00016055926835033965
1.1489739156337524	-0.0001605387560099449
1.153973915633752	-0.00016051500218935183
1.158973915633752	-0.0001604873992400085
1.1639739156337519	-0.0001604552185055079
1.1689739156337515	-0.00016041758565589663
1.1739739156337514	-0.00016037345095992522
1.178973915633751	-0.00016032155345571225
1.183973915633751	-0.00016026037777555413
1.1889739156337507	-0.00016018810212098484
1.1939739156337505	-0.00016010253559254971
1.1989739156337504	-0.0001600010427018605
1.2039739156337501	-0.00015988045247127659
1.20897391563375	-0.0001597369489949611
1.2139739156337497	-0.0001595659397103648
1.2189739156337496	-0.00015936189687537365
1.2239739156337492	-0.00015911816683156696
1.2289739156337491	-0.00015882674053890175
1.2339739156337488	-0.00015847797753806047
1.2389739156337487	-0.0001580602738783941
1.2439739156337486	-0.0001575596625982279
1.2489739156337483	-0.0001569593329586345
1.2539739156337482	-0.00015623905174065236
1.2589739156337478	-0.0001553744664093241
1.2639739156337477	-0.0001543362657145174
1.2689739156337474	-0.0001530891682259113
1.2739739156337473	-0.00015159070327312382
1.2789739156337472	-0.00014978974169932945
1.2839739156337469	-0.0001476247256530873
1.2889739156337467	-0.0001450215373463971
1.2939739156337464	-0.00014189093630929918
1.2989739156337463	-0.00013812548331201764
1.303973915633746	-0.00013359585700853602
1.3089739156337459	-0.0001281464568928794
1.3139739156337455	-0.00012159017397360755
1.3189739156337454	-0.00011370219972535007
1.3239739156337453	-0.00010421273598965588
1.328973915633745	-9.279846609625353e-5
1.333973915633745	-7.907265420645746e-5
1.3389739156337446	-6.257376089115055e-5
1.3439739156337445	-4.2752505131282756e-5
1.3489739156337441	-1.895737499247258e-5
1.353973915633744	9.58129841806878e-6
1.358973915633744	4.3768425165189464e-5
1.3639739156337436	8.466189427582716e-5
1.3689739156337435	0.00013349016562652288
1.3739739156337432	0.00019166855446903138
1.378973915633743	0.0002608126348391592
1.3839739156337427	0.0003427467649238211
1.3879804367253072	0.00041912031661530937
1.3919869578168715	0.0005060289425426979
1.395993478908436	0.0006048079293770652
1.4	0.0007167442426534148
