0.0006999999999999628	-0.00016056369620568776
0.001403500000000035	-0.000160554007052093
0.0021105174999999296	-0.00016055367023749782
0.0028210700874998964	-0.0001605534651764876
0.003535175437937438	-0.00016055326080724328
0.004252851315127062	-0.0001605530552593489
0.004974115571702636	-0.00016055284849445713
0.005698986149561044	-0.0001605526405007642
0.006427481080308875	-0.00016055243126730486
0.007159618485710418	-0.0001605522207833162
0.007895416578138905	-0.00016055200903816977
0.008634893661029494	-0.00016055179602142
0.00937806812933463	-0.00016055158172268883
0.010124958469981361	-0.00016055136613159896
0.010875583262331262	-0.00016055114923783491
0.01162996117864295	-0.00016055093103105471
0.012388110984536127	-0.00016055071150092296
0.013150051539458866	-0.00016055049063707302
0.013915801797156208	-0.00016055026842912908
0.014685380806142003	-0.00016055004486659744
0.015458807710172712	-0.0001605498199390544
0.01623610174872358	-0.00016054959363593068
0.017017282257467212	-0.0001605493659466366
0.017802368668754516	-0.00016054913686043654
0.01859138051209827	-0.0001605489063666428
0.019384337414658823	-0.00016054867445444235
0.020181259101732015	-0.00016054844111290667
0.020982165397240727	-0.000160548206331074
0.02178707622422691	-0.00016054797009787956
0.02259601160534814	-0.00016054773240213244
0.02340899166337483	-0.00016054749323267354
0.024226036621691812	-0.00016054725257805326
0.02504716680480027	-0.00016054701042689045
0.025872402638824326	-0.00016054676676770217
0.02670176465201842	-0.00016054652158874023
0.02753527347527842	-0.00016054627487835905
0.028372949842654864	-0.00016054602662465635
0.0292148145918682	-0.0001605457768157122
0.03006088866482743	-0.00016054552543947972
0.03091119310815165	-0.00016054527248376052
0.0317657490736924	-0.0001605450179363129
0.03262457781906081	-0.00016054476178468144
0.03348770070815601	-0.00016054450401640062
0.034355139211696875	-0.00016054424461882044
0.035226914907755424	-0.000160543983579193
0.03610304948229413	-0.0001605437208846494
0.03698356472970569	-0.00016054345652220453
0.03786848255335419	-0.00016054319047870746
0.038757824966120964	-0.0001605429227409301
0.03965161409095162	-0.00016054265329550163
0.04054987216140643	-0.0001605423821288837
0.04145262152221345	-0.00016054210922745234
0.04235988462982453	-0.0001605418345774304
0.04327168405297366	-0.00016054155816488957
0.0441880424732386	-0.00016054127997582287
0.04510898268560485	-0.00016054099999599167
0.046034527599032954	-0.0001605407182110788
0.04696470023702812	-0.0001605404346066073
0.04789952373821329	-0.00016054014916793295
0.048839021356904266	-0.00016053986188030146
0.04978321646368884	-0.00016053957272877512
0.05073213254600732	-0.0001605392816982721
0.05168579320873729	-0.00016053898877358983
0.052644222174780875	-0.0001605386939393019
0.05360744328565471	-0.00016053839717987804
0.054575480502083065	-0.00016053809847961373
0.055548357904593434	-0.00016053779782260335
0.056526099694116344	-0.00016053749519282046
0.0575087301925869	-0.00016053719057407525
0.05849627384354973	-0.00016053688394996227
0.05948875521276744	-0.0001605365753039536
0.06048619898883127	-0.0001605362646193142
0.061488629983775384	-0.00016053595187909817
0.06249607313369419	-0.00016053563706627292
0.06350855349936275	-0.0001605353201635375
0.06452609626685958	-0.0001605350011534545
0.06554872674819387	-0.00016053468001834948
0.06657647038193484	-0.00016053435674042276
0.06760935273384447	-0.00016053403130162047
0.06864739949751365	-0.0001605337036836937
0.0696906364950013	-0.00016053337386829022
0.07073908967747639	-0.00016053304183671682
0.07179278512586384	-0.0001605327075701732
0.07285174905149322	-0.00016053237104959176
0.0739160077967507	-0.00016053203225572474
0.07498558783573436	-0.00016053169116913457
0.07606051577491299	-0.0001605313477701053
0.07714081835378758	-0.00016053100203872642
0.07822652244555647	-0.00016053065395490388
0.07931765505778425	-0.00016053030349823719
0.0804142433330731	-0.0001605299506481801
0.08151631454973848	-0.00016052959538388983
0.08262389612248718	-0.00016052923768428482
0.0837370156030995	-0.0001605288775281165
0.0848557006811149	-0.00016052851489381634
0.0859799791845205	-0.00016052814975958272
0.08710987908044313	-0.00016052778210338858
0.08824542847584534	-0.00016052741190290592
0.08938665561822454	-0.00016052703913560704
0.09053358889631567	-0.00016052666377863785
0.09168625684079722	-0.00016052628580894663
0.09284468812500112	-0.00016052590520313173
0.09400891156562617	-0.0001605255219375905
0.0951789561234543	-0.0001605251359883582
0.09635485090407148	-0.0001605247473312861
0.09753662515859184	-0.0001605243559418269
0.0987243082843847	-0.00016052396179523645
0.09991792982580656	-0.0001605235648664157
0.10111751947493569	-0.00016052316512998034
0.10232310707231031	-0.00016052276256024782
0.1035347226076718	-0.00016052235713122804
0.10475239622071016	-0.00016052194881653107
0.10597615820181366	-0.00016052153758960868
0.10720603899282274	-0.0001605211234234384
0.10844206918778684	-0.00016052070629070286
0.10968427953372567	-0.00016052028616380962
0.1109327009313943	-0.000160519863014734
0.11218736443605135	-0.0001605194368151766
0.11344830125823162	-0.0001605190075364569
0.11471554276452282	-0.00016051857514948293
0.11598912047834534	-0.000160518139624919
0.11726906608073695	-0.00016051770093293493
0.11855541141114062	-0.00016051725904335848
0.11984818846819621	-0.00016051681392571625
0.12114742941053713	-0.00016051636554903893
0.12245316655758978	-0.000160515913881954
0.1237654323903777	-0.00016051545889284125
0.12508425955232963	-0.0001605150005494475
0.12640968085009122	-0.00016051453881927438
0.1277417292543416	-0.00016051407366936643
0.1290804379006133	-0.00016051360506626972
0.13042584009011637	-0.00016051313297612738
0.1317779692905669	-0.0001605126573647025
0.13313685913701961	-0.00016051217819722734
0.13450254343270476	-0.00016051169543849085
0.13587505614986833	-0.00016051120905283202
0.13725443143061763	-0.00016051071900409676
0.13864070358777073	-0.0001605102252556778
0.14003390710570945	-0.00016050972777039975
0.14143407664123803	-0.00016050922651067936
0.1428412470244442	-0.00016050872143836937
0.1442554532595664	-0.00016050821251482582
0.14567673052586416	-0.00016050769970085913
0.1471051141784935	-0.00016050718295675196
0.14854063974938603	-0.00016050666224225264
0.149983342948133	-0.0001605061375165699
0.15143325966287374	-0.00016050560873827043
0.15289042596118813	-0.0001605050758654084
0.15435487809099402	-0.0001605045388554477
0.15582665248144906	-0.00016050399766522443
0.1573057857438562	-0.00016050345225102736
0.15879231467257537	-0.00016050290256845257
0.16028627624593816	-0.0001605023485725417
0.16178770762716785	-0.00016050179021760358
0.16329664616530362	-0.00016050122745740224
0.16481312939613008	-0.00016050066024494894
0.1663371950431107	-0.00016050008853262947
0.16786888101832628	-0.00016049951227211704
0.1694082254234178	-0.00016049893141436598
0.1709552665505349	-0.00016049834590969018
0.17251004288328747	-0.00016049775570757617
0.17407259309770393	-0.00016049716075684586
0.17564295606319252	-0.00016049656100552363
0.17722117084350858	-0.00016049595640086026
0.17880727669772617	-0.00016049534688938657
0.18040131308121476	-0.00016049473241670607
0.18200331964662084	-0.00016049411292776215
0.18361333624485401	-0.00016049348836655268
0.18523140292607826	-0.0001604928586762569
0.18685755994070874	-0.0001604922237992196
0.1884918477404122	-0.00016049158367684025
0.19013430697911424	-0.00016049093824976044
0.1917849785140098	-0.00016049028745752765
0.19344390340657974	-0.0001604896312388826
0.19511112292361268	-0.00016048896953155335
0.1967866785382308	-0.00016048830227231864
0.19847061193092203	-0.00016048762939700252
0.20016296499057665	-0.00016048695084034653
0.20186377981552947	-0.000160486266536118
0.2035730987146071	-0.00016048557641701566
0.20529096420818022	-0.0001604848804146834
0.20701741902922113	-0.00016048417845962736
0.20875250612436722	-0.00016048347048129778
0.210496268654989	-0.0001604827564079647
0.21224874999826396	-0.00016048203616673374
0.21400999374825516	-0.000160481309683586
0.21578004371699644	-0.00016048057688320866
0.21755894393558148	-0.00016047983768909552
0.2193467386552594	-0.00016047909202348312
0.22114347234853576	-0.00016047833980730694
0.22294918971027836	-0.00016047758096019473
0.2247639356588297	-0.0001604768154004248
0.2265877553371239	-0.00016047604304490916
0.2284206941138094	-0.00016047526380914864
0.23026279758437848	-0.00016047447760724224
0.23211411157230027	-0.00016047368435178106
0.23397468213016168	-0.00016047288395390808
0.23584455554081238	-0.00016047207632320868
0.23772377831851643	-0.00016047126136771206
0.23961239721010893	-0.00016047043899385205
0.24151045919615952	-0.00016046960910649292
0.24341801149214037	-0.00016046877160873509
0.24533510154960114	-0.00016046792640202112
0.24726177705734917	-0.00016046707338608374
0.24919808594263576	-0.0001604662124588371
0.251144076372349	-0.00016046534351637552
0.2530997967542107	-0.00016046446645296583
0.2550652957379817	-0.00016046358116094374
0.2570406222166717	-0.0001604626875307061
0.2590258253277551	-0.00016046178545062425
0.26102095445439405	-0.00016046087480713097
0.2630260592266659	-0.00016045995548442387
0.2650411895227993	-0.00016045902736470667
0.2670663954704134	-0.00016045809032794818
0.26910172744776534	-0.00016045714425186447
0.27114723608500396	-0.0001604561890118732
0.27320297226542917	-0.00016045522448110387
0.27526898712675635	-0.0001604542505302227
0.27734533206239	-0.0001604532670275276
0.2794320587227019	-0.00016045227383870326
0.2815292190163153	-0.00016045127082695013
0.2836368651113967	-0.00016045025785273208
0.28575504943695385	-0.00016044923477392432
0.28788382468413853	-0.00016044820144548214
0.29002324380755934	-0.00016044715771970462
0.29217336002659705	-0.00016044610344583866
0.29433422682673016	-0.00016044503847021407
0.29650589796086374	-0.00016044396263612182
0.29868842745066804	-0.00016044287578360976
0.30088186958792124	-0.00016044177774966024
0.3030862789358609	-0.00016044066836788244
0.30530171033054027	-0.00016043954746852013
0.307528218882193	-0.00016043841487833793
0.30976585997660405	-0.0001604372704205854
0.312014689276487	-0.00016043611391484334
0.31427476272286925	-0.00016043494517687
0.3165461365364837	-0.0001604337640187594
0.3188288672191662	-0.00016043257024849825
0.32112301155526213	-0.00016043136367010886
0.32342862661303834	-0.0001604301440834705
0.3257457697461036	-0.00016042891128412303
0.32807449859483384	-0.00016042766506327606
0.3304148710878078	-0.0001604264052076416
0.33276694544324686	-0.00016042513149930101
0.33513078017046305	-0.00016042384371556934
0.33750643407131514	-0.00016042254162891743
0.3398939662416715	-0.0001604212250067267
0.3422934360728799	-0.0001604198936113164
0.34470490325324404	-0.0001604185471996658
0.3471284277695101	-0.00016041718552325352
0.34956406990835764	-0.00016041580832805972
0.3520118902578995	-0.00016041441535420166
0.354471949709189	-0.00016041300633588812
0.3569443094577349	-0.00016041158100134418
0.3594290310050235	-0.00016041013907231653
0.3619261761600484	-0.00016040868026427068
0.3644358070408486	-0.00016040720428588042
0.36695798607605284	-0.00016040571083911039
0.36949277600643327	-0.00016040419961878063
0.37204023988646523	-0.00016040267031247
0.3746004410858973	-0.0001604011226003264
0.3771734432913268	-0.0001603995561547253
0.3797593105077832	-0.00016039797064016352
0.3823581070603219	-0.00016039636571294703
0.38496989759562367	-0.00016039474102092277
0.3875947470836016	-0.00016039309620323445
0.3902327208190196	-0.0001603914308901623
0.3928838844231145	-0.00016038974470265345
0.39554830384522993	-0.00016038803725213575
0.3982260453644561	-0.00016038630814023608
0.4009171755912785	-0.0001603845569583646
0.40362176146923495	-0.00016038278328756262
0.40633987027658097	-0.00016038098669796138
0.4090715696279639	-0.00016037916674853104
0.4118169274761037	-0.000160377322986791
0.4145760121134843	-0.00016037545494827722
0.4173488921740515	-0.00016037356215626672
0.4201356366349219	-0.0001603716441213092
0.42293631481809635	-0.0001603697003407647
0.4257509963921868	-0.00016036773029851317
0.42857975137414767	-0.00016036573346426265
0.43142265013101855	-0.00016036370929328785
0.43427976338167373	-0.00016036165722580647
0.43715116219858224	-0.00016035957668648174
0.44003691800957523	-0.00016035746708384108
0.44293710259962304	-0.00016035532780982832
0.4458517881126211	-0.0001603531582391503
0.44878104705318417	-0.00016035095772850706
0.45172495228844983	-0.00016034872561625888
0.45468357704989204	-0.00016034646122149474
0.4576569949351413	-0.00016034416384346634
0.46064527990981685	-0.00016034183276081806
0.4636485063093658	-0.00016033946723078093
0.4666667488409128	-0.00016033706648855122
0.4697000825851173	-0.00016033462974622634
0.4727485829980427	-0.00016033215619209833
0.47581232591303285	-0.00016032964498966648
0.478891387542598	-0.00016032709527677094
0.48198584448031084	-0.00016032450616448613
0.4850957737027124	-0.0001603218767362642
0.48822125257122595	-0.00016031920604656663
0.49136235883408197	-0.0001603164931200356
0.4945191706282523	-0.0001603137369501284
0.4976917664813935	-0.000160310936497859
0.5008802253138004	-0.00016030809069055761
0.5040846264403696	-0.00016030519842054252
0.5073050495725715	-0.00016030225854351597
0.5105415748204343	-0.00016029926987722108
0.5137942826945365	-0.00016029623119980055
0.517063254108009	-0.00016029314124812433
0.5203485703785492	-0.00016028999871603057
0.5236503132304419	-0.00016028680225247988
0.5269685647965939	-0.0001602835504597761
0.5303034076205766	-0.000160280241891305
0.5336549246586795	-0.00016027687504956294
0.5370231992819728	-0.0001602734483838697
0.5404083152783826	-0.00016026996028801194
0.5438103568547747	-0.00016026640909769363
0.5472294086390483	-0.00016026279308804586
0.5506655556822436	-0.00016025911047066834
0.5541188834606549	-0.00016025535939094793
0.5575894778779582	-0.00016025153792474187
0.5610774252673477	-0.0001602476440752692
0.5645828123936844	-0.0001602436757696983
0.5681057264556525	-0.00016023963085538972
0.5716462550879309	-0.00016023550709622393
0.5752044863633705	-0.00016023130216835324
0.5787805087951873	-0.00016022701365606454
0.5823744113391631	-0.0001602226390472065
0.5859862833958588	-0.00016021817572827994
0.5896162148128381	-0.00016021362097945433
0.5932642958869024	-0.000160208971968943
0.5969306173663369	-0.00016020422574758485
0.6006152704531684	-0.00016019937924235454
0.6043183468054344	-0.00016019442925007684
0.6080399385394615	-0.00016018937243055456
0.6117801382321587	-0.00016018420529912683
0.6155390389233192	-0.00016017892421873366
0.6193167341179359	-0.00016017352539186773
0.6231133177885255	-0.00016016800485133301
0.6269288843774683	-0.00016016235845096584
0.6307635287993556	-0.00016015658185538617
0.6346173464433522	-0.00016015067052918785
0.6384904331755688	-0.00016014461972525327
0.6423828853414466	-0.0001601384244723015
0.6462947997681537	-0.0001601320795616779
0.6502262737669944	-0.0001601255795327644
0.6541774051358293	-0.0001601189186579118
0.6581482921615082	-0.00016011209092555128
0.6621390336223156	-0.00016010509002274397
0.6661497287904271	-0.00016009790931555351
0.6701804774343789	-0.00016009054182852404
0.6742313798215507	-0.00016008298022240103
0.6783025367206585	-0.00016007521676959503
0.682394049404262	-0.00016006724332808922
0.6865060196512833	-0.00016005905131297814
0.6906385497495399	-0.0001600506316653434
0.6947917424982876	-0.0001600419748186347
0.6989657012107791	-0.0001600330706620707
0.7031605297168331	-0.00016002390850046105
0.7073763323654171	-0.00016001447701035845
0.7116132140272443	-0.00016000476419228177
0.7158712800973803	-0.0001599947573178446
0.7201506364978669	-0.00015998444287226957
0.724451389680356	-0.00015997380649072676
0.7287736466287575	-0.00015996283288789655
0.7331175148619014	-0.0001599515057810265
0.737483102436211	-0.00015993980780387997
0.7418705179483918	-0.00015992772041185634
0.7462798705381338	-0.00015991522377663319
0.7507112698908246	-0.0001599022966687131
0.7551648262402787	-0.00015988891632672745
0.7596406503714802	-0.00015987505831149894
0.7641388536233378	-0.00015986069634280599
0.7686595478914543	-0.0001598458021166557
0.7732028456309116	-0.00015983034510005334
0.777768859859066	-0.00015981429230072435
0.7823577041583611	-0.00015979760800751281
0.7869694926791531	-0.00015978025349827895
0.7916043401425489	-0.00015976218670993165
0.7962623618432616	-0.00015974336186573112
0.8009436736524779	-0.0001597237290533948
0.8056483920207402	-0.00015970323374752014
0.8103766339808439	-0.00015968181626793522
0.8151285171507483	-0.0001596594111648848
0.8199041597365018	-0.0001596359465207068
0.8247036805351844	-0.00015961134315590987
0.8295271989378604	-0.00015958551372585681
0.8343748349325497	-0.00015955836169216975
0.8392467091072124	-0.00015952978015128355
0.8441429426527486	-0.00015949965049914168
0.8490636573660123	-0.00015946784090791158
0.8540089756528424	-0.00015943420458865417
0.8589790205311068	-0.00015939857780781583
0.8639739156337622	-0.0001593607776224918
0.868973915633762	-0.00015932076236268406
0.8739739156337618	-0.0001592783781536868
0.8789739156337616	-0.00015923341235572324
0.8839739156337615	-0.0001591856287747807
0.8889739156337613	-0.00015913476504931699
0.893973915633761	-0.00015908052958207614
0.8989739156337608	-0.00015902259811419436
0.9039739156337606	-0.00015896060989839045
0.9089739156337604	-0.00015889416342516123
0.9139739156337602	-0.00015882281164860616
0.91897391563376	-0.00015874605665201525
0.9239739156337599	-0.00015866334368602503
0.9289739156337596	-0.0001585740545028436
0.9339739156337594	-0.00015847749990033125
0.9389739156337592	-0.00015837291137831594
0.943973915633759	-0.00015825943179606188
0.9489739156337588	-0.00015813610490544654
0.9539739156337586	-0.00015800186361572113
0.9589739156337583	-0.0001578555168269133
0.9639739156337582	-0.00015769573464511602
0.968973915633758	-0.00015752103176539003
0.9739739156337578	-0.00015732974877794134
0.9789739156337576	-0.00015712003111327606
0.9839739156337574	-0.00015688980530315539
0.9889739156337571	-0.00015663675217916513
0.9939739156337569	-0.00015635827657159624
0.9989739156337567	-0.00015605147300317551
1.0039739156337566	-0.00015571308678340054
1.0089739156337563	-0.00015533946981427128
1.0139739156337562	-0.00015492653029678568
1.0189739156337558	-0.0001544696753919366
1.0239739156337557	-0.00015396374571973468
1.0289739156337556	-0.00015340294039124924
1.0339739156337553	-0.00015278073103273932
1.0389739156337552	-0.00015208976299514073
1.0439739156337549	-0.00015132174162283757
1.0489739156337547	-0.0001504673010887042
1.0539739156337544	-0.0001495158528711655
1.0589739156337543	-0.00014845541045698345
1.0639739156337542	-0.00014727238628477174
1.0689739156337539	-0.00014595135630205295
1.0739739156337538	-0.0001444747867843329
1.0789739156337534	-0.00014282271726209585
1.0839739156337533	-0.00014097239252389162
1.088973915633753	-0.00013889783572441062
1.093973915633753	-0.00013656935364815073
1.0989739156337526	-0.00013395296419893373
1.1039739156337525	-0.0001310097352598926
1.1089739156337524	-0.00012769502327244692
1.113973915633752	-0.00012395759933553393
1.118973915633752	-0.00011973865046713467
1.1239739156337516	-0.00011497064409423489
1.1289739156337515	-0.0001095760450779506
1.1339739156337512	-0.00010346587691478959
1.138973915633751	-9.65381224945114e-5
1.143973915633751	-8.867596523622943e-5
1.1489739156337506	-7.9745878828092e-5
1.1539739156337505	-6.959558326127615e-5
1.1589739156337502	-5.805189622082992e-5
1.16397391563375	-4.491852156929887e-5
1.1689739156337497	-2.9973829411612917e-5
1.1739739156337496	-1.2968693002215887e-5
1.1789739156337493	6.375546414608627e-6
1.1839739156337492	2.8368918677048693e-5
1.187980436725312	4.8136965692339416e-5
1.1919869578168745	7.001529081597098e-5
1.1959934789084372	9.421328971371637e-5
1.2	0.00012095260628252899
