0.0006999999999999628	-0.0001605841601713933
0.001403500000000035	-0.00016057469475397342
0.0021105174999999296	-0.0001605743835881339
0.0028210700874998964	-0.00016057420153040377
0.003535175437937438	-0.0001605740202563317
0.004252851315127062	-0.0001605738379413177
0.004974115571702636	-0.0001605736545490476
0.005698986149561044	-0.00016057347006892897
0.006427481080308875	-0.00016057328449116105
0.007159618485710418	-0.00016057309780611302
0.007895416578138905	-0.0001605729100044011
0.008634893661029494	-0.00016057272107670124
0.00937806812933463	-0.0001605725310137389
0.010124958469981361	-0.00016057233980632877
0.010875583262331262	-0.00016057214744528885
0.01162996117864295	-0.00016057195392143848
0.012388110984536127	-0.00016057175922558727
0.013150051539458866	-0.00016057156334857865
0.013915801797156208	-0.00016057136628114935
0.014685380806142003	-0.00016057116801405192
0.015458807710172712	-0.00016057096853801928
0.01623610174872358	-0.00016057076784365085
0.017017282257467212	-0.00016057056592160032
0.017802368668754516	-0.0001605703627623737
0.01859138051209827	-0.00016057015835650075
0.019384337414658823	-0.00016056995269437448
0.020181259101732015	-0.00016056974576634682
0.020982165397240727	-0.00016056953756269951
0.02178707622422691	-0.00016056932807367904
0.02259601160534814	-0.000160569117289375
0.02340899166337483	-0.00016056890519988378
0.024226036621691812	-0.00016056869179513126
0.02504716680480027	-0.00016056847706504373
0.025872402638824326	-0.00016056826099940843
0.02670176465201842	-0.0001605680435879575
0.02753527347527842	-0.0001605678248202833
0.028372949842654864	-0.0001605676046859582
0.0292148145918682	-0.0001605673831744101
0.03006088866482743	-0.00016056716027498092
0.03091119310815165	-0.0001605669359769349
0.0317657490736924	-0.00016056671026938577
0.03262457781906081	-0.00016056648314140837
0.03348770070815601	-0.00016056625458197527
0.034355139211696875	-0.00016056602457989563
0.035226914907755424	-0.00016056579312393444
0.03610304948229413	-0.0001605655602026953
0.03698356472970569	-0.00016056532580474748
0.03786848255335419	-0.00016056508991845595
0.038757824966120964	-0.00016056485253214986
0.03965161409095162	-0.00016056461363403476
0.04054987216140643	-0.0001605643732121579
0.04145262152221345	-0.00016056413125444688
0.04235988462982453	-0.000160563887748823
0.04327168405297366	-0.00016056364268290916
0.0441880424732386	-0.00016056339604441703
0.04510898268560485	-0.0001605631478207152
0.046034527599032954	-0.00016056289799922262
0.04696470023702812	-0.00016056264656709874
0.04789952373821329	-0.00016056239351148495
0.048839021356904266	-0.00016056213881932368
0.04978321646368884	-0.00016056188247744852
0.05073213254600732	-0.0001605616244725513
0.05168579320873729	-0.00016056136479121157
0.052644222174780875	-0.0001605611034198422
0.05360744328565471	-0.00016056084034469492
0.054575480502083065	-0.00016056057555194968
0.055548357904593434	-0.00016056030902758252
0.056526099694116344	-0.0001605600407574712
0.0575087301925869	-0.00016055977072727793
0.05849627384354973	-0.00016055949892257185
0.05948875521276744	-0.00016055922532875086
0.06048619898883127	-0.00016055894993107986
0.061488629983775384	-0.0001605586727146222
0.06249607313369419	-0.00016055839366433717
0.06350855349936275	-0.00016055811276499303
0.06452609626685958	-0.00016055783000116372
0.06554872674819387	-0.00016055754535733956
0.06657647038193484	-0.00016055725881778846
0.06760935273384447	-0.00016055697036657167
0.06864739949751365	-0.00016055667998768477
0.0696906364950013	-0.0001605563876648301
0.07073908967747639	-0.00016055609338163837
0.07179278512586384	-0.0001605557971214892
0.07285174905149322	-0.00016055549886758442
0.0739160077967507	-0.0001605551986029608
0.07498558783573436	-0.00016055489631048472
0.07606051577491299	-0.00016055459197280978
0.07714081835378758	-0.00016055428557239088
0.07822652244555647	-0.00016055397709149118
0.07931765505778425	-0.00016055366651217265
0.0804142433330731	-0.00016055335381632023
0.08151631454973848	-0.00016055303898558304
0.08262389612248718	-0.00016055272200139834
0.0837370156030995	-0.00016055240284502332
0.0848557006811149	-0.00016055208149749457
0.0859799791845205	-0.00016055175793960058
0.08710987908044313	-0.00016055143215195155
0.08824542847584534	-0.0001605511041148956
0.08938665561822454	-0.00016055077380855334
0.09053358889631567	-0.0001605504412129022
0.09168625684079722	-0.00016055010630752441
0.09284468812500112	-0.0001605497690719328
0.09400891156562617	-0.0001605494294852949
0.0951789561234543	-0.00016054908752652033
0.09635485090407148	-0.00016054874317437476
0.09753662515859184	-0.00016054839640727365
0.0987243082843847	-0.0001605480472034112
0.09991792982580656	-0.00016054769554073176
0.10111751947493569	-0.00016054734139686784
0.10232310707231031	-0.00016054698474926118
0.1035347226076718	-0.0001605466255750287
0.10475239622071016	-0.00016054626385101134
0.10597615820181366	-0.0001605458995537695
0.10720603899282274	-0.0001605455326596199
0.10844206918778684	-0.00016054516314451323
0.10968427953372567	-0.00016054479098416373
0.1109327009313943	-0.00016054441615398469
0.11218736443605135	-0.00016054403862906163
0.11344830125823162	-0.00016054365838418853
0.11471554276452282	-0.00016054327539380796
0.11598912047834534	-0.00016054288963208852
0.11726906608073695	-0.0001605425010728607
0.11855541141114062	-0.00016054210968963515
0.11984818846819621	-0.00016054171545556328
0.12114742941053713	-0.00016054131834345893
0.12245316655758978	-0.00016054091832583267
0.1237654323903777	-0.00016054051537475414
0.12508425955232963	-0.00016054010946207098
0.12640968085009122	-0.00016053970055911646
0.1277417292543416	-0.00016053928863697485
0.1290804379006133	-0.00016053887366628057
0.13042584009011637	-0.00016053845561732254
0.1317779692905669	-0.0001605380344599786
0.13313685913701961	-0.0001605376101637688
0.13450254343270476	-0.00016053718269780988
0.13587505614986833	-0.00016053675203072716
0.13725443143061763	-0.00016053631813082905
0.13864070358777073	-0.00016053588096597037
0.14003390710570945	-0.0001605354405035764
0.14143407664123803	-0.00016053499671060388
0.1428412470244442	-0.0001605345495536165
0.1442554532595664	-0.000160534098998688
0.14567673052586416	-0.00016053364501144216
0.1471051141784935	-0.0001605331875570752
0.14854063974938603	-0.00016053272660024906
0.149983342948133	-0.00016053226210517086
0.15143325966287374	-0.0001605317940355202
0.15289042596118813	-0.00016053132235452122
0.15435487809099402	-0.00016053084702488007
0.15582665248144906	-0.00016053036800877123
0.1573057857438562	-0.00016052988526782773
0.15879231467257537	-0.00016052939876316132
0.16028627624593816	-0.0001605289084553429
0.16178770762716785	-0.000160528414304337
0.16329664616530362	-0.00016052791626965465
0.16481312939613008	-0.000160527414310059
0.1663371950431107	-0.00016052690838387206
0.16786888101832628	-0.00016052639844876113
0.1694082254234178	-0.00016052588446173742
0.1709552665505349	-0.0001605253663792518
0.17251004288328747	-0.0001605248441571164
0.17407259309770393	-0.0001605243177504883
0.17564295606319252	-0.00016052378711383844
0.17722117084350858	-0.0001605232522009867
0.17880727669772617	-0.00016052271296508323
0.18040131308121476	-0.0001605221693585776
0.18200331964662084	-0.00016052162133319104
0.18361333624485401	-0.00016052106883992554
0.18523140292607826	-0.00016052051182908304
0.18685755994070874	-0.00016051995025014195
0.1884918477404122	-0.00016051938405191248
0.19013430697911424	-0.00016051881318230975
0.1917849785140098	-0.00016051823758857597
0.19344390340657974	-0.00016051765721703193
0.19511112292361268	-0.0001605170720132359
0.1967866785382308	-0.00016051648192187166
0.19847061193092203	-0.00016051588688677457
0.20016296499057665	-0.00016051528685093481
0.20186377981552947	-0.0001605146817563782
0.2035730987146071	-0.00016051407154428198
0.20529096420818022	-0.000160513456154829
0.20701741902922113	-0.00016051283552728353
0.20875250612436722	-0.00016051220959998046
0.210496268654989	-0.00016051157831021992
0.21224874999826396	-0.00016051094159424986
0.21400999374825516	-0.00016051029938738277
0.21578004371699644	-0.00016050965162378624
0.21755894393558148	-0.0001605089982366397
0.2193467386552594	-0.00016050833915794664
0.22114347234853576	-0.00016050767431864625
0.22294918971027836	-0.00016050700364850896
0.2247639356588297	-0.00016050632707610848
0.2265877553371239	-0.00016050564452888574
0.2284206941138094	-0.00016050495593304142
0.23026279758437848	-0.0001605042612135157
0.23211411157230027	-0.00016050356029397898
0.23397468213016168	-0.00016050285309682571
0.23584455554081238	-0.00016050213954307615
0.23772377831851643	-0.00016050141955246795
0.23961239721010893	-0.00016050069304325855
0.24151045919615952	-0.00016049995993236662
0.24341801149214037	-0.0001604992201352319
0.24533510154960114	-0.00016049847356581844
0.24726177705734917	-0.00016049772013655621
0.24919808594263576	-0.00016049695975836815
0.251144076372349	-0.00016049619234053008
0.2530997967542107	-0.0001604954177907738
0.2550652957379817	-0.00016049463601513158
0.2570406222166717	-0.00016049384691794075
0.2590258253277551	-0.0001604930504018325
0.26102095445439405	-0.00016049224636762238
0.2630260592266659	-0.00016049143471436717
0.2650411895227993	-0.0001604906153391882
0.2670663954704134	-0.0001604897881374051
0.26910172744776534	-0.00016048895300231042
0.27114723608500396	-0.00016048810982525888
0.27320297226542917	-0.00016048725849552442
0.27526898712675635	-0.00016048639890031425
0.27734533206239	-0.0001604855309246954
0.2794320587227019	-0.00016048465445154855
0.2815292190163153	-0.0001604837693615177
0.2836368651113967	-0.00016048287553293764
0.28575504943695385	-0.00016048197284173466
0.28788382468413853	-0.00016048106116156846
0.29002324380755934	-0.0001604801403634701
0.29217336002659705	-0.00016047921031604338
0.29433422682673016	-0.0001604782708852042
0.29650589796086374	-0.00016047732193430546
0.29868842745066804	-0.00016047636332390647
0.30088186958792124	-0.00016047539491174527
0.3030862789358609	-0.0001604744165527653
0.30530171033054027	-0.00016047342809892781
0.307528218882193	-0.00016047242939910706
0.30976585997660405	-0.00016047142029917313
0.312014689276487	-0.00016047040064179197
0.31427476272286925	-0.00016046937026631413
0.3165461365364837	-0.00016046832900878726
0.3188288672191662	-0.00016046727670181537
0.32112301155526213	-0.00016046621317442606
0.32342862661303834	-0.00016046513825208512
0.3257457697461036	-0.0001604640517564541
0.32807449859483384	-0.00016046295350545628
0.3304148710878078	-0.00016046184331304603
0.33276694544324686	-0.00016046072098909145
0.33513078017046305	-0.0001604595863393988
0.33750643407131514	-0.00016045843916540498
0.3398939662416715	-0.00016045727926424159
0.3422934360728799	-0.00016045610642850035
0.34470490325324404	-0.00016045492044615203
0.3471284277695101	-0.00016045372110035325
0.34956406990835764	-0.0001604525081694315
0.3520118902578995	-0.00016045128142660602
0.354471949709189	-0.00016045004063991957
0.3569443094577349	-0.00016044878557211663
0.3594290310050235	-0.0001604475159803213
0.3619261761600484	-0.00016044623161614853
0.3644358070408486	-0.00016044493222529962
0.36695798607605284	-0.00016044361754750876
0.36949277600643327	-0.00016044228731622626
0.37204023988646523	-0.00016044094125867295
0.3746004410858973	-0.0001604395790954298
0.3771734432913268	-0.00016043820054036545
0.3797593105077832	-0.00016043680530030037
0.3823581070603219	-0.00016043539307493103
0.38496989759562367	-0.00016043396355651016
0.3875947470836016	-0.0001604325164296612
0.3902327208190196	-0.0001604310513711252
0.3928838844231145	-0.00016042956804953527
0.39554830384522993	-0.0001604280661250611
0.3982260453644561	-0.00016042654524929452
0.4009171755912785	-0.00016042500506488488
0.40362176146923495	-0.00016042344520507707
0.40633987027658097	-0.00016042186529383238
0.4090715696279639	-0.0001604202649451167
0.4118169274761037	-0.0001604186437626992
0.4145760121134843	-0.00016041700133994074
0.4173488921740515	-0.0001604153372592299
0.4201356366349219	-0.0001604136510917416
0.42293631481809635	-0.0001604119423971065
0.4257509963921868	-0.00016041021072284644
0.42857975137414767	-0.0001604084556040476
0.43142265013101855	-0.00016040667656299176
0.43427976338167373	-0.00016040487310861197
0.43715116219858224	-0.0001604030447359736
0.44003691800957523	-0.00016040119092603435
0.44293710259962304	-0.00016039931114482888
0.4458517881126211	-0.00016039740484309509
0.44878104705318417	-0.00016039547145571255
0.45172495228844983	-0.0001603935104011104
0.45468357704989204	-0.00016039152108065423
0.4576569949351413	-0.00016038950287798013
0.46064527990981685	-0.00016038745515839758
0.4636485063093658	-0.00016038537726816073
0.4666667488409128	-0.00016038326853377508
0.4697000825851173	-0.00016038112826116923
0.4727485829980427	-0.00016037895573503902
0.47581232591303285	-0.00016037675021785146
0.478891387542598	-0.0001603745109491771
0.48198584448031084	-0.00016037223714456675
0.4850957737027124	-0.00016036992799480122
0.48822125257122595	-0.0001603675826647229
0.49136235883408197	-0.00016036520029240572
0.4945191706282523	-0.00016036277998784888
0.4976917664813935	-0.00016036032083194404
0.5008802253138004	-0.00016035782187528291
0.5040846264403696	-0.00016035528213683992
0.5073050495725715	-0.0001603527006026793
0.5105415748204343	-0.0001603500762245738
0.5137942826945365	-0.00016034740791858015
0.517063254108009	-0.00016034469456334755
0.5203485703785492	-0.00016034193499870315
0.5236503132304419	-0.00016033912802385173
0.5269685647965939	-0.00016033627239554795
0.5303034076205766	-0.00016033336682632558
0.5336549246586795	-0.00016033040998242483
0.5370231992819728	-0.00016032740048174107
0.5404083152783826	-0.00016032433689154238
0.5438103568547747	-0.00016032121772631983
0.5472294086390483	-0.00016031804144517393
0.5506655556822436	-0.00016031480644926744
0.5541188834606549	-0.00016031151107914388
0.5575894778779582	-0.00016030815361170377
0.5610774252673477	-0.000160304732257305
0.5645828123936844	-0.00016030124515650207
0.5681057264556525	-0.00016029769037648406
0.5716462550879309	-0.00016029406590759013
0.5752044863633705	-0.00016029036965944774
0.5787805087951873	-0.0001602865994568178
0.5823744113391631	-0.00016028275303539352
0.5859862833958588	-0.00016027882803716233
0.5896162148128381	-0.00016027482200537953
0.5932642958869024	-0.00016027073237976052
0.5969306173663369	-0.00016026655649059693
0.6006152704531684	-0.0001602622915530433
0.6043183468054344	-0.00016025793466099185
0.6080399385394615	-0.000160253482780261
0.6117801382321587	-0.00016024893274143274
0.6155390389233192	-0.0001602442812326546
0.6193167341179359	-0.0001602395247910654
0.6231133177885255	-0.00016023465979451572
0.6269288843774683	-0.00016022968245213377
0.6307635287993556	-0.00016022458879452867
0.6346173464433522	-0.00016021937466301203
0.6384904331755688	-0.00016021403569845363
0.6423828853414466	-0.0001602085673288186
0.6462947997681537	-0.00016020296475611478
0.6502262737669944	-0.00016019722294233717
0.6541774051358293	-0.00016019133659395812
0.6581482921615082	-0.0001601853001458361
0.6621390336223156	-0.00016017910774318656
0.6661497287904271	-0.00016017275322262442
0.6701804774343789	-0.000160166230091089
0.6742313798215507	-0.000160159531503815
0.6783025367206585	-0.00016015265023948904
0.682394049404262	-0.00016014557867387796
0.6865060196512833	-0.00016013830875100509
0.6906385497495399	-0.00016013083195168487
0.6947917424982876	-0.00016012313925911802
0.6989657012107791	-0.00016011522112143614
0.7031605297168331	-0.00016010706741058082
0.7073763323654171	-0.00016009866737723844
0.7116132140272443	-0.00016009000960150546
0.7158712800973803	-0.000160081081938136
0.7201506364978669	-0.0001600718714568183
0.724451389680356	-0.0001600623643759034
0.7287736466287575	-0.00016005254598906114
0.7331175148619014	-0.0001600424005840985
0.737483102436211	-0.0001600319113528409
0.7418705179483918	-0.0001600210602912783
0.7462798705381338	-0.00016000982808755715
0.7507112698908246	-0.000159998193997837
0.7551648262402787	-0.0001599861357070356
0.7596406503714802	-0.00015997362917307952
0.7641388536233378	-0.00015996064845223514
0.7686595478914543	-0.0001599471655030009
0.7732028456309116	-0.00015993314996515001
0.777768859859066	-0.00015991856891124778
0.7823577041583611	-0.00015990338656578075
0.7869694926791531	-0.00015988756398816297
0.7916043401425489	-0.00015987105871374696
0.7962623618432616	-0.00015985382434741957
0.8009436736524779	-0.00015983581010247037
0.8056483920207402	-0.00015981696027703868
0.8103766339808439	-0.00015979721365897367
0.8151285171507483	-0.000159776502848921
0.8199041597365018	-0.00015975475348938543
0.8247036805351844	-0.00015973188338630595
0.8295271989378604	-0.0001597078015071897
0.8343748349325497	-0.0001596824068376362
0.8392467091072124	-0.0001596555870764951
0.8441429426527486	-0.00015962721714391024
0.8490636573660123	-0.00015959715747678949
0.8540089756528424	-0.00015956525207919388
0.8589790205311068	-0.00015953132629119193
0.8639739156337622	-0.00015949518423587756
0.868973915633762	-0.00015945676291440714
0.8739739156337618	-0.0001594158899188308
0.8789739156337616	-0.00015937233329326597
0.8839739156337615	-0.00015932583463379617
0.8889739156337613	-0.0001592761060261927
0.893973915633761	-0.00015922282650546892
0.8989739156337608	-0.00015916563809094766
0.9039739156337606	-0.00015910414134643008
0.9089739156337604	-0.00015903789040904018
0.9139739156337602	-0.00015896638742201607
0.91897391563376	-0.00015888907629891044
0.9239739156337599	-0.00015880533573862243
0.9289739156337596	-0.00015871447139868356
0.9339739156337594	-0.000158615707124529
0.9389739156337592	-0.00015850817511763312
0.943973915633759	-0.0001583909049125309
0.9489739156337588	-0.0001582628110135246
0.9539739156337586	-0.00015812267902661747
0.9589739156337583	-0.0001579691500965672
0.9639739156337582	-0.00015780070343801095
0.968973915633758	-0.00015761563671960936
0.9739739156337578	-0.0001574120440296905
0.9789739156337576	-0.00015718779111349656
0.9839739156337574	-0.0001569404875320335
0.9889739156337571	-0.00015666745534192084
0.9939739156337569	-0.00015636569383988065
0.9989739156337567	-0.00015603183984895302
1.0039739156337566	-0.0001556621229470147
1.0089739156337563	-0.00015525231494708695
1.0139739156337562	-0.00015479767283360117
1.0189739156337558	-0.0001542928742326364
1.0239739156337557	-0.00015373194435069242
1.0289739156337556	-0.0001531081731391574
1.0339739156337553	-0.00015241402124222819
1.0389739156337552	-0.0001516410130480389
1.0439739156337549	-0.0001507796148806234
1.0489739156337547	-0.00014981909605151574
1.0539739156337544	-0.00014874737011023677
1.0589739156337543	-0.00014755081320427324
1.0639739156337542	-0.00014621405597120793
1.0689739156337539	-0.00014471974483134669
1.0739739156337538	-0.00014304826794595183
1.0789739156337534	-0.00014117744044088576
1.0839739156337533	-0.00013908214280133595
1.088973915633753	-0.0001367339056267492
1.093973915633753	-0.00013410043324089106
1.0989739156337526	-0.0001311450580293701
1.1039739156337525	-0.00012782611689099034
1.1089739156337524	-0.00012409624093925824
1.113973915633752	-0.00011990154968851384
1.118973915633752	-0.00011518074156182741
1.1239739156337516	-0.0001098640738248346
1.1289739156337515	-0.00010387222718246179
1.1339739156337512	-9.711505346891276e-5
1.138973915633751	-8.94902092713993e-5
1.143973915633751	-8.088168407035075e-5
1.1489739156337506	-7.115823849084922e-5
1.1539739156337505	-6.017177627566127e-5
1.1589739156337502	-4.775568198804884e-5
1.16397391563375	-3.3723164143269413e-5
1.1689739156337497	-1.7865648829751485e-5
1.1739739156337496	4.8730284762032726e-8
1.1789739156337493	2.0276505948703245e-5
1.1839739156337492	4.3100091728054566e-5
1.187980436725312	6.347246560664977e-5
1.1919869578168745	8.587913565817992e-5
1.1959934789084372	0.00011050653535866502
1.2	0.00013755064186567688
