0.0006999999999999628	-0.00017448382520193905
0.001403500000000035	-0.00017447360838690376
0.0021105174999999296	-0.00017447341568019336
0.0028210700874998964	-0.00017447336148529
0.003535175437937438	-0.00017447330897047897
0.004252851315127062	-0.00017447325623813826
0.004974115571702636	-0.00017447320325926589
0.005698986149561044	-0.00017447315003111445
0.006427481080308875	-0.00017447309655164433
0.007159618485710418	-0.00017447304281878654
0.007895416578138905	-0.00017447298883082612
0.008634893661029494	-0.0001744729345858024
0.00937806812933463	-0.00017447288008207577
0.010124958469981361	-0.0001744728253179317
0.010875583262331262	-0.00017447277029166913
0.01162996117864295	-0.00017447271500173537
0.012388110984536127	-0.00017447265944655447
0.013150051539458866	-0.00017447260362446747
0.013915801797156208	-0.00017447254753402716
0.014685380806142003	-0.00017447249117364657
0.015458807710172712	-0.0001744724345418039
0.01623610174872358	-0.00017447237763693245
0.017017282257467212	-0.00017447232045758338
0.017802368668754516	-0.00017447226300216077
0.01859138051209827	-0.0001744722052693213
0.019384337414658823	-0.00017447214725741403
0.020181259101732015	-0.00017447208896501272
0.020982165397240727	-0.0001744720303905773
0.02178707622422691	-0.00017447197153269464
0.02259601160534814	-0.00017447191238975133
0.02340899166337483	-0.00017447185296035677
0.024226036621691812	-0.00017447179324292758
0.02504716680480027	-0.00017447173323596133
0.025872402638824326	-0.00017447167293799853
0.02670176465201842	-0.00017447161234747946
0.02753527347527842	-0.00017447155146296136
0.028372949842654864	-0.000174471490282848
0.0292148145918682	-0.00017447142880564628
0.03006088866482743	-0.0001744713670299212
0.03091119310815165	-0.00017447130495394574
0.0317657490736924	-0.0001744712425763308
0.03262457781906081	-0.00017447117989548907
0.03348770070815601	-0.00017447111690987107
0.034355139211696875	-0.00017447105361793902
0.035226914907755424	-0.0001744709900181409
0.03610304948229413	-0.00017447092610886855
0.03698356472970569	-0.00017447086188861815
0.03786848255335419	-0.00017447079735575
0.038757824966120964	-0.00017447073250873547
0.03965161409095162	-0.000174470667345955
0.04054987216140643	-0.00017447060186577494
0.04145262152221345	-0.00017447053606668445
0.04235988462982453	-0.00017447046994700937
0.04327168405297366	-0.0001744704035051533
0.0441880424732386	-0.00017447033673951854
0.04510898268560485	-0.0001744702696483923
0.046034527599032954	-0.0001744702022302044
0.04696470023702812	-0.00017447013448332677
0.04789952373821329	-0.00017447006640609346
0.048839021356904266	-0.00017446999799677516
0.04978321646368884	-0.0001744699292538151
0.05073213254600732	-0.0001744698601754772
0.05168579320873729	-0.0001744697907600462
0.052644222174780875	-0.00017446972100594436
0.05360744328565471	-0.00017446965091135814
0.054575480502083065	-0.00017446958047465062
0.05554835790459365	-0.00017446950969410004
0.05652609969411678	-0.00017446943856800427
0.05750873019258755	-0.00017446936709455998
0.05849627384355038	-0.00017446929527211488
0.05948875521276831	-0.0001744692230988691
0.060486198988831924	-0.00017446915057309732
0.061488629983776036	-0.00017446907769304635
0.062496073133695054	-0.00017446900445688567
0.06350855349936363	-0.00017446893086296472
0.06452609626686023	-0.0001744688569093353
0.06554872674819473	-0.00017446878259431387
0.0665764703819355	-0.00017446870791601506
0.06760935273384511	-0.00017446863287272878
0.06864739949751451	-0.00017446855746251283
0.06969063649500218	-0.00017446848168361882
0.07073908967747725	-0.00017446840553418517
0.07179278512586448	-0.00017446832901238857
0.07285174905149387	-0.00017446825211634248
0.07391600779675113	-0.00017446817484410718
0.07498558783573481	-0.00017446809719394915
0.07606051577491364	-0.00017446801916388993
0.07714081835378801	-0.00017446794075208846
0.0782265224455569	-0.0001744678619565049
0.07931765505778446	-0.00017446778277538808
0.08041424333307354	-0.00017446770320674303
0.08151631454973869	-0.00017446762324861676
0.08262389612248718	-0.00017446754289912597
0.08373701560309972	-0.00017446746215618293
0.08485570068111534	-0.0001744673810179975
0.08597997918452092	-0.00017446729948245157
0.08710987908044335	-0.00017446721754764148
0.08824542847584554	-0.0001744671352115918
0.08938665561822474	-0.00017446705247215806
0.0905335888963159	-0.0001744669693274692
0.09168625684079766	-0.00017446688577539858
0.09284468812500156	-0.0001744668018139679
0.09400891156562662	-0.000174466717441106
0.09517895612345495	-0.00017446663265476903
0.09635485090407213	-0.00017446654745289266
0.09753662515859228	-0.00017446646183330705
0.09872430828438533	-0.0001744663757940744
0.09991792982580742	-0.0001744662893329266
0.10111751947493633	-0.00017446620244781138
0.10232310707231096	-0.0001744661151366758
0.10353472260767245	-0.00017446602739727612
0.1047523962207106	-0.00017446593922751022
0.1059761582018141	-0.0001744658506252057
0.10720603899282295	-0.0001744657615881896
0.10844206918778705	-0.0001744656721142975
0.10968427953372589	-0.00017446558220124916
0.11093270093139453	-0.00017446549184695743
0.11218736443605157	-0.0001744654010490872
0.11344830125823162	-0.00017446530980546603
0.11471554276452282	-0.00017446521811382995
0.11598912047834534	-0.0001744651259719028
0.11726906608073716	-0.0001744650333774039
0.11855541141114084	-0.00017446494032814436
0.11984818846819666	-0.00017446484682163434
0.12114742941053756	-0.00017446475285579866
0.12245316655759021	-0.00017446465842813945
0.12376543239037813	-0.0001744645635363454
0.12508425955233007	-0.00017446446817807215
0.12640968085009188	-0.00017446437235099337
0.12774172925434224	-0.00017446427605272215
0.12908043790061416	-0.00017446417928083295
0.13042584009011704	-0.00017446408203292048
0.13177796929056776	-0.0001744639843065457
0.1331368591370207	-0.00017446388609932166
0.13450254343270562	-0.00017446378740879808
0.13587505614986897	-0.00017446368823244754
0.1372544314306183	-0.00017446358856788643
0.13864070358777136	-0.0001744634884124955
0.14003390710571012	-0.00017446338776388076
0.14143407664123844	-0.0001744632866194522
0.14284124702444484	-0.0001744631849766987
0.14425545325956707	-0.00017446308283302687
0.1456767305258648	-0.00017446298018589798
0.14710511417849395	-0.0001744628770327314
0.14854063974938644	-0.00017446277337088197
0.14998334294813345	-0.0001744626691977542
0.1514332596628742	-0.00017446256451075665
0.15289042596118857	-0.00017446245930716393
0.15435487809099444	-0.00017446235358435275
0.15582665248144925	-0.00017446224733958115
0.15730578574385642	-0.00017446214057027922
0.1587923146725756	-0.0001744620332735281
0.1602862762459386	-0.00017446192544673465
0.1617877076271685	-0.00017446181708717388
0.16329664616530448	-0.00017446170819192437
0.16481312939613094	-0.00017446159875834967
0.16633719504311156	-0.0001744614887834981
0.16786888101832692	-0.00017446137826462288
0.16940822542341866	-0.00017446126719888278
0.17095526655053575	-0.00017446115558338127
0.17251004288328856	-0.00017446104341519355
0.1740725930977048	-0.0001744609306915401
0.1756429560631934	-0.00017446081740939048
0.17722117084350925	-0.00017446070356585597
0.17880727669772659	-0.00017446058915792766
0.18040131308121543	-0.00017446047418265292
0.18200331964662148	-0.0001744603586370278
0.18361333624485465	-0.00017446024251802298
0.18523140292607912	-0.00017446012582261096
0.18685755994070938	-0.00017446000854765792
0.18849184774041308	-0.0001744598906900799
0.19013430697911532	-0.0001744597722468387
0.19178497851401088	-0.00017445965321472232
0.19344390340658082	-0.0001744595335906398
0.19511112292361377	-0.0001744594133713706
0.1967866785382319	-0.0001744592925537153
0.19847061193092289	-0.00017445917113445922
0.2001629649905775	-0.00017445904911036098
0.20186377981553055	-0.00017445892647813537
0.20357309871460819	-0.00017445880323446587
0.2052909642081813	-0.00017445867937601888
0.207017419029222	-0.00017445855489944584
0.20875250612436788	-0.0001744584298014383
0.21049626865498966	-0.00017445830407848809
0.21224874999826462	-0.00017445817772722435
0.21400999374825602	-0.00017445805074424347
0.2157800437169973	-0.00017445792312598233
0.21755894393558234	-0.00017445779486896748
0.21934673865526005	-0.00017445766596961785
0.2211434723485364	-0.00017445753642442537
0.22294918971027902	-0.00017445740622978507
0.22476393565883038	-0.00017445727538204417
0.22658775533712455	-0.00017445714387755016
0.22842069411381005	-0.00017445701171262947
0.23026279758437915	-0.0001744568788835994
0.23211411157230094	-0.00017445674538663346
0.23397468213016254	-0.0001744566112180218
0.23584455554081346	-0.00017445647637391799
0.23772377831851751	-0.00017445634085049027
0.23961239721011024	-0.00017445620464390309
0.24151045919616082	-0.00017445606775013533
0.24341801149214168	-0.00017445593016533322
0.24533510154960245	-0.0001744557918854925
0.24726177705735047	-0.00017445565290662558
0.2491980859426373	-0.00017445551322460703
0.25114407637235053	-0.0001744553728353849
0.2530997967542124	-0.00017445523173481852
0.2550652957379834	-0.00017445508991873843
0.2570406222166734	-0.00017445494738301377
0.25902582532775686	-0.0001744548041233517
0.26102095445439577	-0.00017445466013534043
0.2630260592266676	-0.00017445451541481998
0.26504118952280104	-0.00017445436995743518
0.26706639547041516	-0.00017445422375862992
0.26910172744776706	-0.0001744540768140289
0.27114723608500574	-0.00017445392911910604
0.2732029722654309	-0.00017445378066938897
0.2752689871267581	-0.00017445363146017083
0.2773453320623917	-0.00017445348148688907
0.2794320587227036	-0.00017445333074484043
0.281529219016317	-0.00017445317922927227
0.2836368651113984	-0.00017445302693543566
0.28575504943695557	-0.00017445287385843417
0.28788382468414025	-0.00017445271999344484
0.2900232438075611	-0.00017445256533548002
0.29217336002659877	-0.00017445240987952403
0.29433422682673194	-0.00017445225362057389
0.29650589796086546	-0.00017445209655356182
0.29868842745066976	-0.00017445193867317036
0.30088186958792296	-0.00017445177997431146
0.30308627893586265	-0.00017445162045157827
0.305301710330542	-0.00017445146009979702
0.3075282188821948	-0.0001744512989134509
0.30976585997660583	-0.00017445113688699116
0.31201468927648873	-0.0001744509740151034
0.31427476272287097	-0.00017445081029189322
0.3165461365364855	-0.00017445064571191532
0.318828867219168	-0.00017445048026932855
0.3211230115552639	-0.00017445031395829828
0.32342862661304006	-0.00017445014677298424
0.3257457697461053	-0.00017444997870738236
0.32807449859483556	-0.00017444980975545718
0.33041487108780954	-0.00017444963991111338
0.3327669454432486	-0.00017444946916812823
0.33513078017046477	-0.00017444929752017597
0.33750643407131686	-0.00017444912496095594
0.33989396624167323	-0.00017444895148406285
0.3422934360728816	-0.00017444877708283635
0.34470490325324576	-0.00017444860175061853
0.3471284277695118	-0.00017444842548079015
0.34956406990835936	-0.0001744482482664884
0.3520118902579012	-0.00017444807010087097
0.3544719497091907	-0.00017444789097673458
0.35694430945773664	-0.000174447710887135
0.3594290310050252	-0.00017444752982479292
0.36192617616005013	-0.00017444734778230547
0.3644358070408504	-0.0001744471647522231
0.36695798607605457	-0.00017444698072711194
0.36949277600643504	-0.00017444679569920735
0.37204023988646695	-0.00017444660966069205
0.374600441085899	-0.00017444642260382192
0.3771734432913285	-0.0001744462345202768
0.379759310507785	-0.0001744460454020812
0.3823581070603237	-0.00017444585524081574
0.3849698975956254	-0.00017444566402812119
0.3875947470836033	-0.00017444547175534482
0.39023272081902133	-0.00017444527841380366
0.3928838844231162	-0.00017444508399463548
0.39554830384523165	-0.00017444488848879566
0.3982260453644579	-0.00017444469188705692
0.4009171755912802	-0.00017444449418007205
0.4036217614692367	-0.00017444429535839166
0.4063398702765827	-0.00017444409541241066
0.40907156962796565	-0.00017444389433197798
0.41181692747610543	-0.0001744436921074055
0.41457601211348605	-0.00017444348872821538
0.4173488921740533	-0.0001744432841840272
0.4201356366349237	-0.00017444307846434503
0.42293631481809807	-0.0001744428715581578
0.4257509963921885	-0.0001744426634547503
0.42857975137414944	-0.00017444245414256724
0.4314226501310203	-0.0001744422436102807
0.43427976338167545	-0.0001744420318462076
0.43715116219858396	-0.00017444181883831083
0.440036918009577	-0.0001744416045746272
0.44293710259962477	-0.00017444138904244695
0.4458517881126228	-0.00017444117222930615
0.4487810470531859	-0.00017444095412214914
0.45172495228845155	-0.0001744407347078734
0.45468357704989376	-0.0001744405139728059
0.45765699493514306	-0.0001744402919032177
0.46064527990981863	-0.00017444006848494711
0.4636485063093676	-0.00017443984370363493
0.4666667488409145	-0.00017443961754448888
0.4697000825851191	-0.00017443938999245616
0.4727485829980444	-0.00017443916103206464
0.4758123259130346	-0.0001744389306476102
0.47889138754259974	-0.00017443869882279215
0.4819858444803126	-0.00017443846554117564
0.4850957737027142	-0.00017443823078570921
0.48822125257122767	-0.00017443799453921118
0.49136235883408375	-0.00017443775678377695
0.49451917062825407	-0.00017443751750122725
0.49769176648139524	-0.00017443727667293055
0.5008802253138022	-0.00017443703427968748
0.5040846264403713	-0.00017443679030185793
0.5073050495725733	-0.00017443654471937844
0.510541574820436	-0.00017443629751156877
0.5137942826945383	-0.0001744360486571705
0.5170632541080108	-0.00017443579813449254
0.520348570378551	-0.00017443554592110584
0.5236503132304436	-0.00017443529199409892
0.5269685647965956	-0.00017443503632983613
0.5303034076205784	-0.00017443477890413884
0.5336549246586811	-0.00017443451969211435
0.5370231992819746	-0.00017443425866796268
0.5404083152783844	-0.00017443399580555787
0.5438103568547764	-0.0001744337310776211
0.5472294086390501	-0.00017443346445626274
0.5506655556822453	-0.0001744331959128524
0.5541188834606565	-0.00017443292541767275
0.5575894778779599	-0.00017443265294026002
0.5610774252673494	-0.00017443237844934226
0.564582812393686	-0.00017443210191240985
0.5681057264556543	-0.00017443182329611364
0.5716462550879327	-0.00017443154256609243
0.5752044863633723	-0.00017443125968687211
0.578780508795189	-0.00017443097462170734
0.5823744113391649	-0.0001744306873328309
0.5859862833958606	-0.0001744303977811854
0.5896162148128399	-0.00017443010592643643
0.5932642958869042	-0.0001744298117269439
0.5969306173663387	-0.0001744295151395529
0.6006152704531702	-0.00017442921611983934
0.6043183468054361	-0.0001744289146214539
0.6080399385394633	-0.00017442861059719842
0.6117801382321605	-0.00017442830399724566
0.615539038923321	-0.0001744279947708531
0.6193167341179376	-0.00017442768286498738
0.6231133177885273	-0.00017442736822484043
0.6269288843774701	-0.00017442705079372004
0.6307635287993573	-0.00017442673051258883
0.6346173464433539	-0.00017442640732043363
0.6384904331755705	-0.00017442608115401955
0.6423828853414483	-0.0001744257519472709
0.6462947997681555	-0.0001744254196321004
0.6502262737669962	-0.00017442508413760514
0.6541774051358311	-0.00017442474538990915
0.6581482921615099	-0.00017442440331256803
0.6621390336223173	-0.00017442405782573317
0.6661497287904288	-0.0001744237088467181
0.6701804774343807	-0.00017442335628902876
0.6742313798215525	-0.0001744230000629969
0.6783025367206603	-0.0001744226400749943
0.6823940494042636	-0.00017442227622767626
0.6865060196512851	-0.0001744219084192181
0.6906385497495416	-0.00017442153654377202
0.6947917424982893	-0.00017442116049068732
0.6989657012107808	-0.0001744207801447239
0.7031605297168348	-0.00017442039538505028
0.7073763323654189	-0.0001744200060858683
0.7116132140272461	-0.00017441961211568487
0.715871280097382	-0.00017441921333668855
0.7201506364978687	-0.00017441880960492823
0.7244513896803577	-0.00017441840076952314
0.7287736466287593	-0.00017441798667291655
0.733117514861903	-0.00017441756714942438
0.7374831024362126	-0.00017441714202570707
0.7418705179483935	-0.00017441671111985494
0.7462798705381356	-0.00017441627424124329
0.7507112698908263	-0.00017441583118913117
0.7551648262402804	-0.0001744153817531415
0.759640650371482	-0.0001744149257119589
0.7641388536233394	-0.00017441446283284615
0.7686595478914561	-0.0001744139928707727
0.7732028456309133	-0.00017441351556797546
0.7777688598590677	-0.00017441303065239913
0.7823577041583629	-0.0001744125378378031
0.7869694926791548	-0.0001744120368218515
0.7916043401425507	-0.00017441152728537326
0.7962623618432633	-0.00017441100889118935
0.8009436736524796	-0.0001744104812832502
0.805648392020742	-0.00017440994408443852
0.8103766339808457	-0.00017440939689564375
0.81512851715075	-0.0001744088392941587
0.8199041597365035	-0.00017440827083189643
0.8247036805351862	-0.0001744076910331932
0.8295271989378621	-0.00017440709939289895
0.8343748349325514	-0.00017440649537456724
0.8392467091072142	-0.00017440587840708284
0.8441429426527504	-0.00017440524788236544
0.849063657366014	-0.00017440460315263994
0.8540089756528442	-0.00017440394352691296
0.8589790205311084	-0.00017440326826700256
0.863973915633764	-0.00017440257658413416
0.8689739156337638	-0.00017440186947168738
0.8739739156337636	-0.00017440114763979785
0.8789739156337634	-0.00017440041062779954
0.8839739156337632	-0.00017439965767957383
0.8889739156337629	-0.00017439888798940166
0.8939739156337627	-0.00017439810069938127
0.8989739156337626	-0.00017439729489481087
0.9039739156337624	-0.00017439646959982683
0.9089739156337622	-0.00017439562377083616
0.913973915633762	-0.00017439475629155968
0.9189739156337617	-0.00017439386596541457
0.9239739156337615	-0.00017439295150819582
0.9289739156337613	-0.0001743920115395733
0.9339739156337611	-0.00017439104457289196
0.938973915633761	-0.00017439004900539711
0.9439739156337608	-0.0001743890231043902
0.9489739156337605	-0.00017438796499379578
0.9539739156337603	-0.00017438687263844887
0.9589739156337601	-0.00017438574382507322
0.9639739156337599	-0.00017438457614145345
0.9689739156337597	-0.00017438336695225424
0.9739739156337595	-0.000174382113371057
0.9789739156337594	-0.00017438081222802672
0.9839739156337591	-0.0001743794600325755
0.9889739156337589	-0.00017437805292991234
0.9939739156337587	-0.0001743765866504363
0.9989739156337585	-0.00017437505645088818
1.0039739156337584	-0.00017437345704519484
1.008973915633758	-0.00017437178252318876
1.013973915633758	-0.00017437002625604007
1.0189739156337576	-0.00017436818078462324
1.0239739156337575	-0.00017436623768653266
1.0289739156337572	-0.00017436418742135327
1.033973915633757	-0.00017436201914608794
1.038973915633757	-0.00017435972049612488
1.0439739156337566	-0.00017435727732698122
1.0489739156337565	-0.00017435467340534393
1.0539739156337562	-0.00017435189004349526
1.058973915633756	-0.00017434890566178326
1.0639739156337558	-0.00017434569526846673
1.0689739156337557	-0.00017434222983775033
1.0739739156337553	-0.00017433847556704731
1.0789739156337552	-0.0001743343929884442
1.0839739156337551	-0.0001743299359039946
1.0889739156337548	-0.00017432505011209234
1.0939739156337547	-0.00017431967187935148
1.0989739156337544	-0.0001743137261068273
1.1039739156337542	-0.0001743071241302939
1.108973915633754	-0.0001742997610768974
1.1139739156337538	-0.00017429151268977762
1.1189739156337537	-0.00017428223151014487
1.1239739156337534	-0.00017427174228574395
1.1289739156337533	-0.00017425983644775553
1.133973915633753	-0.00017424626546234075
1.1389739156337528	-0.00017423073282866065
1.1439739156337525	-0.00017421288444422858
1.1489739156337524	-0.00017419229699989968
1.153973915633752	-0.00017416846400391647
1.158973915633752	-0.0001741407789445889
1.1639739156337519	-0.00017410851500511713
1.1689739156337515	-0.0001740708006240687
1.1739739156337514	-0.000174026590049012
1.178973915633751	-0.0001739746278569554
1.183973915633751	-0.00017391340620866578
1.1889739156337507	-0.00017384111334913554
1.1939739156337505	-0.0001737555715668399
1.1989739156337504	-0.00017365416246139327
1.2039739156337501	-0.00017353373692937684
1.20897391563375	-0.0001733905067534072
1.2139739156337497	-0.00017321991404583022
1.2189739156337496	-0.00017301647403019046
1.2239739156337492	-0.00017277358571983682
1.2289739156337491	-0.00017248330393349425
1.2339739156337488	-0.00017213606472761742
1.2389739156337487	-0.00017172035467955053
1.2439739156337486	-0.00017122231245112756
1.2489739156337483	-0.00017062524862693928
1.2539739156337482	-0.0001699090668674244
1.2589739156337478	-0.0001690495658257254
1.2639739156337477	-0.00016801759694678824
1.2689739156337474	-0.00016677804805521133
1.2739739156337473	-0.00016528861639113476
1.2789739156337472	-0.00016349832735693338
1.2839739156337469	-0.00016134574649124696
1.2889739156337467	-0.00015875682198048346
1.2939739156337464	-0.00015564228317502227
1.2989739156337463	-0.00015189450697828872
1.303973915633746	-0.0001473837485270612
1.3089739156337459	-0.00014195361525617693
1.3139739156337455	-0.00013541564436118846
1.3189739156337454	-0.00012754282321180812
1.3239739156337453	-0.0001180618711561357
1.328973915633745	-0.00010664408072934502
1.333973915633745	-9.289449867165957e-5
1.3389739156337446	-7.633921566028096e-5
1.3439739156337445	-5.6410533081289584e-5
1.3489739156337441	-3.2429792276768785e-5
1.353973915633744	-3.587695703244335e-6
1.358973915633744	3.107796769823239e-5
1.3639739156337436	7.27071440451679e-5
1.3689739156337435	0.0001226446266002735
1.3739739156337432	0.00018246890560295924
1.378973915633743	0.0002540218020531752
1.3839739156337427	0.00033943741834317737
1.3879804367253072	0.0004196746529376359
1.3919869578168715	0.0005116595306190558
1.395993478908436	0.0006170921897244282
1.4	0.000737682405727992
