0.0006999999999999628	-0.00017662435408428577
0.001403500000000035	-0.00017661441462923377
0.0021105174999999296	-0.00017661416792036299
0.0028210700874998964	-0.00017661404881357592
0.003535175437937438	-0.00017661393089131994
0.004252851315127062	-0.000176613812435236
0.004974115571702636	-0.0001766136934162488
0.005698986149561044	-0.00017661357382936204
0.006427481080308875	-0.00017661345367038755
0.007159618485710418	-0.00017661333293531517
0.007895416578138905	-0.0001766132116202762
0.008634893661029494	-0.00017661308972148897
0.00937806812933463	-0.0001766129672354155
0.010124958469981361	-0.0001766128441583949
0.010875583262331262	-0.0001766127204869901
0.01162996117864295	-0.0001766125962177683
0.012388110984536127	-0.00017661247134728275
0.013150051539458866	-0.00017661234587217124
0.013915801797156208	-0.00017661221978909243
0.014685380806142003	-0.00017661209309476482
0.015458807710172712	-0.00017661196578575093
0.01623610174872358	-0.00017661183785881105
0.017017282257467212	-0.0001766117093106217
0.017802368668754516	-0.00017661158013795934
0.01859138051209827	-0.0001766114503374731
0.019384337414658823	-0.00017661131990589292
0.020181259101732015	-0.0001766111888399288
0.020982165397240727	-0.00017661105713624319
0.02178707622422691	-0.0001766109247916572
0.02259601160534814	-0.00017661079180273742
0.02340899166337483	-0.0001766106581662295
0.024226036621691812	-0.00017661052387879807
0.02504716680480027	-0.00017661038893723296
0.025872402638824326	-0.0001766102533380538
0.02670176465201842	-0.00017661011707802922
0.02753527347527842	-0.0001766099801537692
0.028372949842654864	-0.00017660984256193636
0.0292148145918682	-0.00017660970429915805
0.03006088866482743	-0.000176609565362045
0.03091119310815165	-0.00017660942574721525
0.0317657490736924	-0.0001766092854512799
0.03262457781906081	-0.00017660914447082532
0.03348770070815601	-0.00017660900280238185
0.034355139211696875	-0.00017660886044255374
0.035226914907755424	-0.00017660871738791822
0.03610304948229413	-0.00017660857363497305
0.03698356472970569	-0.0001766084291802026
0.03786848255335419	-0.00017660828402019598
0.038757824966120964	-0.00017660813815141641
0.03965161409095162	-0.00017660799157031735
0.04054987216140643	-0.00017660784427342508
0.04145262152221345	-0.00017660769625714223
0.04235988462982453	-0.00017660754751793107
0.04327168405297366	-0.00017660739805216904
0.0441880424732386	-0.00017660724785638392
0.04510898268560485	-0.00017660709692681934
0.046034527599032954	-0.0001766069452599346
0.04696470023702812	-0.0001766067928520917
0.04789952373821329	-0.0001766066396995971
0.048839021356904266	-0.00017660648579882955
0.04978321646368884	-0.00017660633114610993
0.05073213254600732	-0.00017660617573763988
0.05168579320873729	-0.00017660601956981083
0.052644222174780875	-0.0001766058626388803
0.05360744328565471	-0.00017660570494103093
0.054575480502083065	-0.00017660554647254344
0.05554835790459365	-0.00017660538722970285
0.05652609969411678	-0.0001766052272085692
0.05750873019258755	-0.00017660506640537562
0.05849627384355038	-0.0001766049048163558
0.05948875521276831	-0.0001766047424375868
0.060486198988831924	-0.00017660457926521963
0.061488629983776036	-0.00017660441529541757
0.062496073133695054	-0.00017660425052420386
0.06350855349936363	-0.00017660408494769397
0.06452609626686023	-0.00017660391856199933
0.06554872674819473	-0.00017660375136303657
0.0665764703819355	-0.00017660358334694063
0.06760935273384511	-0.0001766034145097277
0.06864739949751451	-0.000176603244847317
0.06969063649500218	-0.00017660307435575978
0.07073908967747725	-0.00017660290303093647
0.07179278512586448	-0.00017660273086877892
0.07285174905149387	-0.00017660255786532814
0.07391600779675113	-0.00017660238401636354
0.07498558783573481	-0.00017660220931782494
0.07606051577491364	-0.0001766020337655838
0.07714081835378801	-0.0001766018573553999
0.0782265224455569	-0.00017660168008314933
0.07931765505778446	-0.00017660150194463725
0.08041424333307354	-0.0001766013229357205
0.08151631454973869	-0.00017660114305203324
0.08262389612248718	-0.00017660096228943882
0.08373701560309972	-0.0001766007806436169
0.08485570068111534	-0.00017660059811028218
0.08597997918452092	-0.00017660041468508874
0.08710987908044335	-0.00017660023036375537
0.08824542847584554	-0.00017660004514194732
0.08938665561822474	-0.00017659985901525074
0.0905335888963159	-0.0001765996719792877
0.09168625684079766	-0.0001765994840296544
0.09284468812500156	-0.00017659929516193653
0.09400891156562662	-0.00017659910537162665
0.09517895612345495	-0.00017659891465434828
0.09635485090407213	-0.00017659872300551492
0.09753662515859228	-0.00017659853042066394
0.09872430828438533	-0.00017659833689532843
0.09991792982580742	-0.0001765981424248305
0.10111751947493633	-0.00017659794700465288
0.10232310707231096	-0.00017659775063022905
0.10353472260767245	-0.00017659755329688483
0.1047523962207106	-0.00017659735500003573
0.1059761582018141	-0.00017659715573508533
0.10720603899282295	-0.00017659695549716436
0.10844206918778705	-0.00017659675428171383
0.10968427953372589	-0.00017659655208399902
0.11093270093139453	-0.0001765963488992467
0.11218736443605157	-0.00017659614472275174
0.11344830125823162	-0.00017659593954962786
0.11471554276452282	-0.00017659573337513638
0.11598912047834534	-0.00017659552619448586
0.11726906608073716	-0.00017659531800278663
0.11855541141114084	-0.00017659510879507347
0.11984818846819666	-0.0001765948985666098
0.12114742941053756	-0.00017659468731233644
0.12245316655759021	-0.00017659447502742196
0.12376543239037813	-0.00017659426170684456
0.12508425955233007	-0.0001765940473456297
0.12640968085009188	-0.0001765938319387544
0.12774172925434224	-0.0001765936154812563
0.12908043790061416	-0.00017659339796802486
0.13042584009011704	-0.0001765931793939847
0.13177796929056776	-0.00017659295975403698
0.1331368591370207	-0.0001765927390430847
0.13450254343270562	-0.00017659251725595854
0.13587505614986897	-0.0001765922943874877
0.1372544314306183	-0.00017659207043248368
0.13864070358777136	-0.0001765918453857384
0.14003390710571012	-0.00017659161924197847
0.14143407664123844	-0.00017659139199600242
0.14284124702444484	-0.00017659116364255266
0.14425545325956707	-0.00017659093417619613
0.1456767305258648	-0.0001765907035917005
0.14710511417849395	-0.00017659047188363114
0.14854063974938644	-0.0001765902390467348
0.14998334294813345	-0.00017659000507543187
0.1514332596628742	-0.0001765897699644168
0.15289042596118857	-0.00017658953370822827
0.15435487809099444	-0.00017658929630131183
0.15582665248144925	-0.00017658905773824634
0.15730578574385642	-0.00017658881801348625
0.1587923146725756	-0.0001765885771214358
0.1602862762459386	-0.00017658833505651146
0.1617877076271685	-0.00017658809181322825
0.16329664616530448	-0.00017658784738585156
0.16481312939613094	-0.00017658760176868606
0.16633719504311156	-0.00017658735495622042
0.16786888101832692	-0.00017658710694260925
0.16940822542341866	-0.0001765868577221621
0.17095526655053575	-0.00017658660728918103
0.17251004288328856	-0.00017658635563776826
0.1740725930977048	-0.00017658610276224818
0.1756429560631934	-0.00017658584865676665
0.17722117084350925	-0.0001765855933153512
0.17880727669772659	-0.00017658533673228446
0.18040131308121543	-0.00017658507890153227
0.18200331964662148	-0.000176584819817201
0.18361333624485465	-0.00017658455947340847
0.18523140292607912	-0.0001765842978640357
0.18685755994070938	-0.00017658403498314602
0.18849184774041308	-0.00017658377082469508
0.19013430697911532	-0.0001765835053825421
0.19178497851401088	-0.00017658323865080413
0.19344390340658082	-0.00017658297062313018
0.19511112292361377	-0.00017658270129351786
0.1967866785382319	-0.00017658243065569093
0.19847061193092289	-0.00017658215870345166
0.2001629649905775	-0.00017658188543064984
0.20186377981553055	-0.0001765816108309872
0.20357309871460819	-0.0001765813348982508
0.2052909642081813	-0.00017658105762603465
0.207017419029222	-0.00017658077900804245
0.20875250612436788	-0.00017658049903783473
0.21049626865498966	-0.00017658021770912592
0.21224874999826462	-0.0001765799350154412
0.21400999374825602	-0.00017657965095032202
0.2157800437169973	-0.0001765793655073158
0.21755894393558234	-0.0001765790786799151
0.21934673865526005	-0.00017657879046152833
0.2211434723485364	-0.0001765785008456317
0.22294918971027902	-0.00017657820982559452
0.22476393565883038	-0.00017657791739488128
0.22658775533712455	-0.00017657762354673215
0.22842069411381005	-0.0001765773282744884
0.23026279758437915	-0.00017657703157147195
0.23211411157230094	-0.00017657673343092568
0.23397468213016254	-0.00017657643384603132
0.23584455554081346	-0.00017657613281006957
0.23772377831851751	-0.00017657583031612081
0.23961239721011024	-0.0001765755263573172
0.24151045919616082	-0.0001765752209268479
0.24341801149214168	-0.00017657491401769707
0.24533510154960245	-0.00017657460562292261
0.24726177705735047	-0.00017657429573551941
0.2491980859426373	-0.00017657398434856137
0.25114407637235053	-0.00017657367145485514
0.2530997967542124	-0.00017657335704737804
0.2550652957379834	-0.00017657304111901246
0.2570406222166734	-0.00017657272366259
0.25902582532775686	-0.00017657240467091353
0.26102095445439577	-0.00017657208413680256
0.2630260592266676	-0.00017657176205285348
0.26504118952280104	-0.0001765714384120001
0.26706639547041516	-0.00017657111320670604
0.26910172744776706	-0.0001765707864297356
0.27114723608500574	-0.00017657045807362127
0.2732029722654309	-0.00017657012813096875
0.2752689871267581	-0.00017656979659439183
0.2773453320623917	-0.00017656946345616297
0.2794320587227036	-0.0001765691287089122
0.281529219016317	-0.00017656879234503726
0.2836368651113984	-0.00017656845435684256
0.28575504943695557	-0.00017656811473669865
0.28788382468414025	-0.00017656777347695025
0.2900232438075611	-0.00017656743056983148
0.29217336002659877	-0.00017656708600751286
0.29433422682673194	-0.00017656673978223568
0.29650589796086546	-0.0001765663918861302
0.29868842745066976	-0.0001765660423113041
0.30088186958792296	-0.0001765656910497185
0.30308627893586265	-0.00017656533809349688
0.305301710330542	-0.00017656498343451938
0.3075282188821948	-0.00017656462706477092
0.30976585997660583	-0.00017656426897607618
0.31201468927648873	-0.00017656390916022998
0.31427476272287097	-0.0001765635476091069
0.3165461365364855	-0.00017656318431438683
0.318828867219168	-0.00017656281926773992
0.3211230115552639	-0.00017656245246077762
0.32342862661304006	-0.00017656208388506007
0.3257457697461053	-0.00017656171353219293
0.32807449859483556	-0.00017656134139355833
0.33041487108780954	-0.0001765609674606986
0.3327669454432486	-0.00017656059172484117
0.33513078017046477	-0.00017656021417736796
0.33750643407131686	-0.00017655983480945614
0.33989396624167323	-0.00017655945361233467
0.3422934360728816	-0.00017655907057707211
0.34470490325324576	-0.00017655868569485596
0.3471284277695118	-0.00017655829895653607
0.34956406990835936	-0.00017655791035309468
0.3520118902579012	-0.0001765575198754384
0.3544719497091907	-0.00017655712751426942
0.35694430945773664	-0.00017655673326037475
0.3594290310050252	-0.00017655633710439425
0.36192617616005013	-0.00017655593903686425
0.3644358070408504	-0.00017655553904832546
0.36695798607605457	-0.00017655513712918006
0.36949277600643504	-0.00017655473326968633
0.37204023988646695	-0.00017655432746020185
0.374600441085899	-0.00017655391969082312
0.3771734432913285	-0.0001765535099516617
0.379759310507785	-0.00017655309823270518
0.3823581070603237	-0.00017655268452380324
0.3849698975956254	-0.00017655226881473115
0.3875947470836033	-0.00017655185109521026
0.39023272081902133	-0.0001765514313549182
0.3928838844231162	-0.00017655100958319301
0.39554830384523165	-0.0001765505857695245
0.3982260453644579	-0.00017655015990310368
0.4009171755912802	-0.00017654973197306977
0.4036217614692367	-0.00017654930196849713
0.4063398702765827	-0.0001765488698782216
0.40907156962796565	-0.0001765484356910846
0.41181692747610543	-0.0001765479993956994
0.41457601211348605	-0.00017654756098052884
0.4173488921740533	-0.00017654712043391248
0.4201356366349237	-0.00017654667774420313
0.42293631481809807	-0.00017654623289941885
0.4257509963921885	-0.00017654578588733436
0.42857975137414944	-0.00017654533669584545
0.4314226501310203	-0.00017654488531242002
0.43427976338167545	-0.00017654443172461398
0.43715116219858396	-0.0001765439759194499
0.440036918009577	-0.0001765435178840947
0.44293710259962477	-0.00017654305760542177
0.4458517881126228	-0.00017654259506997145
0.4487810470531859	-0.0001765421302642834
0.45172495228845155	-0.00017654166317453357
0.45468357704989376	-0.00017654119378671395
0.45765699493514306	-0.0001765407220866848
0.46064527990981863	-0.00017654024805985983
0.4636485063093676	-0.00017653977169159298
0.4666667488409145	-0.00017653929296695562
0.4697000825851191	-0.00017653881187066752
0.4727485829980444	-0.00017653832838724945
0.4758123259130346	-0.00017653784250087667
0.47889138754259974	-0.00017653735419544415
0.4819858444803126	-0.00017653686345464457
0.4850957737027142	-0.000176536370261717
0.48822125257122767	-0.00017653587459955314
0.49136235883408375	-0.00017653537645073386
0.49451917062825407	-0.00017653487579767112
0.49769176648139524	-0.0001765343726220649
0.5008802253138022	-0.0001765338669055596
0.5040846264403713	-0.00017653335862913836
0.5073050495725733	-0.0001765328477734787
0.510541574820436	-0.00017653233431880617
0.5137942826945383	-0.00017653181824494587
0.5170632541080108	-0.00017653129953112127
0.520348570378551	-0.00017653077815626966
0.5236503132304436	-0.00017653025409871732
0.5269685647965956	-0.00017652972733610408
0.5303034076205784	-0.00017652919784576427
0.5336549246586811	-0.00017652866560436117
0.5370231992819746	-0.00017652813058791167
0.5404083152783844	-0.00017652759277191993
0.5438103568547764	-0.00017652705213123374
0.5472294086390501	-0.00017652650863984594
0.5506655556822453	-0.00017652596227129297
0.5541188834606565	-0.00017652541299821722
0.5575894778779599	-0.0001765248607925924
0.5610774252673494	-0.00017652430562558328
0.564582812393686	-0.00017652374746733932
0.5681057264556543	-0.00017652318628757588
0.5716462550879327	-0.0001765226220546543
0.5752044863633723	-0.0001765220547363465
0.578780508795189	-0.00017652148429908644
0.5823744113391649	-0.00017652091070864126
0.5859862833958606	-0.00017652033392944578
0.5896162148128399	-0.00017651975392505464
0.5932642958869042	-0.00017651917065763094
0.5969306173663387	-0.0001765185840883757
0.6006152704531702	-0.00017651799417681613
0.6043183468054361	-0.00017651740088162532
0.6080399385394633	-0.0001765168041598185
0.6117801382321605	-0.00017651620396689816
0.615539038923321	-0.0001765156002570661
0.6193167341179376	-0.0001765149929827447
0.6231133177885273	-0.0001765143820947999
0.6269288843774701	-0.00017651376754244534
0.6307635287993573	-0.00017651314927267432
0.6346173464433539	-0.00017651252723090597
0.6384904331755705	-0.00017651190136073737
0.6423828853414483	-0.00017651127160305
0.6462947997681555	-0.00017651063789699266
0.6502262737669962	-0.00017651000017934862
0.6541774051358311	-0.00017650935838438569
0.6581482921615099	-0.00017650871244371567
0.6621390336223173	-0.00017650806228640251
0.6661497287904288	-0.00017650740783876489
0.6701804774343807	-0.00017650674902388244
0.6742313798215525	-0.00017650608576201098
0.6783025367206603	-0.00017650541797005267
0.6823940494042636	-0.00017650474556125918
0.6865060196512851	-0.00017650406844558453
0.6906385497495416	-0.00017650338652871924
0.6947917424982893	-0.00017650269971272286
0.6989657012107808	-0.0001765020078952014
0.7031605297168348	-0.00017650131096924417
0.7073763323654189	-0.0001765006088232523
0.7116132140272461	-0.00017649990134056172
0.715871280097382	-0.00017649918839921354
0.7201506364978687	-0.0001764984698716983
0.7244513896803577	-0.00017649774562469796
0.7287736466287593	-0.00017649701551826456
0.733117514861903	-0.00017649627940607423
0.7374831024362126	-0.00017649553713465802
0.7418705179483935	-0.00017649478854300666
0.7462798705381356	-0.00017649403346262134
0.7507112698908263	-0.0001764932717159753
0.7551648262402804	-0.00017649250311686757
0.759640650371482	-0.00017649172746954223
0.7641388536233394	-0.00017649094456826113
0.7686595478914561	-0.00017649015419641674
0.7732028456309133	-0.00017648935612572502
0.7777688598590677	-0.00017648855011602406
0.7823577041583629	-0.00017648773591358907
0.7869694926791548	-0.00017648691325131334
0.7916043401425507	-0.00017648608184674572
0.7962623618432633	-0.00017648524140146424
0.8009436736524796	-0.00017648439160029164
0.805648392020742	-0.00017648353210937323
0.8103766339808457	-0.00017648266257528413
0.81512851715075	-0.000176481782623433
0.8199041597365035	-0.00017648089185669523
0.8247036805351862	-0.00017647998985316322
0.8295271989378621	-0.00017647907616485234
0.8343748349325514	-0.00017647815031535311
0.8392467091072142	-0.00017647721179750165
0.8441429426527504	-0.00017647626007093287
0.849063657366014	-0.0001764752945592599
0.8540089756528442	-0.00017647431464743615
0.8589790205311084	-0.0001764733196776697
0.863973915633764	-0.00017647230894653852
0.8689739156337638	-0.0001764712842799604
0.8739739156337636	-0.00017647024717577854
0.8789739156337634	-0.00017646919738035247
0.8839739156337632	-0.00017646813421252867
0.8889739156337629	-0.00017646705694520683
0.8939739156337627	-0.00017646596480338963
0.8989739156337626	-0.00017646485695909647
0.9039739156337624	-0.00017646373252711502
0.9089739156337622	-0.00017646259055972228
0.913973915633762	-0.00017646143004057568
0.9189739156337617	-0.00017646024987819203
0.9239739156337615	-0.00017645904889870788
0.9289739156337613	-0.00017645782583701545
0.9339739156337611	-0.00017645657932797727
0.938973915633761	-0.00017645530789517206
0.9439739156337608	-0.0001764540099385856
0.9489739156337605	-0.0001764526837214729
0.9539739156337603	-0.0001764513273535038
0.9589739156337601	-0.0001764499387729313
0.9639739156337599	-0.00017644851572580885
0.9689739156337597	-0.00017644705574133002
0.9739739156337595	-0.00017644555610515908
0.9789739156337594	-0.0001764440138250996
0.9839739156337591	-0.00017644242559554661
0.9889739156337589	-0.00017644078775290895
0.9939739156337587	-0.00017643909622480015
0.9989739156337585	-0.0001764373464711177
1.0039739156337584	-0.00017643553341351238
1.008973915633758	-0.0001764336513544342
1.013973915633758	-0.00017643169388093725
1.0189739156337576	-0.00017642965375130098
1.0239739156337575	-0.0001764275227613668
1.0289739156337572	-0.0001764252915872763
1.033973915633757	-0.0001764229495981866
1.038973915633757	-0.00017642048463513922
1.0439739156337566	-0.000176417882747635
1.0489739156337565	-0.00017641512788182785
1.0539739156337562	-0.00017641220150820544
1.058973915633756	-0.0001764090821793971
1.0639739156337558	-0.0001764057450007565
1.0689739156337557	-0.00017640216100117662
1.0739739156337553	-0.0001763982963793704
1.0789739156337552	-0.00017639411160282224
1.0839739156337551	-0.00017638956033022338
1.0889739156337548	-0.00017638458812185308
1.0939739156337547	-0.00017637913089235314
1.0989739156337544	-0.0001763731130572553
1.1039739156337542	-0.00017636644531019148
1.108973915633754	-0.00017635902195334565
1.1139739156337538	-0.00017635071769473082
1.1189739156337537	-0.0001763413838013533
1.1239739156337534	-0.00017633084347473164
1.1289739156337533	-0.00017631888629806151
1.133973915633753	-0.0001763052615576514
1.1389739156337528	-0.000176289670213863
1.1439739156337525	-0.00017627175524713058
1.1489739156337524	-0.00017625109004579156
1.153973915633752	-0.00017622716443850106
1.158973915633752	-0.0001761993678922291
1.1639739156337519	-0.00017616696929650431
1.1689739156337515	-0.00017612909264381148
1.1739739156337514	-0.00017608468776654496
1.178973915633751	-0.00017603249512718446
1.183973915633751	-0.0001759710034487723
1.1889739156337507	-0.00017589839873085263
1.1939739156337505	-0.00017581250288879939
1.1989739156337504	-0.00017571069990206828
1.2039739156337501	-0.00017558984691101138
1.20897391563375	-0.00017544616718080452
1.2139739156337497	-0.00017527512119632331
1.2189739156337496	-0.00017507125138260286
1.2239739156337492	-0.00017482799498919717
1.2289739156337491	-0.00017453745852586962
1.2339739156337488	-0.0001741901457373446
1.2389739156337487	-0.00017377462940528846
1.2439739156337486	-0.00017327715520243093
1.2489739156337483	-0.0001726811633272682
1.2539739156337482	-0.00017196671063411277
1.2589739156337478	-0.00017110977232469274
1.2639739156337477	-0.00017008139788769327
1.2689739156337474	-0.0001688466907016937
1.2739739156337473	-0.00016736357439012597
1.2789739156337472	-0.00016558130146340704
1.2839739156337469	-0.0001634386507456744
1.2889739156337467	-0.000160861749343312
1.2939739156337464	-0.0001577614421668214
1.2989739156337463	-0.00015403011695337313
1.303973915633746	-0.00014953787504817014
1.3089739156337459	-0.0001441279175346164
1.3139739156337455	-0.00013761099238438908
1.3189739156337454	-0.00012975872090876235
1.3239739156337453	-0.00012029559090298617
1.328973915633745	-0.00010888936969431304
1.333973915633745	-9.513965353593481e-5
1.3389739156337446	-7.856423174256081e-5
1.3439739156337445	-5.858290696847101e-5
1.3489739156337441	-3.449838075334993e-5
1.353973915633744	-5.473791493813704e-6
1.358973915633744	2.9493511502394734e-5
1.3639739156337436	7.160234787614122e-5
1.3689739156337435	0.00012228255823412934
1.3739739156337432	0.00018323450926027287
1.378973915633743	0.000256473204856367
1.3839739156337427	0.00034437660830273595
1.3879804367253072	0.0004274309356929582
1.3919869578168715	0.0005231797382324822
1.395993478908436	0.0006336398887363865
1.4	0.0007609015749313576
