0.0006999999999999628	-0.00016076769404567851
0.001403500000000035	-0.00016075775713175218
0.0021105174999999296	-0.00016075751137122583
0.0028210700874998964	-0.00016075739317438878
0.003535175437937438	-0.00016075727616655
0.004252851315127062	-0.00016075715863027515
0.004974115571702636	-0.00016075704053665775
0.005698986149561044	-0.00016075692188079427
0.006427481080308875	-0.0001607568026584515
0.007159618485710418	-0.0001607566828656603
0.007895416578138905	-0.00016075656249856746
0.008634893661029494	-0.00016075644155350734
0.00937806812933463	-0.0001607563200268957
0.010124958469981361	-0.00016075619791516363
0.010875583262331262	-0.0001607560752148951
0.01162996117864295	-0.0001607559519227136
0.012388110984536127	-0.0001607558280351902
0.013150051539458866	-0.0001607557035490397
0.013915801797156208	-0.00016075557846094576
0.014685380806142003	-0.00016075545276755576
0.015458807710172712	-0.000160755326465661
0.01623610174872358	-0.00016075519955201998
0.017017282257467212	-0.00016075507202332714
0.017802368668754516	-0.00016075494387634488
0.01859138051209827	-0.0001607548151077919
0.019384337414658823	-0.00016075468571446412
0.020181259101732015	-0.00016075455569317392
0.020982165397240727	-0.00016075442504055734
0.02178707622422691	-0.00016075429375341546
0.02259601160534814	-0.00016075416182846836
0.02340899166337483	-0.00016075402926257434
0.024226036621691812	-0.00016075389605233652
0.02504716680480027	-0.0001607537621944896
0.025872402638824326	-0.00016075362768586455
0.02670176465201842	-0.0001607534925230492
0.02753527347527842	-0.0001607533567027924
0.028372949842654864	-0.0001607532202217969
0.0292148145918682	-0.0001607530830767107
0.03006088866482743	-0.00016075294526425105
0.03091119310815165	-0.00016075280678110021
0.0317657490736924	-0.00016075266762383153
0.03262457781906081	-0.00016075252778911038
0.03348770070815601	-0.0001607523872736196
0.034355139211696875	-0.00016075224607389163
0.035226914907755424	-0.00016075210418656257
0.03610304948229413	-0.00016075196160826352
0.03698356472970569	-0.0001607518183355212
0.03786848255335419	-0.00016075167436490774
0.038757824966120964	-0.0001607515296929646
0.03965161409095162	-0.00016075138431626
0.04054987216140643	-0.00016075123823130122
0.04145262152221345	-0.0001607510914346265
0.04235988462982453	-0.00016075094392263602
0.04327168405297366	-0.00016075079569189676
0.0441880424732386	-0.0001607506467388787
0.04510898268560485	-0.00016075049705997736
0.046034527599032954	-0.00016075034665165677
0.04696470023702812	-0.00016075019551034503
0.04789952373821329	-0.00016075004363248448
0.048839021356904266	-0.00016074989101437753
0.04978321646368884	-0.00016074973765245712
0.05073213254600732	-0.0001607495835430898
0.05168579320873729	-0.00016074942868258494
0.052644222174780875	-0.00016074927306732826
0.05360744328565471	-0.0001607491166935814
0.054575480502083065	-0.0001607489595576943
0.05554835790459365	-0.00016074880165589144
0.05652609969411678	-0.00016074864298442826
0.05750873019258755	-0.00016074848353966314
0.05849627384355038	-0.00016074832331771166
0.05948875521276831	-0.00016074816231489462
0.060486198988831924	-0.00016074800052728685
0.061488629983776036	-0.00016074783795114493
0.062496073133695054	-0.00016074767458269215
0.06350855349936363	-0.0001607475104180026
0.06452609626686023	-0.00016074734545319614
0.06554872674819473	-0.00016074717968444865
0.0665764703819355	-0.00016074701310778405
0.06760935273384511	-0.0001607468457193817
0.06864739949751451	-0.0001607466775152228
0.06969063649500218	-0.00016074650849136826
0.07073908967747725	-0.00016074633864393312
0.07179278512586448	-0.00016074616796884667
0.07285174905149387	-0.00016074599646207847
0.07391600779675113	-0.0001607458241196841
0.07498558783573481	-0.00016074565093756617
0.07606051577491364	-0.00016074547691172046
0.07714081835378801	-0.00016074530203802424
0.0782265224455569	-0.00016074512631237035
0.07931765505778446	-0.00016074494973072963
0.08041424333307354	-0.00016074477228886043
0.08151631454973869	-0.00016074459398266052
0.08262389612248718	-0.00016074441480799112
0.08373701560309972	-0.00016074423476064055
0.08485570068111534	-0.00016074405383636757
0.08597997918452092	-0.00016074387203103243
0.08710987908044335	-0.00016074368934030435
0.08824542847584554	-0.000160743505759975
0.08938665561822474	-0.0001607433212857642
0.0905335888963159	-0.00016074313591333346
0.09168625684079766	-0.00016074294963838473
0.09284468812500156	-0.00016074276245658592
0.09400891156562662	-0.00016074257436360194
0.09517895612345495	-0.0001607423853549995
0.09635485090407213	-0.0001607421954264171
0.09753662515859228	-0.0001607420045734606
0.09872430828438533	-0.00016074181279164982
0.09991792982580742	-0.00016074162007654363
0.10111751947493633	-0.00016074142642370646
0.10232310707231096	-0.00016074123182856071
0.10353472260767245	-0.00016074103628668077
0.1047523962207106	-0.00016074083979347002
0.1059761582018141	-0.00016074064234441912
0.10720603899282295	-0.0001607404439348978
0.10844206918778705	-0.0001607402445603623
0.10968427953372589	-0.0001607400442161931
0.11093270093139453	-0.00016073984289772367
0.11218736443605157	-0.00016073964060033568
0.11344830125823162	-0.00016073943731927245
0.11471554276452282	-0.000160739233049939
0.11598912047834534	-0.0001607390277875854
0.11726906608073716	-0.00016073882152744894
0.11855541141114084	-0.0001607386142647933
0.11984818846819666	-0.0001607384059947801
0.12114742941053756	-0.000160738196712687
0.12245316655759021	-0.00016073798641366585
0.12376543239037813	-0.00016073777509285984
0.12508425955233007	-0.00016073756274541116
0.12640968085009188	-0.00016073734936642892
0.12774172925434224	-0.00016073713495102222
0.12908043790061416	-0.0001607369194942353
0.13042584009011704	-0.00016073670299113219
0.13177796929056776	-0.00016073648543676828
0.1331368591370207	-0.00016073626682605452
0.13450254343270562	-0.0001607360471541123
0.13587505614986897	-0.00016073582641583077
0.1372544314306183	-0.00016073560460616067
0.13864070358777136	-0.00016073538171998205
0.14003390710571012	-0.00016073515775223278
0.14143407664123844	-0.0001607349326977869
0.14284124702444484	-0.00016073470655149523
0.14425545325956707	-0.0001607344793082014
0.1456767305258648	-0.00016073425096269412
0.14710511417849395	-0.00016073402150975957
0.14854063974938644	-0.0001607337909441541
0.14998334294813345	-0.00016073355926063168
0.1514332596628742	-0.0001607333264539695
0.15289042596118857	-0.00016073309251874454
0.15435487809099444	-0.0001607328574497133
0.15582665248144925	-0.00016073262124152517
0.15730578574385642	-0.00016073238388874901
0.1587923146725756	-0.00016073214538609367
0.1602862762459386	-0.00016073190572805598
0.1617877076271685	-0.00016073166490919335
0.16329664616530448	-0.00016073142292406182
0.16481312939613094	-0.00016073117976719682
0.16633719504311156	-0.00016073093543308975
0.16786888101832692	-0.0001607306899161774
0.16940822542341866	-0.00016073044321090807
0.17095526655053575	-0.0001607301953117459
0.17251004288328856	-0.00016072994621304888
0.1740725930977048	-0.00016072969590916493
0.1756429560631934	-0.00016072944439446927
0.17722117084350925	-0.00016072919166337777
0.17880727669772659	-0.00016072893771000492
0.18040131308121543	-0.00016072868252876838
0.18200331964662148	-0.00016072842611388545
0.18361333624485465	-0.00016072816845964774
0.18523140292607912	-0.00016072790956014128
0.18685755994070938	-0.00016072764940964197
0.18849184774041308	-0.00016072738800226294
0.19013430697911532	-0.00016072712533215638
0.19178497851401088	-0.00016072686139344275
0.19344390340658082	-0.00016072659618019194
0.19511112292361377	-0.00016072632968649144
0.1967866785382319	-0.00016072606190631344
0.19847061193092289	-0.00016072579283376749
0.2001629649905775	-0.00016072552246279508
0.20186377981553055	-0.00016072525078730714
0.20357309871460819	-0.0001607249778013259
0.2052909642081813	-0.000160724703498732
0.207017419029222	-0.0001607244278733615
0.20875250612436788	-0.00016072415091921102
0.21049626865498966	-0.00016072387262998003
0.21224874999826462	-0.00016072359299956383
0.21400999374825602	-0.0001607233120216884
0.2157800437169973	-0.00016072302969017172
0.21755894393558234	-0.00016072274599876745
0.21934673865526005	-0.0001607224609411066
0.2211434723485364	-0.00016072217451091778
0.22294918971027902	-0.00016072188670185155
0.22476393565883038	-0.00016072159750761344
0.22658775533712455	-0.000160721306921746
0.22842069411381005	-0.00016072101493778997
0.23026279758437915	-0.0001607207215493547
0.23211411157230094	-0.00016072042675002116
0.23397468213016254	-0.0001607201305331502
0.23584455554081346	-0.0001607198328923423
0.23772377831851751	-0.00016071953382097742
0.23961239721011024	-0.00016071923331253504
0.24151045919616082	-0.00016071893136038255
0.24341801149214168	-0.0001607186279578163
0.24533510154960245	-0.0001607183230982961
0.24726177705735047	-0.0001607180167750668
0.2491980859426373	-0.00016071770898143777
0.25114407637235053	-0.00016071739971063945
0.2530997967542124	-0.0001607170889559129
0.2550652957379834	-0.00016071677671044773
0.2570406222166734	-0.0001607164629674006
0.25902582532775686	-0.0001607161477199386
0.26102095445439577	-0.00016071583096124184
0.2630260592266676	-0.00016071551268424415
0.26504118952280104	-0.00016071519288210414
0.26706639547041516	-0.00016071487154778835
0.26910172744776706	-0.00016071454867435102
0.27114723608500574	-0.0001607142242547753
0.2732029722654309	-0.00016071389828188647
0.2752689871267581	-0.0001607135707486042
0.2773453320623917	-0.00016071324164787976
0.2794320587227036	-0.00016071291097248034
0.281529219016317	-0.0001607125787152204
0.2836368651113984	-0.00016071224486891478
0.28575504943695557	-0.00016071190942626524
0.28788382468414025	-0.00016071157238000734
0.2900232438075611	-0.00016071123372277525
0.29217336002659877	-0.00016071089344719372
0.29433422682673194	-0.00016071055154597434
0.29650589796086546	-0.0001607102080115448
0.29868842745066976	-0.00016070986283653349
0.30088186958792296	-0.00016070951601341118
0.30308627893586265	-0.0001607091675345405
0.305301710330542	-0.00016070881739252852
0.3075282188821948	-0.0001607084655796268
0.30976585997660583	-0.0001607081120881916
0.31201468927648873	-0.0001607077569105576
0.31427476272287097	-0.0001607074000390226
0.3165461365364855	-0.0001607070414657051
0.318828867219168	-0.00016070668118287697
0.3211230115552639	-0.00016070631918262279
0.32342862661304006	-0.00016070595545709574
0.3257457697461053	-0.0001607055899983042
0.32807449859483556	-0.00016070522279823966
0.33041487108780954	-0.00016070485384889405
0.3327669454432486	-0.00016070448314217827
0.33513078017046477	-0.00016070411066992335
0.33750643407131686	-0.00016070373642397345
0.33989396624167323	-0.00016070336039608268
0.3422934360728816	-0.00016070298257793366
0.34470490325324576	-0.0001607026029612744
0.3471284277695118	-0.00016070222153757808
0.34956406990835936	-0.00016070183829850417
0.3520118902579012	-0.00016070145323542518
0.3544719497091907	-0.00016070106633996585
0.35694430945773664	-0.00016070067760326061
0.3594290310050252	-0.00016070028701673582
0.36192617616005013	-0.00016069989457170893
0.3644358070408504	-0.00016069950025922165
0.36695798607605457	-0.00016069910407046152
0.36949277600643504	-0.00016069870599641159
0.37204023988646695	-0.00016069830602807872
0.374600441085899	-0.00016069790415637578
0.3771734432913285	-0.0001606975003721164
0.379759310507785	-0.00016069709466600166
0.3823581070603237	-0.0001606966870287351
0.3849698975956254	-0.00016069627745089298
0.3875947470836033	-0.00016069586592291912
0.39023272081902133	-0.00016069545243519817
0.3928838844231162	-0.00016069503697823114
0.39554830384523165	-0.00016069461954193565
0.3982260453644579	-0.0001606942001166842
0.4009171755912802	-0.0001606937786924301
0.4036217614692367	-0.00016069335525892452
0.4063398702765827	-0.0001606929298061856
0.40907156962796565	-0.0001606925023238069
0.41181692747610543	-0.00016069207280138914
0.41457601211348605	-0.00016069164122836405
0.4173488921740533	-0.0001606912075941492
0.4201356366349237	-0.0001606907718878048
0.42293631481809807	-0.0001606903340985564
0.4257509963921885	-0.00016068989421523695
0.42857975137414944	-0.00016068945222665564
0.4314226501310203	-0.00016068900812151292
0.43427976338167545	-0.0001606885618882862
0.43715116219858396	-0.0001606881135153365
0.440036918009577	-0.00016068766299073863
0.44293710259962477	-0.00016068721030255414
0.4458517881126228	-0.00016068675543868022
0.4487810470531859	-0.0001606862983866229
0.45172495228845155	-0.00016068583913394268
0.45468357704989376	-0.0001606853776677901
0.45765699493514306	-0.0001606849139753371
0.46064527990981863	-0.00016068444804336607
0.4636485063093676	-0.00016068397985848144
0.4666667488409145	-0.00016068350940705677
0.4697000825851191	-0.00016068303667533213
0.4727485829980444	-0.0001606825616490205
0.4758123259130346	-0.0001606820843139464
0.47889138754259974	-0.00016068160465544567
0.4819858444803126	-0.0001606811226586325
0.4850957737027142	-0.00016068063830830637
0.48822125257122767	-0.0001606801515889024
0.49136235883408375	-0.00016067966248465781
0.49451917062825407	-0.00016067917097950762
0.49769176648139524	-0.00016067867705699522
0.5008802253138022	-0.00016067818070022693
0.5040846264403713	-0.00016067768189206708
0.5073050495725733	-0.00016067718061493297
0.510541574820436	-0.00016067667685095062
0.5137942826945383	-0.0001606761705816017
0.5170632541080108	-0.00016067566178826703
0.520348570378551	-0.00016067515045160562
0.5236503132304436	-0.0001606746365519576
0.5269685647965956	-0.00016067412006905935
0.5303034076205784	-0.00016067360098228787
0.5336549246586811	-0.00016067307927042633
0.5370231992819746	-0.00016067255491171003
0.5404083152783844	-0.00016067202788374674
0.5438103568547764	-0.00016067149816365213
0.5472294086390501	-0.000160670965727897
0.5506655556822453	-0.0001606704305522127
0.5541188834606565	-0.00016066989261184767
0.5575894778779599	-0.0001606693518811042
0.5610774252673494	-0.0001606688083337727
0.564582812393686	-0.00016066826194270352
0.5681057264556543	-0.00016066771268006408
0.5716462550879327	-0.00016066716051714826
0.5752044863633723	-0.00016066660542434744
0.578780508795189	-0.00016066604737122967
0.5823744113391649	-0.00016066548632632057
0.5859862833958606	-0.0001606649222571508
0.5896162148128399	-0.00016066435513023114
0.5932642958869042	-0.00016066378491122425
0.5969306173663387	-0.00016066321156415486
0.6006152704531702	-0.00016066263505223497
0.6043183468054361	-0.00016066205533743917
0.6080399385394633	-0.00016066147238024482
0.6117801382321605	-0.00016066088613982484
0.615539038923321	-0.00016066029657417914
0.6193167341179376	-0.0001606597036393635
0.6231133177885273	-0.0001606591072903356
0.6269288843774701	-0.00016065850748003208
0.6307635287993573	-0.0001606579041597436
0.6346173464433539	-0.0001606572972793166
0.6384904331755705	-0.00016065668678617192
0.6423828853414483	-0.0001606560726262022
0.6462947997681555	-0.0001606554547428447
0.6502262737669962	-0.00016065483307774962
0.6541774051358311	-0.0001606542075698532
0.6581482921615099	-0.00016065357815597166
0.6621390336223173	-0.00016065294477023417
0.6661497287904288	-0.00016065230734423283
0.6701804774343807	-0.0001606516658065041
0.6742313798215525	-0.00016065102008291115
0.6783025367206603	-0.00016065037009609188
0.6823940494042636	-0.00016064971576524364
0.6865060196512851	-0.00016064905700644317
0.6906385497495416	-0.0001606483937319299
0.6947917424982893	-0.00016064772584981722
0.6989657012107808	-0.00016064705326465455
0.7031605297168348	-0.00016064637587651494
0.7073763323654189	-0.00016064569358090495
0.7116132140272461	-0.00016064500626847264
0.715871280097382	-0.00016064431382488168
0.7201506364978687	-0.00016064361613053694
0.7244513896803577	-0.0001606429130600508
0.7287736466287593	-0.0001606422044818169
0.733117514861903	-0.0001606414902583568
0.7374831024362126	-0.00016064077024515486
0.7418705179483935	-0.00016064004429037915
0.7462798705381356	-0.00016063931223480647
0.7507112698908263	-0.0001606385739111826
0.7551648262402804	-0.00016063782914338493
0.759640650371482	-0.00016063707774631618
0.7641388536233394	-0.0001606363195251401
0.7686595478914561	-0.00016063555427445374
0.7732028456309133	-0.0001606347817781185
0.7777688598590677	-0.00016063400180782689
0.7823577041583629	-0.00016063321412276794
0.7869694926791548	-0.00016063241846894042
0.7916043401425507	-0.000160631614577351
0.7962623618432633	-0.00016063080216399228
0.8009436736524796	-0.0001606299809280863
0.805648392020742	-0.00016062915055134626
0.8103766339808457	-0.00016062831069597154
0.81512851715075	-0.00016062746100419767
0.8199041597365035	-0.00016062660109574894
0.8247036805351862	-0.00016062573056698144
0.8295271989378621	-0.00016062484898839852
0.8343748349325514	-0.00016062395590293638
0.8392467091072142	-0.00016062305082384636
0.8441429426527504	-0.00016062213323190727
0.849063657366014	-0.0001606212025726602
0.8540089756528442	-0.00016062025825416
0.8589790205311084	-0.00016061929964269816
0.863973915633764	-0.00016061832606007343
0.8689739156337638	-0.00016061733920989213
0.8739739156337636	-0.00016061634056707303
0.8789739156337634	-0.0001606153298950238
0.8839739156337632	-0.00016061430653040398
0.8889739156337629	-0.0001606132697654818
0.8939739156337627	-0.00016061221884453714
0.8989739156337626	-0.00016061115296027692
0.9039739156337624	-0.0001606100712488879
0.9089739156337622	-0.0001606089727848851
0.913973915633762	-0.00016060785657505427
0.9189739156337617	-0.0001606067215521752
0.9239739156337615	-0.0001606055665676721
0.9289739156337613	-0.00016060439038302835
0.9339739156337611	-0.0001606031916607023
0.938973915633761	-0.00016060196895338686
0.9439739156337608	-0.0001606007206912959
0.9489739156337605	-0.00016059944516952644
0.9539739156337603	-0.00016059814053120272
0.9589739156337601	-0.00016059680474993056
0.9639739156337599	-0.00016059543560855143
0.9689739156337597	-0.00016059403067543668
0.9739739156337595	-0.00016059258727698874
0.9789739156337594	-0.000160591102464734
0.9839739156337591	-0.00016058957297890251
0.9889739156337589	-0.0001605879952043359
0.9939739156337587	-0.00016058636512006143
0.9989739156337585	-0.00016058467824072622
1.0039739156337584	-0.00016058292954632453
1.008973915633758	-0.00016058111340111586
1.013973915633758	-0.00016057922345800006
1.0189739156337576	-0.00016057725254659745
1.0239739156337575	-0.00016057519253820168
1.0289739156337572	-0.00016057303419034943
1.033973915633757	-0.00016057076695993015
1.038973915633757	-0.00016056837878193966
1.0439739156337566	-0.00016056585580864565
1.0489739156337565	-0.00016056318209638253
1.0539739156337562	-0.00016056033923592087
1.058973915633756	-0.0001605573059108929
1.0639739156337558	-0.00016055405736994192
1.0689739156337557	-0.00016055056479803912
1.0739739156337553	-0.0001605467945658467
1.0789739156337552	-0.00016054270733027953
1.0839739156337551	-0.000160538256959524
1.0889739156337548	-0.00016053338924455632
1.0939739156337547	-0.0001605280403575717
1.0989739156337544	-0.00016052213500036713
1.1039739156337542	-0.0001605155841860198
1.108973915633754	-0.00016050828257460346
1.1139739156337538	-0.000160500105276622
1.1189739156337537	-0.0001604909040104832
1.1239739156337534	-0.000160480502488632
1.1289739156337533	-0.00016046869087179598
1.133973915633753	-0.00016045521909994272
1.1389739156337528	-0.00016043978887762415
1.1439739156337525	-0.00016042204403189043
1.1489739156337524	-0.00016040155891626276
1.153973915633752	-0.00016037782446319448
1.158973915633752	-0.00016035023140145648
1.1639739156337519	-0.00016031805006850366
1.1689739156337515	-0.00016028040611810394
1.1739739156337514	-0.00016023625129152761
1.178973915633751	-0.00016018432824765704
1.183973915633751	-0.00016012312823963302
1.1889739156337507	-0.00016005084018350652
1.1939739156337505	-0.00015996528936088088
1.1989739156337504	-0.0001598638636383314
1.2039739156337501	-0.0001597434246510769
1.20897391563375	-0.0001596002008641044
1.2139739156337497	-0.00015942965878617938
1.2189739156337496	-0.00015922634782630654
1.2239739156337492	-0.00015898371334208169
1.2289739156337491	-0.00015869387126708117
1.2339739156337488	-0.00015834733631761707
1.2389739156337487	-0.00015793269406791483
1.2439739156337486	-0.0001574362051345718
1.2489739156337483	-0.00015684132720838713
1.2539739156337482	-0.00015612813766269765
1.2589739156337478	-0.00015527263582459767
1.2639739156337477	-0.00015424589961750184
1.2689739156337474	-0.00015301306601479
1.2739739156337473	-0.00015153209843201876
1.2789739156337472	-0.00014975229662366192
1.2839739156337469	-0.00014761249563300622
1.2889739156337467	-0.0001450388896008652
1.2939739156337464	-0.000141942403503376
1.2989739156337463	-0.0001382155208332653
1.303973915633746	-0.00013372845755389782
1.3089739156337459	-0.00012832455199283794
1.3139739156337455	-0.00012181471643081103
1.3189739156337454	-0.00011397076875907848
1.3239739156337453	-0.00010451743168312992
1.328973915633745	-9.312275278314968e-5
1.333973915633745	-7.938666195740194e-5
1.3389739156337446	-6.282734472942967e-5
1.3439739156337445	-4.286507286919905e-5
1.3489739156337441	-1.8803101472189388e-5
1.353973915633744	1.0194780400338226e-5
1.358973915633744	4.513046202318307e-5
1.3639739156337436	8.720187655956928e-5
1.3689739156337435	0.00013783783862928651
1.3739739156337432	0.00019873753565383294
1.378973915633743	0.0002719146271031917
1.3839739156337427	0.0003597455582923744
1.3879804367253072	0.00044273279824148153
1.3919869578168715	0.0005384055362427334
1.395993478908436	0.0006487795929872869
1.4	0.0007759440833258018
