0.0006999999999999628	-0.00016570077052051685
0.001403500000000035	-0.00016569117180506197
0.0021105174999999296	-0.00016569080680913837
0.0028210700874998964	-0.00016569057144253085
0.003535175437937438	-0.0001656903365053184
0.004252851315127062	-0.00016569010015838088
0.004974115571702636	-0.0001656898623619851
0.005698986149561044	-0.0001656896231022666
0.006427481080308875	-0.000165689382366145
0.007159618485710418	-0.00016568914014067655
0.007895416578138905	-0.00016568889641314016
0.008634893661029494	-0.0001656886511708025
0.00937806812933463	-0.00016568840440107937
0.010124958469981361	-0.00016568815609130963
0.010875583262331262	-0.00016568790622886894
0.01162996117864295	-0.00016568765480107206
0.012388110984536127	-0.0001656874017952087
0.013150051539458866	-0.00016568714719855491
0.013915801797156208	-0.00016568689099824801
0.014685380806142003	-0.000165686633181403
0.015458807710172712	-0.00016568637373502956
0.01623610174872358	-0.00016568611264608862
0.017017282257467212	-0.00016568584990143468
0.017802368668754516	-0.0001656855854877818
0.01859138051209827	-0.00016568531939179846
0.019384337414658823	-0.00016568505160002514
0.020181259101732015	-0.00016568478209886295
0.020982165397240727	-0.00016568451087463706
0.02178707622422691	-0.00016568423791359362
0.02259601160534814	-0.00016568396320174397
0.02340899166337483	-0.00016568368672506385
0.024226036621691812	-0.00016568340846935138
0.02504716680480027	-0.00016568312842033325
0.025872402638824326	-0.00016568284656355353
0.02670176465201842	-0.00016568256288440898
0.02753527347527842	-0.0001656822773682357
0.028372949842654864	-0.0001656819900001249
0.0292148145918682	-0.0001656817007651202
0.03006088866482743	-0.00016568140964801385
0.03091119310815165	-0.00016568111663357009
0.0317657490736924	-0.00016568082170627136
0.03262457781906081	-0.00016568052485057552
0.03348770070815601	-0.00016568022605069983
0.034355139211696875	-0.0001656799252907354
0.035226914907755424	-0.00016567962255460583
0.03610304948229413	-0.0001656793178260599
0.03698356472970569	-0.00016567901108868738
0.03786848255335419	-0.00016567870232592072
0.038757824966120964	-0.00016567839152102043
0.03965161409095162	-0.00016567807865703382
0.04054987216140643	-0.00016567776371689594
0.04145262152221345	-0.00016567744668334055
0.04235988462982453	-0.0001656771275388611
0.04327168405297366	-0.00016567680626587843
0.0441880424732386	-0.0001656764828465554
0.04510898268560485	-0.00016567615726284927
0.046034527599032954	-0.0001656758294965651
0.04696470023702812	-0.00016567549952932288
0.04789952373821329	-0.00016567516734250658
0.048839021356904266	-0.00016567483291730624
0.04978321646368884	-0.00016567449623476198
0.05073213254600732	-0.00016567415727562168
0.05168579320873729	-0.00016567381602051887
0.052644222174780875	-0.00016567347244979388
0.05360744328565471	-0.0001656731265436192
0.054575480502083065	-0.00016567277828193974
0.055548357904593434	-0.00016567242764445114
0.056526099694116344	-0.00016567207461067892
0.0575087301925869	-0.00016567171915986896
0.05849627384354973	-0.00016567136127107956
0.05948875521276744	-0.0001656710009231316
0.06048619898883127	-0.00016567063809451278
0.061488629983775384	-0.00016567027276365008
0.06249607313369419	-0.000165669904908553
0.06350855349936275	-0.00016566953450710296
0.06452609626685958	-0.0001656691615368395
0.06554872674819387	-0.00016566878597512805
0.06657647038193484	-0.00016566840779900523
0.06760935273384447	-0.00016566802698529006
0.06864739949751365	-0.00016566764351052193
0.0696906364950013	-0.0001656672573509627
0.07073908967747639	-0.00016566686848262896
0.07179278512586384	-0.0001656664768812061
0.07285174905149322	-0.00016566608252212696
0.0739160077967507	-0.0001656656853805168
0.07498558783573436	-0.0001656652854312901
0.07606051577491299	-0.00016566488264892413
0.07714081835378758	-0.00016566447700773894
0.07822652244555647	-0.00016566406848163775
0.07931765505778425	-0.00016566365704428145
0.0804142433330731	-0.00016566324266901618
0.08151631454973848	-0.00016566282532878382
0.08262389612248718	-0.00016566240499633238
0.0837370156030995	-0.00016566198164400247
0.0848557006811149	-0.00016566155524377592
0.0859799791845205	-0.00016566112576736478
0.08710987908044313	-0.00016566069318609935
0.08824542847584534	-0.00016566025747095654
0.08938665561822454	-0.00016565981859257043
0.09053358889631567	-0.00016565937652119144
0.09168625684079722	-0.0001656589312267513
0.09284468812500112	-0.00016565848267872637
0.09400891156562617	-0.0001656580308463517
0.0951789561234543	-0.00016565757569830445
0.09635485090407148	-0.00016565711720300966
0.09753662515859184	-0.00016565665532844003
0.0987243082843847	-0.00016565619004215397
0.09991792982580656	-0.0001656557213113067
0.10111751947493569	-0.00016565524910268554
0.10232310707231031	-0.00016565477338257567
0.1035347226076718	-0.0001656542941168886
0.10475239622071016	-0.00016565381127110792
0.10597615820181366	-0.00016565332481020806
0.10720603899282274	-0.00016565283469878323
0.10844206918778684	-0.00016565234090092646
0.10968427953372567	-0.00016565184338025862
0.1109327009313943	-0.00016565134209996552
0.11218736443605135	-0.00016565083702274803
0.11344830125823162	-0.00016565032811078075
0.11471554276452282	-0.00016564981532574477
0.11598912047834534	-0.00016564929862883217
0.11726906608073695	-0.00016564877798074304
0.11855541141114062	-0.0001656482533416117
0.11984818846819621	-0.0001656477246710593
0.12114742941053713	-0.00016564719192815048
0.12245316655758978	-0.00016564665507145471
0.1237654323903777	-0.00016564611405890168
0.12508425955232963	-0.0001656455688478885
0.12640968085009122	-0.00016564501939523744
0.1277417292543416	-0.00016564446565720732
0.1290804379006133	-0.00016564390758940347
0.13042584009011637	-0.00016564334514683279
0.1317779692905669	-0.000165642778283903
0.13313685913701961	-0.0001656422069544218
0.13450254343270476	-0.0001656416311114625
0.13587505614986833	-0.0001656410507075285
0.13725443143061763	-0.00016564046569440567
0.13864070358777073	-0.00016563987602324578
0.14003390710570945	-0.00016563928164449012
0.14143407664123803	-0.00016563868250785084
0.1428412470244442	-0.00016563807856237995
0.1442554532595664	-0.00016563746975636862
0.14567673052586416	-0.00016563685603739278
0.1471051141784935	-0.00016563623735220648
0.14854063974938603	-0.0001656356136469287
0.149983342948133	-0.0001656349848667487
0.15143325966287374	-0.0001656343509561938
0.15289042596118813	-0.00016563371185886205
0.15435487809099402	-0.0001656330675175845
0.15582665248144906	-0.0001656324178743799
0.1573057857438562	-0.0001656317628703749
0.15879231467257537	-0.0001656311024458057
0.16028627624593816	-0.00016563043654009641
0.16178770762716785	-0.0001656297650916648
0.16329664616530362	-0.00016562908803812048
0.16481312939613008	-0.00016562840531599054
0.1663371950431107	-0.00016562771686098624
0.16786888101832628	-0.00016562702260780252
0.1694082254234178	-0.0001656263224900786
0.1709552665505349	-0.0001656256164405053
0.17251004288328747	-0.00016562490439071307
0.17407259309770393	-0.0001656241862713021
0.17564295606319252	-0.00016562346201180096
0.17722117084350858	-0.0001656227315406085
0.17880727669772617	-0.00016562199478503372
0.18040131308121476	-0.00016562125167129222
0.18200331964662084	-0.0001656205021243138
0.18361333624485401	-0.00016561974606798326
0.18523140292607826	-0.00016561898342496925
0.18685755994070874	-0.0001656182141165925
0.1884918477404122	-0.00016561743806299518
0.19013430697911424	-0.00016561665518311736
0.1917849785140098	-0.00016561586539442822
0.19344390340657974	-0.00016561506861321752
0.19511112292361268	-0.00016561426475432802
0.1967866785382308	-0.0001656134537312532
0.19847061193092203	-0.00016561263545604644
0.20016296499057665	-0.0001656118098393339
0.20186377981552947	-0.0001656109767902869
0.2035730987146071	-0.00016561013621654632
0.20529096420818022	-0.00016560928802422637
0.20701741902922113	-0.00016560843211787485
0.20875250612436722	-0.00016560756840040862
0.210496268654989	-0.0001656066967731565
0.21224874999826396	-0.00016560581713580234
0.21400999374825516	-0.0001656049293862223
0.21578004371699644	-0.00016560403342065648
0.21755894393558148	-0.00016560312913352807
0.2193467386552594	-0.0001656022164174173
0.22114347234853576	-0.00016560129516309224
0.22294918971027836	-0.0001656003652594035
0.2247639356588297	-0.0001655994265932915
0.2265877553371239	-0.00016559847904968467
0.2284206941138094	-0.00016559752251149704
0.23026279758437848	-0.00016559655685959742
0.23211411157230027	-0.00016559558197273342
0.23397468213016168	-0.00016559459772745038
0.23584455554081238	-0.00016559360399814966
0.23772377831851643	-0.00016559260065695603
0.23961239721010893	-0.00016559158757366508
0.24151045919615952	-0.00016559056461575792
0.24341801149214037	-0.00016558953164820948
0.24533510154960114	-0.0001655884885336627
0.24726177705734917	-0.0001655874351320988
0.24919808594263576	-0.00016558637130102132
0.251144076372349	-0.00016558529689521078
0.2530997967542107	-0.0001655842117668329
0.2550652957379817	-0.00016558311576517906
0.2570406222166717	-0.00016558200873680422
0.2590258253277551	-0.00016558089052529516
0.26102095445439405	-0.00016557976097129025
0.2630260592266659	-0.00016557861991244345
0.2650411895227993	-0.00016557746718320134
0.2670663954704134	-0.00016557630261494554
0.26910172744776534	-0.00016557512603569628
0.27114723608500396	-0.00016557393727013815
0.27320297226542917	-0.0001655727361396048
0.27526898712675635	-0.00016557152246189183
0.27734533206239	-0.00016557029605116923
0.2794320587227019	-0.00016556905671796462
0.2815292190163153	-0.00016556780426906558
0.2836368651113967	-0.00016556653850729187
0.28575504943695385	-0.00016556525923162814
0.28788382468413853	-0.0001655639662369128
0.29002324380755934	-0.0001655626593138981
0.29217336002659705	-0.0001655613382489523
0.29433422682673016	-0.00016556000282423217
0.29650589796086374	-0.00016555865281724907
0.29868842745066804	-0.00016555728800100148
0.30088186958792124	-0.00016555590814379504
0.3030862789358609	-0.00016555451300896752
0.30530171033054027	-0.0001655531023550178
0.307528218882193	-0.00016555167593527742
0.30976585997660405	-0.00016555023349783924
0.312014689276487	-0.000165548774785505
0.31427476272286925	-0.00016554729953545654
0.3165461365364837	-0.00016554580747927793
0.3188288672191662	-0.00016554429834269115
0.32112301155526213	-0.00016554277184553851
0.32342862661303834	-0.00016554122770141854
0.3257457697461036	-0.00016553966561777078
0.32807449859483384	-0.00016553808529536348
0.3304148710878078	-0.00016553648642853358
0.33276694544324686	-0.00016553486870461947
0.33513078017046305	-0.00016553323180401827
0.33750643407131514	-0.00016553157539992412
0.3398939662416715	-0.00016552989915801162
0.3422934360728799	-0.00016552820273647362
0.34470490325324404	-0.000165526485785524
0.3471284277695101	-0.0001655247479473464
0.34956406990835764	-0.00016552298885589374
0.3520118902578995	-0.00016552120813646563
0.354471949709189	-0.00016551940540563914
0.3569443094577349	-0.000165517580270931
0.3594290310050235	-0.0001655157323305577
0.3619261761600484	-0.0001655138611731388
0.3644358070408486	-0.00016551196637746126
0.36695798607605284	-0.00016551004751211507
0.36949277600643327	-0.0001655081041352403
0.37204023988646523	-0.0001655061357941607
0.3746004410858973	-0.00016550414202519113
0.3771734432913268	-0.0001655021223531307
0.3797593105077832	-0.0001655000762909549
0.3823581070603219	-0.00016549800333963343
0.38496989759562367	-0.0001654959029873918
0.3875947470836016	-0.0001654937747097786
0.3902327208190196	-0.00016549161796875698
0.3928838844231145	-0.00016548943221281217
0.39554830384522993	-0.00016548721687601912
0.3982260453644561	-0.0001654849713780156
0.4009171755912785	-0.00016548269512321775
0.40362176146923495	-0.0001654803875004736
0.40633987027658097	-0.00016547804788267617
0.4090715696279639	-0.00016547567562594887
0.4118169274761037	-0.00016547327006929803
0.4145760121134843	-0.0001654708305341246
0.4173488921740515	-0.0001654683563233862
0.4201356366349219	-0.00016546584672118145
0.42293631481809635	-0.0001654633009920971
0.4257509963921868	-0.00016546071838048303
0.42857975137414767	-0.00016545809810977676
0.43142265013101855	-0.00016545543938184857
0.43427976338167373	-0.00016545274137622488
0.43715116219858224	-0.00016545000324922702
0.44003691800957523	-0.00016544722413337694
0.44293710259962304	-0.00016544440313636912
0.4458517881126211	-0.000165441539340235
0.44878104705318417	-0.00016543863180057197
0.45172495228844983	-0.00016543567954536607
0.45468357704989204	-0.00016543268157420525
0.4576569949351413	-0.0001654296368572003
0.46064527990981685	-0.00016542654433379224
0.4636485063093658	-0.00016542340291179723
0.4666667488409128	-0.0001654202114662047
0.4697000825851173	-0.0001654169688378303
0.4727485829980427	-0.00016541367383223564
0.47581232591303285	-0.000165410325218244
0.478891387542598	-0.00016540692172667688
0.48198584448031084	-0.00016540346204876202
0.4850957737027124	-0.00016539994483481043
0.48822125257122595	-0.0001653963686923984
0.49136235883408197	-0.00016539273218495523
0.4945191706282523	-0.0001653890338298564
0.4976917664813935	-0.00016538527209666436
0.5008802253138004	-0.00016538144540526002
0.5040846264403696	-0.00016537755212384024
0.5073050495725715	-0.00016537359056684363
0.5105415748204343	-0.00016536955899271635
0.5137942826945365	-0.00016536545560174852
0.517063254108009	-0.00016536127853354304
0.5203485703785492	-0.00016535702586459148
0.5236503132304419	-0.0001653526956056014
0.5269685647965939	-0.00016534828569874185
0.5303034076205766	-0.00016534379401486894
0.5336549246586795	-0.00016533921835024573
0.5370231992819728	-0.00016533455642338575
0.5404083152783826	-0.000165329805871914
0.5438103568547747	-0.00016532496424880448
0.5472294086390483	-0.0001653200290187104
0.5506655556822436	-0.00016531499755403952
0.5541188834606549	-0.0001653098671309517
0.5575894778779582	-0.00016530463492481454
0.5610774252673477	-0.00016529929800586664
0.5645828123936844	-0.00016529385333406907
0.5681057264556525	-0.0001652882977544528
0.5716462550879309	-0.00016528262799134615
0.5752044863633705	-0.00016527684064305558
0.5787805087951873	-0.0001652709321755493
0.5823744113391631	-0.00016526489891659487
0.5859862833958588	-0.00016525873704852193
0.5896162148128381	-0.0001652524426016665
0.5932642958869024	-0.00016524601144667325
0.5969306173663369	-0.00016523943928660565
0.6006152704531684	-0.00016523272164860783
0.6043183468054344	-0.00016522585387504247
0.6080399385394615	-0.00016521883111410887
0.6117801382321587	-0.00016521164830981356
0.6155390389233192	-0.0001652043001913309
0.6193167341179359	-0.00016519678126198173
0.6231133177885255	-0.00016518908578692026
0.6269288843774683	-0.0001651812077807463
0.6307635287993556	-0.00016517314099376667
0.6346173464433522	-0.00016516487889760493
0.6384904331755688	-0.00016515641466982833
0.6423828853414466	-0.0001651477411775429
0.6462947997681537	-0.00016513885095992986
0.6502262737669944	-0.00016512973620932646
0.6541774051358293	-0.00016512038875142747
0.6581482921615082	-0.0001651108000237339
0.6621390336223156	-0.00016510096105248938
0.6661497287904271	-0.00016509086242817792
0.6701804774343789	-0.00016508049427903926
0.6742313798215507	-0.00016506984624250036
0.6783025367206585	-0.00016505890743464307
0.682394049404262	-0.00016504766641728155
0.6865060196512833	-0.00016503611116228776
0.6906385497495399	-0.00016502422901315696
0.6947917424982876	-0.0001650120066435844
0.6989657012107791	-0.0001649994300122877
0.7031605297168331	-0.00016498648431440566
0.7073763323654171	-0.00016497315392834493
0.7116132140272443	-0.00016495942235816147
0.7158712800973803	-0.00016494527217093968
0.7201506364978669	-0.0001649306849279504
0.724451389680356	-0.00016491564111009233
0.7287736466287575	-0.00016490012003561594
0.7331175148619014	-0.00016488409977020928
0.737483102436211	-0.00016486755702831008
0.7418705179483918	-0.00016485046706401775
0.7462798705381338	-0.0001648328035511992
0.7507112698908246	-0.00016481453845054554
0.7551648262402787	-0.00016479564186286076
0.7596406503714802	-0.00016477608186577536
0.7641388536233378	-0.00016475582433241208
0.7686595478914543	-0.00016473483272946694
0.7732028456309116	-0.0001647130678915005
0.777768859859066	-0.00016469048776887208
0.7823577041583611	-0.0001646670471450266
0.7869694926791531	-0.0001646426973189955
0.7916043401425489	-0.000164617385748354
0.7962623618432616	-0.00016459105564728524
0.8009436736524779	-0.00016456364553204755
0.8056483920207402	-0.00016453508870778425
0.8103766339808439	-0.0001645053126871197
0.8151285171507483	-0.0001644742385306135
0.8199041597365018	-0.00016444178009823585
0.8247036805351844	-0.0001644078431976031
0.8295271989378604	-0.00016437232461488847
0.8343748349325497	-0.00016433511101000709
0.8392467091072124	-0.00016429607765629508
0.8441429426527486	-0.00016425508700154795
0.8490636573660123	-0.00016421198702367277
0.8540089756528424	-0.00016416660935036334
0.8589790205311068	-0.00016411876710748343
0.8639739156337622	-0.00016406825245598818
0.868973915633762	-0.00016401505026584844
0.8739739156337618	-0.0001639589979134331
0.8789739156337616	-0.00016389985950609665
0.8839739156337615	-0.0001638373735879731
0.8889739156337613	-0.0001637712502108976
0.893973915633761	-0.00016370116752866367
0.8989739156337608	-0.00016362676798460462
0.9039739156337606	-0.0001635476540461904
0.9089739156337604	-0.00016346338343369872
0.9139739156337602	-0.0001633734637840471
0.91897391563376	-0.0001632773466843826
0.9239739156337599	-0.00016317442099965062
0.9289739156337596	-0.00016306400541204037
0.9339739156337594	-0.00016294534007667305
0.9389739156337592	-0.00016281757728819603
0.943973915633759	-0.00016267977103682523
0.9489739156337588	-0.00016253086531860787
0.9539739156337586	-0.000162369681044485
0.9589739156337583	-0.00016219490137426006
0.9639739156337582	-0.00016200505527528994
0.968973915633758	-0.00016179849908051113
0.9739739156337578	-0.00016157339578656027
0.9789739156337576	-0.00016132769179840544
0.9839739156337574	-0.00016105909078215612
0.9889739156337571	-0.000160765024240165
0.9939739156337569	-0.00016044261836259746
0.9989739156337567	-0.00016008865664422653
1.0039739156337566	-0.00015969953767271464
1.0089739156337563	-0.00015927122740369004
1.0139739156337562	-0.0001587992051245922
1.0189739156337558	-0.0001582784021807603
1.0239739156337557	-0.00015770313238157814
1.0289739156337556	-0.00015706701282314765
1.0339739156337553	-0.00015636287365001106
1.0389739156337552	-0.00015558265502546318
1.0439739156337549	-0.0001547172892868899
1.0489739156337547	-0.00015375656591779254
1.0539739156337544	-0.00015268897657041687
1.0589739156337543	-0.00015150153691561864
1.0639739156337542	-0.00015017958157396264
1.0689739156337539	-0.0001487065277947657
1.0739739156337538	-0.00014706360289163203
1.0789739156337534	-0.00014522952972924623
1.0839739156337533	-0.0001431801637841097
1.088973915633753	-0.00014088807450261207
1.093973915633753	-0.000138322062871614
1.0989739156337526	-0.00013544660635847006
1.1039739156337525	-0.00013222122171886407
1.1089739156337524	-0.00012859973570903676
1.113973915633752	-0.00012452945358185514
1.118973915633752	-0.00011995021554899222
1.1239739156337516	-0.00011479333231878367
1.1289739156337515	-0.00010898039259242916
1.1339739156337512	-0.00010242193823853283
1.138973915633751	-9.501600699452699e-5
1.143973915633751	-8.66465481363167e-5
1.1489739156337506	-7.718172369745287e-5
1.1539739156337505	-6.647211636239179e-5
1.1589739156337502	-5.4348874675971804e-5
1.16397391563375	-4.062183578357037e-5
1.1689739156337497	-2.5077674054201328e-5
1.1739739156337496	-7.478128468344877e-6
1.1789739156337493	1.2441640214978945e-5
1.1839739156337492	3.4974522885110374e-5
1.187980436725312	5.513504386980645e-5
1.1919869578168745	7.735699690901572e-5
1.1959934789084372	0.0001018357409909011
1.2	0.00012877728891223317
