0.0006999999999999628	-0.00016079282855885693
0.001403500000000035	-0.0001607841906078317
0.0021105174999999296	-0.00016078389347736892
0.0028210700874998964	-0.00016078370169485994
0.003535175437937438	-0.00016078351042883438
0.004252851315127062	-0.00016078331825944295
0.004974115571702636	-0.0001607831251593926
0.005698986149561044	-0.00016078293112188174
0.006427481080308875	-0.0001607827361408142
0.007159618485710418	-0.00016078254021028175
0.007895416578138905	-0.00016078234332459672
0.008634893661029494	-0.00016078214547826658
0.00937806812933463	-0.00016078194666576217
0.010124958469981361	-0.0001607817468817498
0.010875583262331262	-0.000160781546120903
0.01162996117864295	-0.0001607813443779858
0.012388110984536127	-0.00016078114164773502
0.013150051539458866	-0.00016078093792495321
0.013915801797156208	-0.00016078073320447103
0.014685380806142003	-0.00016078052748115274
0.015458807710172712	-0.0001607803207498001
0.01623610174872358	-0.00016078011300529554
0.017017282257467212	-0.00016077990424248615
0.017802368668754516	-0.000160779694456241
0.01859138051209827	-0.000160779483641398
0.019384337414658823	-0.0001607792717928485
0.020181259101732015	-0.000160779058905375
0.020982165397240727	-0.0001607788449738636
0.02178707622422691	-0.0001607786299931281
0.02259601160534814	-0.0001607784139580242
0.02340899166337483	-0.00016077819686327583
0.024226036621691812	-0.00016077797870373635
0.02504716680480027	-0.00016077775947417265
0.025872402638824326	-0.00016077753916935033
0.02670176465201842	-0.00016077731778401362
0.02753527347527842	-0.00016077709531284228
0.028372949842654864	-0.00016077687175069093
0.0292148145918682	-0.00016077664709210316
0.03006088866482743	-0.00016077642133187069
0.03091119310815165	-0.0001607761944646233
0.0317657490736924	-0.00016077596648499142
0.03262457781906081	-0.00016077573738756682
0.03348770070815601	-0.00016077550716703438
0.034355139211696875	-0.0001607752758179309
0.035226914907755424	-0.00016077504333485908
0.03610304948229413	-0.00016077480971230293
0.03698356472970569	-0.00016077457494482054
0.03786848255335419	-0.00016077433902693023
0.038757824966120964	-0.00016077410195311877
0.03965161409095162	-0.00016077386371779004
0.04054987216140643	-0.000160773624315479
0.04145262152221345	-0.00016077338374053776
0.04235988462982453	-0.00016077314198736085
0.04327168405297366	-0.0001607728990503413
0.0441880424732386	-0.00016077265492378756
0.04510898268560485	-0.00016077240960212723
0.046034527599032954	-0.00016077216307956482
0.04696470023702812	-0.00016077191535042383
0.04789952373821329	-0.00016077166640897744
0.048839021356904266	-0.00016077141624943594
0.04978321646368884	-0.0001607711648660157
0.05073213254600732	-0.00016077091225288594
0.05168579320873729	-0.00016077065840424765
0.052644222174780875	-0.00016077040331423845
0.05360744328565471	-0.00016077014697688704
0.054575480502083065	-0.00016076988938641923
0.05554835790459365	-0.0001607696305367983
0.05652609969411678	-0.0001607693704221505
0.05750873019258755	-0.0001607691090364076
0.05849627384355038	-0.00016076884637357354
0.05948875521276831	-0.00016076858242765232
0.060486198988831924	-0.00016076831719257563
0.061488629983776036	-0.00016076805066225384
0.062496073133695054	-0.00016076778283053531
0.06350855349936363	-0.00016076751369131873
0.06452609626686023	-0.00016076724323842363
0.06554872674819473	-0.00016076697146567858
0.0665764703819355	-0.00016076669836684364
0.06760935273384511	-0.00016076642393570798
0.06864739949751451	-0.00016076614816595754
0.06969063649500218	-0.00016076587105131386
0.07073908967747725	-0.00016076559258546943
0.07179278512586448	-0.00016076531276199796
0.07285174905149387	-0.0001607650315746057
0.07391600779675113	-0.00016076474901682982
0.07498558783573481	-0.0001607644650822434
0.07606051577491364	-0.00016076417976438747
0.07714081835378801	-0.00016076389305677905
0.0782265224455569	-0.00016076360495287246
0.07931765505778446	-0.00016076331544612662
0.08041424333307354	-0.00016076302452996993
0.08151631454973869	-0.00016076273219778597
0.08262389612248718	-0.00016076243844289733
0.08373701560309972	-0.00016076214325866272
0.08485570068111534	-0.00016076184663842632
0.08597997918452092	-0.00016076154857540032
0.08710987908044335	-0.00016076124906283824
0.08824542847584554	-0.0001607609480939844
0.08938665561822474	-0.00016076064566197834
0.0905335888963159	-0.00016076034175999278
0.09168625684079766	-0.0001607600363810977
0.09284468812500156	-0.00016075972951845385
0.09400891156562662	-0.0001607594211650925
0.09517895612345495	-0.00016075911131401905
0.09635485090407213	-0.00016075879995817923
0.09753662515859228	-0.00016075848709064125
0.09872430828438533	-0.00016075817270425272
0.09991792982580742	-0.00016075785679192962
0.10111751947493633	-0.00016075753934652437
0.10232310707231096	-0.00016075722036088818
0.10353472260767245	-0.0001607568998277793
0.1047523962207106	-0.0001607565777400096
0.1059761582018141	-0.00016075625409022788
0.10720603899282295	-0.00016075592887120478
0.10844206918778705	-0.00016075560207554909
0.10968427953372589	-0.0001607552736959024
0.11093270093139453	-0.00016075494372486725
0.11218736443605157	-0.0001607546121549713
0.11344830125823162	-0.0001607542789787342
0.11471554276452282	-0.00016075394418865174
0.11598912047834534	-0.0001607536077771609
0.11726906608073716	-0.00016075326973671896
0.11855541141114084	-0.00016075293005960147
0.11984818846819666	-0.0001607525887382032
0.12114742941053756	-0.0001607522457648417
0.12245316655759021	-0.00016075190113174373
0.12376543239037813	-0.00016075155483110952
0.12508425955233007	-0.00016075120685516962
0.12640968085009188	-0.00016075085719606945
0.12774172925434224	-0.0001607505058458978
0.12908043790061416	-0.0001607501527967778
0.13042584009011704	-0.00016074979804060304
0.13177796929056776	-0.00016074944156949122
0.1331368591370207	-0.00016074908337531077
0.13450254343270562	-0.0001607487234500317
0.13587505614986897	-0.0001607483617855116
0.1372544314306183	-0.00016074799837357333
0.13864070358777136	-0.00016074763320599739
0.14003390710571012	-0.00016074726627448628
0.14143407664123844	-0.00016074689757078443
0.14284124702444484	-0.00016074652708653522
0.14425545325956707	-0.00016074615481337623
0.1456767305258648	-0.0001607457807428787
0.14710511417849395	-0.00016074540486651115
0.14854063974938644	-0.00016074502717583952
0.14998334294813345	-0.00016074464766221955
0.1514332596628742	-0.00016074426631711833
0.15289042596118857	-0.00016074388313185947
0.15435487809099444	-0.00016074349809771298
0.15582665248144925	-0.00016074311120599157
0.15730578574385642	-0.00016074272244786565
0.1587923146725756	-0.00016074233181449224
0.1602862762459386	-0.0001607419392970069
0.1617877076271685	-0.00016074154488649088
0.16329664616530448	-0.00016074114857394216
0.16481312939613094	-0.0001607407503502944
0.16633719504311156	-0.0001607403502065668
0.16786888101832692	-0.00016073994813352573
0.16940822542341866	-0.00016073954412203304
0.17095526655053575	-0.00016073913816286883
0.17251004288328856	-0.0001607387302467582
0.1740725930977048	-0.0001607383203643368
0.1756429560631934	-0.00016073790850622388
0.17722117084350925	-0.00016073749466298873
0.17880727669772659	-0.00016073707882513798
0.18040131308121543	-0.00016073666098315382
0.18200331964662148	-0.00016073624112741944
0.18361333624485465	-0.00016073581924824
0.18523140292607912	-0.00016073539533595734
0.18685755994070938	-0.00016073496938078582
0.18849184774041308	-0.0001607345413728811
0.19013430697911532	-0.0001607341113024229
0.19178497851401088	-0.0001607336791594448
0.19344390340658082	-0.0001607332449339276
0.19511112292361377	-0.0001607328086158155
0.1967866785382319	-0.00016073237019501998
0.19847061193092289	-0.0001607319296613865
0.2001629649905775	-0.0001607314870046839
0.20186377981553055	-0.00016073104221459453
0.20357309871460819	-0.0001607305952807276
0.2052909642081813	-0.00016073014619274862
0.207017419029222	-0.00016072969494009107
0.20875250612436788	-0.00016072924151227033
0.21049626865498966	-0.00016072878589871398
0.21224874999826462	-0.00016072832808865703
0.21400999374825602	-0.00016072786807140954
0.2157800437169973	-0.00016072740583617643
0.21755894393558234	-0.0001607269413720626
0.21934673865526005	-0.0001607264746681692
0.2211434723485364	-0.00016072600571343838
0.22294918971027902	-0.00016072553449689527
0.22476393565883038	-0.00016072506100731938
0.22658775533712455	-0.00016072458523352543
0.22842069411381005	-0.00016072410716421845
0.23026279758437915	-0.00016072362678803625
0.23211411157230094	-0.00016072314409363992
0.23397468213016254	-0.00016072265906940316
0.23584455554081346	-0.0001607221717038902
0.23772377831851751	-0.00016072168198533014
0.23961239721011024	-0.00016072118990212444
0.24151045919616082	-0.00016072069544242258
0.24341801149214168	-0.00016072019859438044
0.24533510154960245	-0.00016071969934602242
0.24726177705735047	-0.00016071919768533826
0.2491980859426373	-0.0001607186936002841
0.25114407637235053	-0.00016071818707862293
0.2530997967542124	-0.00016071767810814383
0.2550652957379834	-0.0001607171666764801
0.2570406222166734	-0.0001607166527712002
0.25902582532775686	-0.00016071613637986805
0.26102095445439577	-0.00016071561748990043
0.2630260592266676	-0.00016071509608861183
0.26504118952280104	-0.00016071457216322306
0.26706639547041516	-0.00016071404570097193
0.26910172744776706	-0.0001607135166889396
0.27114723608500574	-0.00016071298511414098
0.2732029722654309	-0.00016071245096349352
0.2752689871267581	-0.00016071191422373804
0.2773453320623917	-0.00016071137488172797
0.2794320587227036	-0.00016071083292411905
0.281529219016317	-0.00016071028833742517
0.2836368651113984	-0.00016070974110817378
0.28575504943695557	-0.0001607091912226983
0.28788382468414025	-0.00016070863866737793
0.2900232438075611	-0.00016070808342838
0.29217336002659877	-0.00016070752549183828
0.29433422682673194	-0.0001607069648437706
0.29650589796086546	-0.00016070640147009175
0.29868842745066976	-0.00016070583535663182
0.30088186958792296	-0.00016070526648918134
0.30308627893586265	-0.00016070469485347346
0.305301710330542	-0.0001607041204349003
0.3075282188821948	-0.0001607035432189971
0.30976585997660583	-0.0001607029631911623
0.31201468927648873	-0.00016070238033660271
0.31427476272287097	-0.0001607017946405361
0.3165461365364855	-0.00016070120608804465
0.318828867219168	-0.00016070061466403918
0.3211230115552639	-0.00016070002035346997
0.32342862661304006	-0.00016069942314109946
0.3257457697461053	-0.00016069882301156734
0.32807449859483556	-0.00016069821994947893
0.33041487108780954	-0.00016069761393934298
0.3327669454432486	-0.00016069700496550962
0.33513078017046477	-0.00016069639301228626
0.33750643407131686	-0.00016069577806378173
0.33989396624167323	-0.00016069516010408223
0.3422934360728816	-0.00016069453911721158
0.34470490325324576	-0.00016069391508700178
0.3471284277695118	-0.00016069328799726541
0.34956406990835936	-0.00016069265783157793
0.3520118902579012	-0.00016069202457361613
0.3544719497091907	-0.00016069138820665936
0.35694430945773664	-0.00016069074871421208
0.3594290310050252	-0.00016069010607946082
0.36192617616005013	-0.0001606894602855899
0.3644358070408504	-0.000160688811315603
0.36695798607605457	-0.0001606881591523653
0.36949277600643504	-0.00016068750377885908
0.37204023988646695	-0.00016068684517770687
0.374600441085899	-0.00016068618333148395
0.3771734432913285	-0.0001606855182228091
0.379759310507785	-0.00016068484983398635
0.3823581070603237	-0.0001606841781474228
0.3849698975956254	-0.00016068350314518763
0.3875947470836033	-0.00016068282480946207
0.39023272081902133	-0.00016068214312219388
0.3928838844231162	-0.00016068145806525375
0.39554830384523165	-0.0001606807696203931
0.3982260453644579	-0.00016068007776932122
0.4009171755912802	-0.00016067938249362125
0.4036217614692367	-0.00016067868377460053
0.4063398702765827	-0.00016067798159378772
0.40907156962796565	-0.00016067727593225154
0.41181692747610543	-0.0001606765667711837
0.41457601211348605	-0.00016067585409156122
0.4173488921740533	-0.00016067513787444893
0.4201356366349237	-0.00016067441810047183
0.42293631481809807	-0.00016067369475045848
0.4257509963921885	-0.00016067296780486904
0.42857975137414944	-0.00016067223724425578
0.4314226501310203	-0.00016067150304904194
0.43427976338167545	-0.0001606707651992955
0.43715116219858396	-0.00016067002367532872
0.440036918009577	-0.00016066927845716353
0.44293710259962477	-0.00016066852952461213
0.4458517881126228	-0.0001606677768576165
0.4487810470531859	-0.00016066702043575161
0.45172495228845155	-0.00016066626023862135
0.45468357704989376	-0.00016066549624576745
0.45765699493514306	-0.00016066472843640351
0.46064527990981863	-0.0001606639567898913
0.4636485063093676	-0.00016066318128507884
0.4666667488409145	-0.0001606624019011989
0.4697000825851191	-0.00016066161861695848
0.4727485829980444	-0.00016066083141103152
0.4758123259130346	-0.00016066004026215916
0.47889138754259974	-0.00016065924514854974
0.4819858444803126	-0.00016065844604870312
0.4850957737027142	-0.00016065764294070803
0.48822125257122767	-0.00016065683580251432
0.49136235883408375	-0.00016065602461201063
0.49451917062825407	-0.0001606552093469338
0.49769176648139524	-0.00016065438998474798
0.5008802253138022	-0.00016065356650296525
0.5040846264403713	-0.00016065273887857508
0.5073050495725733	-0.00016065190708865616
0.510541574820436	-0.0001606510711101153
0.5137942826945383	-0.00016065023091945622
0.5170632541080108	-0.00016064938649314328
0.520348570378551	-0.00016064853780737296
0.5236503132304436	-0.00016064768483805878
0.5269685647965956	-0.0001606468275609886
0.5303034076205784	-0.0001606459659515712
0.5336549246586811	-0.00016064509998515872
0.5370231992819746	-0.00016064422963653813
0.5404083152783844	-0.00016064335488035695
0.5438103568547764	-0.00016064247569105828
0.5472294086390501	-0.0001606415920425557
0.5506655556822453	-0.0001606407039085384
0.5541188834606565	-0.00016063981126234383
0.5575894778779599	-0.00016063891407682067
0.5610774252673494	-0.00016063801232455167
0.564582812393686	-0.0001606371059776218
0.5681057264556543	-0.0001606361950075237
0.5716462550879327	-0.0001606352793856517
0.5752044863633723	-0.00016063435908240313
0.578780508795189	-0.0001606334340679083
0.5823744113391649	-0.00016063250431173418
0.5859862833958606	-0.00016063156978275746
0.5896162148128399	-0.00016063063044913475
0.5932642958869042	-0.00016062968627857468
0.5969306173663387	-0.00016062873723784752
0.6006152704531702	-0.00016062778329286505
0.6043183468054361	-0.00016062682440899176
0.6080399385394633	-0.00016062586055047383
0.6117801382321605	-0.0001606248916807534
0.615539038923321	-0.00016062391776235224
0.6193167341179376	-0.00016062293875643857
0.6231133177885273	-0.00016062195462343415
0.6269288843774701	-0.00016062096532230117
0.6307635287993573	-0.00016061997081085323
0.6346173464433539	-0.00016061897104568666
0.6384904331755705	-0.00016061796598166133
0.6423828853414483	-0.00016061695557239786
0.6462947997681555	-0.00016061593976994222
0.6502262737669962	-0.00016061491852438955
0.6541774051358311	-0.00016061389178431332
0.6581482921615099	-0.00016061285949609618
0.6621390336223173	-0.00016061182160440402
0.6661497287904288	-0.00016061077805138427
0.6701804774343807	-0.00016060972877724377
0.6742313798215525	-0.0001606086737194574
0.6783025367206603	-0.000160607612813077
0.6823940494042636	-0.00016060654599044964
0.6865060196512851	-0.00016060547318087976
0.6906385497495416	-0.0001606043943105338
0.6947917424982893	-0.00016060330930256364
0.6989657012107808	-0.00016060221807633426
0.7031605297168348	-0.0001606011205476861
0.7073763323654189	-0.00016060001662841276
0.7116132140272461	-0.00016059890622612593
0.715871280097382	-0.00016059778924402512
0.7201506364978687	-0.00016059666558059025
0.7244513896803577	-0.00016059553512928315
0.7287736466287593	-0.00016059439777791566
0.733117514861903	-0.0001605932534090111
0.7374831024362126	-0.00016059210189880443
0.7418705179483935	-0.00016059094311726916
0.7462798705381356	-0.00016058977692698617
0.7507112698908263	-0.00016058860318386603
0.7551648262402804	-0.00016058742173552602
0.759640650371482	-0.00016058623242155745
0.7641388536233394	-0.00016058503507243406
0.7686595478914561	-0.00016058382950915841
0.7732028456309133	-0.00016058261554272938
0.7777688598590677	-0.0001605813929729686
0.7823577041583629	-0.00016058016158863127
0.7869694926791548	-0.00016057892116560986
0.7916043401425507	-0.00016057767146660993
0.7962623618432633	-0.0001605764122401537
0.8009436736524796	-0.0001605751432194721
0.805648392020742	-0.00016057386412123646
0.8103766339808457	-0.0001605725746448375
0.81512851715075	-0.00016057127447004387
0.8199041597365035	-0.00016056996325703265
0.8247036805351862	-0.0001605686406431854
0.8295271989378621	-0.0001605673062427118
0.8343748349325514	-0.0001605659596440227
0.8392467091072142	-0.00016056460040739175
0.8441429426527504	-0.00016056322806371994
0.849063657366014	-0.00016056184211102518
0.8540089756528442	-0.00016056044201177142
0.8589790205311084	-0.00016055902719026141
0.863973915633764	-0.00016055759702891453
0.8689739156337638	-0.00016055615423768514
0.8739739156337636	-0.00016055470145565719
0.8789739156337634	-0.00016055323872228594
0.8839739156337632	-0.0001605517654281986
0.8889739156337629	-0.00016055028092058568
0.8939739156337627	-0.00016054878450192772
0.8989739156337626	-0.00016054727542518278
0.9039739156337624	-0.0001605457528902781
0.9089739156337622	-0.00016054421603795403
0.913973915633762	-0.00016054266394526854
0.9189739156337617	-0.00016054109561861675
0.9239739156337615	-0.00016053950998668194
0.9289739156337613	-0.0001605379058927711
0.9339739156337611	-0.00016053628208521318
0.938973915633761	-0.00016053463720750642
0.9439739156337608	-0.00016053296978578657
0.9489739156337605	-0.00016053127821597136
0.9539739156337603	-0.00016052956074819627
0.9589739156337601	-0.00016052781546877678
0.9639739156337599	-0.00016052604028003053
0.9689739156337597	-0.00016052423287615393
0.9739739156337595	-0.00016052239071646666
0.9789739156337594	-0.00016052051099350878
0.9839739156337591	-0.00016051859059544824
0.9889739156337589	-0.00016051662606451924
0.9939739156337587	-0.0001605146135446506
0.9989739156337585	-0.0001605125487243796
1.0039739156337584	-0.00016051042676669413
1.008973915633758	-0.00016050824222913997
1.013973915633758	-0.00016050598896624928
1.0189739156337576	-0.00016050366001875356
1.0239739156337575	-0.00016050124747912174
1.0289739156337572	-0.00016049874233466351
1.033973915633757	-0.0001604961342802955
1.038973915633757	-0.00016049341149799537
1.0439739156337566	-0.0001604905603923217
1.0489739156337565	-0.0001604875652780593
1.0539739156337562	-0.0001604844080077013
1.058973915633756	-0.00016048106752672282
1.0639739156337558	-0.00016047751934342703
1.0689739156337557	-0.0001604737348963862
1.0739739156337553	-0.00016046968079701766
1.0789739156337552	-0.0001604653179255043
1.0839739156337551	-0.00016046060034746547
1.0889739156337548	-0.00016045547401654197
1.0939739156337547	-0.00016044987522034721
1.0989739156337544	-0.00016044372871741277
1.1039739156337542	-0.0001604369455013545
1.108973915633754	-0.00016042942011927438
1.1139739156337538	-0.00016042102745307587
1.1189739156337537	-0.00016041161885240292
1.1239739156337534	-0.00016040101749374247
1.1289739156337533	-0.00016038901280171467
1.133973915633753	-0.00016037535374806167
1.1389739156337528	-0.00016035974079833248
1.1439739156337525	-0.00016034181623348696
1.1489739156337524	-0.00016032115251556433
1.153973915633752	-0.00016029723830480362
1.158973915633752	-0.00016026946164974978
1.1639739156337519	-0.0001602370897807095
1.1689739156337515	-0.000160199244819102
1.1739739156337514	-0.0001601548745757764
1.178973915633751	-0.00016010271744470634
1.183973915633751	-0.00016004126019615304
1.1889739156337507	-0.00015996868722605007
1.1939739156337505	-0.0001598828195243356
1.1989739156337504	-0.00015978104126559284
1.2039739156337501	-0.00015966021148354468
1.20897391563375	-0.0001595165577635846
1.2139739156337497	-0.00015934554823907954
1.2189739156337496	-0.0001591417373823444
1.2239739156337492	-0.00015889858012806135
1.2289739156337491	-0.0001586082076857302
1.2339739156337488	-0.0001582611569868066
1.2389739156337487	-0.0001578460439814462
1.2439739156337486	-0.00015734916891570669
1.2489739156337483	-0.00015675403920798234
1.2539739156337482	-0.00015604079250827144
1.2589739156337478	-0.00015518549888482054
1.2639739156337477	-0.000154159316695233
1.2689739156337474	-0.00015292747144468689
1.2739739156337473	-0.00015144802059994443
1.2789739156337472	-0.00014967035974220645
1.2839739156337469	-0.0001475334163266023
1.2889739156337467	-0.00014496346639337405
1.2939739156337464	-0.00014187149654764996
1.2989739156337463	-0.00013815001799739423
1.303973915633746	-0.0001336692210570474
1.3089739156337459	-0.00012827233687568142
1.3139739156337455	-0.00012177004781577179
1.3189739156337454	-0.0001139337585189326
1.3239739156337453	-0.00010448750594689708
1.328973915633745	-9.309824845655086e-5
1.333973915633745	-7.936423137531289e-5
1.3389739156337446	-6.280108025640663e-5
1.3439739156337445	-4.282522432751453e-5
1.3489739156337441	-1.8734204042794458e-5
1.353973915633744	1.0316627910262567e-5
1.358973915633744	4.53415371711739e-5
1.3639739156337436	8.75565099494524e-5
1.3689739156337435	0.00013841654994420602
1.3739739156337432	0.00019965862584326707
1.378973915633743	0.0002733505847596039
1.3839739156337427	0.0003619461032418831
1.3879804367253072	0.0004458053380590711
1.3919869578168715	0.0005426501068152959
1.395993478908436	0.0006546016115054414
1.4	0.0007838777815353523
