0.0006999999999999628	-0.00016595197298374981
0.001403500000000035	-0.00016594213551801034
0.0021105174999999296	-0.00016594196290323923
0.0028210700874998964	-0.00016594192645221861
0.003535175437937438	-0.0001659418917452923
0.004252851315127062	-0.0001659418569009063
0.004974115571702636	-0.00016594182189117043
0.005698986149561044	-0.00016594178671416846
0.006427481080308875	-0.00016594175136835034
0.007159618485710418	-0.00016594171585244255
0.007895416578138905	-0.00016594168016510823
0.008634893661029494	-0.0001659416443050726
0.00937806812933463	-0.00016594160827118834
0.010124958469981361	-0.00016594157206223015
0.010875583262331262	-0.00016594153567707175
0.01162996117864295	-0.0001659414991145466
0.012388110984536127	-0.00016594146237364294
0.013150051539458866	-0.00016594142545318683
0.013915801797156208	-0.00016594138835200508
0.014685380806142003	-0.0001659413510691892
0.015458807710172712	-0.00016594131360352015
0.01623610174872358	-0.00016594127595406032
0.017017282257467212	-0.00016594123811964438
0.017802368668754516	-0.00016594120009921543
0.01859138051209827	-0.0001659411618918362
0.019384337414658823	-0.00016594112349632492
0.020181259101732015	-0.00016594108491166387
0.020982165397240727	-0.00016594104613681595
0.02178707622422691	-0.00016594100717072437
0.02259601160534814	-0.00016594096801227464
0.02340899166337483	-0.00016594092866049093
0.024226036621691812	-0.00016594088911431692
0.02504716680480027	-0.00016594084937256474
0.025872402638824326	-0.00016594080943433802
0.02670176465201842	-0.00016594076929847827
0.02753527347527842	-0.0001659407289639403
0.028372949842654864	-0.0001659406884295675
0.0292148145918682	-0.00016594064769442454
0.03006088866482743	-0.00016594060675727282
0.03091119310815165	-0.00016594056561715337
0.0317657490736924	-0.0001659405242728684
0.03262457781906081	-0.0001659404827234668
0.03348770070815601	-0.00016594044096772075
0.034355139211696875	-0.00016594039900455314
0.035226914907755424	-0.00016594035683291437
0.03610304948229413	-0.00016594031445159999
0.03698356472970569	-0.00016594027185951835
0.03786848255335419	-0.0001659402290555857
0.038757824966120964	-0.00016594018603861689
0.03965161409095162	-0.00016594014280758276
0.04054987216140643	-0.0001659400993611715
0.04145262152221345	-0.00016594005569842333
0.04235988462982453	-0.00016594001181805164
0.04327168405297366	-0.00016593996771890857
0.0441880424732386	-0.00016593992339983735
0.04510898268560485	-0.0001659398788597802
0.046034527599032954	-0.00016593983409748293
0.04696470023702812	-0.00016593978911169695
0.04789952373821329	-0.00016593974390131326
0.048839021356904266	-0.00016593969846512922
0.04978321646368884	-0.00016593965280190543
0.05073213254600732	-0.00016593960691047363
0.05168579320873729	-0.00016593956078961712
0.052644222174780875	-0.00016593951443815683
0.05360744328565471	-0.00016593946785478975
0.054575480502083065	-0.00016593942103832417
0.05554835790459365	-0.00016593937398756093
0.05652609969411678	-0.0001659393267011093
0.05750873019258755	-0.00016593927917792528
0.05849627384355038	-0.00016593923141656043
0.05948875521276831	-0.0001659391834158894
0.060486198988831924	-0.00016593913517451732
0.061488629983776036	-0.00016593908669129548
0.062496073133695054	-0.00016593903796481395
0.06350855349936363	-0.00016593898899384734
0.06452609626686023	-0.00016593893977712466
0.06554872674819473	-0.00016593889031321762
0.0665764703819355	-0.00016593884060094453
0.06760935273384511	-0.00016593879063898852
0.06864739949751451	-0.0001659387404258065
0.06969063649500218	-0.00016593868996030823
0.07073908967747725	-0.00016593863924100312
0.07179278512586448	-0.00016593858826657087
0.07285174905149387	-0.00016593853703568442
0.07391600779675113	-0.00016593848554687218
0.07498558783573481	-0.000165938433798912
0.07606051577491364	-0.0001659383817903349
0.07714081835378801	-0.00016593832951976417
0.0782265224455569	-0.00016593827698573567
0.07931765505778446	-0.0001659382241868779
0.08041424333307354	-0.0001659381711218243
0.08151631454973869	-0.0001659381177890226
0.08262389612248718	-0.00016593806418713333
0.08373701560309972	-0.0001659380103147598
0.08485570068111534	-0.00016593795617033668
0.08597997918452092	-0.00016593790175246668
0.08710987908044335	-0.00016593784705961603
0.08824542847584554	-0.00016593779209035506
0.08938665561822474	-0.00016593773684321153
0.0905335888963159	-0.00016593768131668347
0.09168625684079766	-0.00016593762550916528
0.09284468812500156	-0.00016593756941923708
0.09400891156562662	-0.0001659375130453543
0.09517895612345495	-0.00016593745638599698
0.09635485090407213	-0.0001659373994395504
0.09753662515859228	-0.00016593734220453525
0.09872430828438533	-0.00016593728467940416
0.09991792982580742	-0.00016593722686243187
0.10111751947493633	-0.000165937168752268
0.10232310707231096	-0.00016593711034704225
0.10353472260767245	-0.0001659370516453831
0.1047523962207106	-0.00016593699264551648
0.1059761582018141	-0.00016593693334587763
0.10720603899282295	-0.00016593687374490406
0.10844206918778705	-0.0001659368138408136
0.10968427953372589	-0.00016593675363205064
0.11093270093139453	-0.00016593669311690292
0.11218736443605157	-0.00016593663229366517
0.11344830125823162	-0.0001659365711606165
0.11471554276452282	-0.00016593650971621156
0.11598912047834534	-0.00016593644795859255
0.11726906608073716	-0.00016593638588603267
0.11855541141114084	-0.00016593632349689777
0.11984818846819666	-0.0001659362607893249
0.12114742941053756	-0.00016593619776167478
0.12245316655759021	-0.0001659361344120193
0.12376543239037813	-0.0001659360707387325
0.12508425955233007	-0.00016593600673988487
0.12640968085009188	-0.0001659359424137313
0.12774172925434224	-0.00016593587775841053
0.12908043790061416	-0.0001659358127721924
0.13042584009011704	-0.00016593574745312416
0.13177796929056776	-0.00016593568179939735
0.1331368591370207	-0.00016593561580903596
0.13450254343270562	-0.00016593554948027747
0.13587505614986897	-0.0001659354828111703
0.1372544314306183	-0.00016593541579980794
0.13864070358777136	-0.0001659353484442702
0.14003390710571012	-0.00016593528074259527
0.14143407664123844	-0.0001659352126927949
0.14284124702444484	-0.00016593514429299308
0.14425545325956707	-0.00016593507554108535
0.1456767305258648	-0.00016593500643518445
0.14710511417849395	-0.00016593493697319287
0.14854063974938644	-0.00016593486715315195
0.14998334294813345	-0.00016593479697293978
0.1514332596628742	-0.00016593472643061186
0.15289042596118857	-0.00016593465552392994
0.15435487809099444	-0.0001659345842509324
0.15582665248144925	-0.0001659345126094559
0.15730578574385642	-0.00016593444059741095
0.1587923146725756	-0.00016593436821262908
0.1602862762459386	-0.00016593429545300255
0.1617877076271685	-0.00016593422231622228
0.16329664616530448	-0.00016593414880019372
0.16481312939613094	-0.00016593407490280787
0.16633719504311156	-0.000165934000621702
0.16786888101832692	-0.00016593392595464637
0.16940822542341866	-0.00016593385089944162
0.17095526655053575	-0.000165933775453778
0.17251004288328856	-0.00016593369961536976
0.1740725930977048	-0.00016593362338186598
0.1756429560631934	-0.0001659335467509655
0.17722117084350925	-0.00016593346972028193
0.17880727669772659	-0.00016593339228745791
0.18040131308121543	-0.00016593331445014737
0.18200331964662148	-0.00016593323620591043
0.18361333624485465	-0.00016593315755225317
0.18523140292607912	-0.00016593307848681365
0.18685755994070938	-0.0001659329990070993
0.18849184774041308	-0.00016593291911054137
0.19013430697911532	-0.00016593283879472946
0.19178497851401088	-0.00016593275805695985
0.19344390340658082	-0.00016593267689488642
0.19511112292361377	-0.00016593259530582336
0.1967866785382319	-0.0001659325132871633
0.19847061193092289	-0.00016593243083624495
0.2001629649905775	-0.0001659323479504873
0.20186377981553055	-0.00016593226462711293
0.20357309871460819	-0.00016593218086351642
0.2052909642081813	-0.0001659320966569735
0.207017419029222	-0.0001659320120046684
0.20875250612436788	-0.0001659319269038673
0.21049626865498966	-0.00016593184135177245
0.21224874999826462	-0.00016593175534554503
0.21400999374825602	-0.00016593166888236816
0.2157800437169973	-0.00016593158195925335
0.21755894393558234	-0.00016593149457344228
0.21934673865526005	-0.00016593140672185926
0.2211434723485364	-0.0001659313184015832
0.22294918971027902	-0.000165931229609739
0.22476393565883038	-0.00016593114034308063
0.22658775533712455	-0.00016593105059873296
0.22842069411381005	-0.00016593096037361075
0.23026279758437915	-0.00016593086966446458
0.23211411157230094	-0.0001659307784683227
0.23397468213016254	-0.00016593068678179786
0.23584455554081346	-0.0001659305946018836
0.23772377831851751	-0.000165930501925217
0.23961239721011024	-0.00016593040874858183
0.24151045919616082	-0.00016593031506868504
0.24341801149214168	-0.00016593022088209528
0.24533510154960245	-0.0001659301261854593
0.24726177705735047	-0.0001659300309753908
0.2491980859426373	-0.0001659299352483851
0.25114407637235053	-0.0001659298390010328
0.2530997967542124	-0.00016592974222972822
0.2550652957379834	-0.00016592964493091002
0.2570406222166734	-0.00016592954710103566
0.25902582532775686	-0.00016592944873643307
0.26102095445439577	-0.0001659293498333355
0.2630260592266676	-0.00016592925038804286
0.26504118952280104	-0.00016592915039682609
0.26706639547041516	-0.00016592904985580887
0.26910172744776706	-0.00016592894876120214
0.27114723608500574	-0.00016592884710897815
0.2732029722654309	-0.00016592874489528524
0.2752689871267581	-0.0001659286421160919
0.2773453320623917	-0.00016592853876729838
0.2794320587227036	-0.00016592843484486712
0.281529219016317	-0.00016592833034462774
0.2836368651113984	-0.0001659282252624184
0.28575504943695557	-0.00016592811959387736
0.28788382468414025	-0.00016592801333472438
0.2900232438075611	-0.00016592790648066192
0.29217336002659877	-0.00016592779902728622
0.29433422682673194	-0.00016592769096993195
0.29650589796086546	-0.0001659275823043145
0.29868842745066976	-0.00016592747302570363
0.30088186958792296	-0.00016592736312948618
0.30308627893586265	-0.00016592725261092652
0.305301710330542	-0.00016592714146517235
0.3075282188821948	-0.0001659270296874304
0.30976585997660583	-0.000165926917272873
0.31201468927648873	-0.0001659268042163738
0.31427476272287097	-0.00016592669051299807
0.3165461365364855	-0.00016592657615755498
0.318828867219168	-0.0001659264611448923
0.3211230115552639	-0.00016592634546966692
0.32342862661304006	-0.0001659262291266361
0.3257457697461053	-0.00016592611211031246
0.32807449859483556	-0.0001659259944151752
0.33041487108780954	-0.00016592587603577244
0.3327669454432486	-0.00016592575696616389
0.33513078017046477	-0.0001659256372008245
0.33750643407131686	-0.00016592551673388044
0.33989396624167323	-0.00016592539555933166
0.3422934360728816	-0.00016592527367120398
0.34470490325324576	-0.0001659251510633461
0.3471284277695118	-0.00016592502772950398
0.34956406990835936	-0.00016592490366337006
0.3520118902579012	-0.00016592477885859683
0.3544719497091907	-0.0001659246533086612
0.35694430945773664	-0.00016592452700680245
0.3594290310050252	-0.00016592439994639888
0.36192617616005013	-0.000165924272120568
0.3644358070408504	-0.000165924143522304
0.36695798607605457	-0.00016592401414455618
0.36949277600643504	-0.0001659238839800782
0.37204023988646695	-0.00016592375302160634
0.374600441085899	-0.00016592362126148844
0.3771734432913285	-0.00016592348869228982
0.379759310507785	-0.0001659233553062369
0.3823581070603237	-0.0001659232210954979
0.3849698975956254	-0.0001659230860519757
0.3875947470836033	-0.00016592295016749648
0.39023272081902133	-0.00016592281343375898
0.3928838844231162	-0.00016592267584231236
0.39554830384523165	-0.0001659225373845191
0.3982260453644579	-0.00016592239805152082
0.4009171755912802	-0.0001659222578345196
0.4036217614692367	-0.00016592211672408153
0.4063398702765827	-0.00016592197471117736
0.40907156962796565	-0.00016592183178606892
0.41181692747610543	-0.0001659216879391163
0.41457601211348605	-0.00016592154316055776
0.4173488921740533	-0.00016592139744008505
0.4201356366349237	-0.00016592125076752507
0.42293631481809807	-0.00016592110313237485
0.4257509963921885	-0.00016592095452371578
0.42857975137414944	-0.0001659208049307462
0.4314226501310203	-0.0001659206543422274
0.43427976338167545	-0.00016592050274672854
0.43715116219858396	-0.00016592035013241228
0.440036918009577	-0.00016592019648753773
0.44293710259962477	-0.00016592004179964362
0.4458517881126228	-0.00016591988605640863
0.4487810470531859	-0.00016591972924505298
0.45172495228845155	-0.00016591957135242834
0.45468357704989376	-0.00016591941236515563
0.45765699493514306	-0.0001659192522695835
0.46064527990981863	-0.00016591909105169233
0.4636485063093676	-0.0001659189286971818
0.4666667488409145	-0.00016591876519136023
0.4697000825851191	-0.00016591860051914687
0.4727485829980444	-0.00016591843466517316
0.4758123259130346	-0.00016591826761361308
0.47889138754259974	-0.00016591809934843554
0.4819858444803126	-0.0001659179298528538
0.4850957737027142	-0.00016591775910987315
0.48822125257122767	-0.0001659175871022838
0.49136235883408375	-0.000165917413811963
0.49451917062825407	-0.00016591723922068947
0.49769176648139524	-0.00016591706330965658
0.5008802253138022	-0.00016591688605938795
0.5040846264403713	-0.0001659167074500854
0.5073050495725733	-0.00016591652746149538
0.510541574820436	-0.00016591634607251835
0.5137942826945383	-0.00016591616326164813
0.5170632541080108	-0.00016591597900683273
0.520348570378551	-0.00016591579328522433
0.5236503132304436	-0.00016591560607359464
0.5269685647965956	-0.00016591541734779813
0.5303034076205784	-0.00016591522708313562
0.5336549246586811	-0.00016591503525402592
0.5370231992819746	-0.00016591484183434258
0.5404083152783844	-0.0001659146467971249
0.5438103568547764	-0.0001659144501145408
0.5472294086390501	-0.00016591425175796725
0.5506655556822453	-0.00016591405169783454
0.5541188834606565	-0.00016591384990385477
0.5575894778779599	-0.0001659136463445354
0.5610774252673494	-0.0001659134409877065
0.564582812393686	-0.00016591323379979635
0.5681057264556543	-0.00016591302474660953
0.5716462550879327	-0.00016591281379241027
0.5752044863633723	-0.0001659126009005713
0.578780508795189	-0.00016591238603333818
0.5823744113391649	-0.00016591216915122544
0.5859862833958606	-0.00016591195021422111
0.5896162148128399	-0.00016591172918014517
0.5932642958869042	-0.0001659115060060382
0.5969306173663387	-0.00016591128064701507
0.6006152704531702	-0.00016591105305674637
0.6043183468054361	-0.00016591082318756874
0.6080399385394633	-0.00016591059098975582
0.6117801382321605	-0.0001659103564119363
0.615539038923321	-0.0001659101194010138
0.6193167341179376	-0.00016590987990174443
0.6231133177885273	-0.00016590963785703545
0.6269288843774701	-0.00016590939320771465
0.6307635287993573	-0.00016590914589227854
0.6346173464433539	-0.0001659088958469381
0.6384904331755705	-0.0001659086430053619
0.6423828853414483	-0.00016590838729899104
0.6462947997681555	-0.00016590812865627694
0.6502262737669962	-0.0001659078670030912
0.6541774051358311	-0.00016590760226221161
0.6581482921615099	-0.0001659073343534521
0.6621390336223173	-0.00016590706319349145
0.6661497287904288	-0.0001659067886952727
0.6701804774343807	-0.00016590651076845572
0.6742313798215525	-0.00016590622931896037
0.6783025367206603	-0.000165905944248664
0.6823940494042636	-0.0001659056554553519
0.6865060196512851	-0.00016590536283223097
0.6906385497495416	-0.0001659050662683679
0.6947917424982893	-0.00016590476564753317
0.6989657012107808	-0.00016590446084860863
0.7031605297168348	-0.00016590415174516537
0.7073763323654189	-0.00016590383820476307
0.7116132140272461	-0.00016590352008939637
0.715871280097382	-0.0001659031972544307
0.7201506364978687	-0.00016590286954866593
0.7244513896803577	-0.00016590253681389572
0.7287736466287593	-0.0001659021988842947
0.733117514861903	-0.00016590185558615307
0.7374831024362126	-0.00016590150673725357
0.7418705179483935	-0.00016590115214688793
0.7462798705381356	-0.00016590079161457372
0.7507112698908263	-0.00016590042492989386
0.7551648262402804	-0.0001659000518720281
0.759640650371482	-0.0001658996722086528
0.7641388536233394	-0.0001658992856956491
0.7686595478914561	-0.0001658988920760818
0.7732028456309133	-0.0001658984910793739
0.7777688598590677	-0.00016589808242082187
0.7823577041583629	-0.00016589766580012686
0.7869694926791548	-0.00016589724090059437
0.7916043401425507	-0.0001658968073881268
0.7962623618432633	-0.00016589636490978824
0.8009436736524796	-0.0001658959130928668
0.805648392020742	-0.00016589545154302188
0.8103766339808457	-0.0001658949798433454
0.81512851715075	-0.00016589449755194014
0.8199041597365035	-0.00016589400420093087
0.8247036805351862	-0.0001658934992940998
0.8295271989378621	-0.00016589298230463691
0.8343748349325514	-0.00016589245267322795
0.8392467091072142	-0.0001658919098052872
0.8441429426527504	-0.00016589135306805376
0.849063657366014	-0.00016589078178774421
0.8540089756528442	-0.00016589019524634245
0.8589790205311084	-0.00016588959267751406
0.863973915633764	-0.00016588897326299835
0.8689739156337638	-0.00016588833776809485
0.8739739156337636	-0.00016588768673923872
0.8789739156337634	-0.00016588701967154806
0.8839739156337632	-0.00016588633578600888
0.8889739156337629	-0.00016588563425441172
0.8939739156337627	-0.00016588491419560836
0.8989739156337626	-0.00016588417467102896
0.9039739156337624	-0.00016588341468074915
0.9089739156337622	-0.0001658826331569895
0.913973915633762	-0.00016588182895851505
0.9189739156337617	-0.00016588100086411243
0.9239739156337615	-0.00016588014756476204
0.9289739156337613	-0.00016587926765515153
0.9339739156337611	-0.00016587835962429614
0.938973915633761	-0.00016587742184450544
0.9439739156337608	-0.00016587645255962692
0.9489739156337605	-0.0001658754498705517
0.9539739156337603	-0.0001658744117196033
0.9589739156337601	-0.00016587333587248803
0.9639739156337599	-0.00016587221989775827
0.9689739156337597	-0.00016587106114213977
0.9739739156337595	-0.0001658698567041442
0.9789739156337594	-0.00016586860340135693
0.9839739156337591	-0.0001658672977338661
0.9889739156337589	-0.0001658659358418537
0.9939739156337587	-0.00016586451345485678
0.9989739156337585	-0.00016586302583430657
1.0039739156337584	-0.00016586146770518174
1.008973915633758	-0.00016585983317579994
1.013973915633758	-0.00016585811564441327
1.0189739156337576	-0.0001658563076881686
1.0239739156337575	-0.00016585440093278198
1.0289739156337572	-0.00016585238589860777
1.033973915633757	-0.00016585025181760108
1.038973915633757	-0.00016584798641724454
1.0439739156337566	-0.00016584557566375725
1.0489739156337565	-0.00016584300345540972
1.0539739156337562	-0.0001658402512599472
1.058973915633756	-0.00016583729767975468
1.0639739156337558	-0.00016583411793481237
1.0689739156337557	-0.00016583068324348634
1.0739739156337553	-0.0001658269600831091
1.0789739156337552	-0.00016582290930453286
1.0839739156337551	-0.00016581848507170896
1.0889739156337548	-0.000165813633589222
1.0939739156337547	-0.00016580829157714975
1.0989739156337544	-0.00016580238444024794
1.1039739156337542	-0.00016579582406659564
1.108973915633754	-0.00016578850618497243
1.1139739156337538	-0.00016578030718455324
1.1189739156337537	-0.00016577108029155308
1.1239739156337534	-0.00016576065096608666
1.1289739156337533	-0.0001657488113622726
1.133973915633753	-0.0001657353136565178
1.1389739156337528	-0.00016571986201093132
1.1439739156337525	-0.000165702102893069
1.1489739156337524	-0.0001656816134086455
1.153973915633752	-0.00016565788724305994
1.158973915633752	-0.0001656303177173201
1.1639739156337519	-0.0001655981773640627
1.1689739156337515	-0.00016556059331051005
1.1739739156337514	-0.00016551651760759737
1.178973915633751	-0.00016546469146935157
1.183973915633751	-0.00016540360217698016
1.1889739156337507	-0.00016533143115021525
1.1939739156337505	-0.00016524599138464948
1.1989739156337504	-0.00016514465208993307
1.2039739156337501	-0.00016502424793211733
1.20897391563375	-0.0001648809697523513
1.2139739156337497	-0.00016471023301155784
1.2189739156337496	-0.00016450651944985357
1.2239739156337492	-0.0001642631865362822
1.2289739156337491	-0.00016397223818455592
1.2339739156337488	-0.0001636240488698141
1.2389739156337487	-0.00016320703167120145
1.2439739156337486	-0.00016270723878691545
1.2489739156337483	-0.0001621078806887976
1.2539739156337482	-0.0001613887471669608
1.2589739156337478	-0.00016052550999501037
1.2639739156337477	-0.00015948888268682915
1.2689739156337474	-0.00015824360770442622
1.2739739156337473	-0.00015674723539334584
1.2789739156337472	-0.00015494865176212948
1.2839739156337469	-0.0001527863039048338
1.2889739156337467	-0.0001501860623260495
1.2939739156337464	-0.00014705864868787323
1.2989739156337463	-0.00014329654559963392
1.303973915633746	-0.00013877029218294814
1.3089739156337459	-0.00013332405556351504
1.3139739156337455	-0.0001267703547033577
1.3189739156337454	-0.00011888379998886665
1.3239739156337453	-0.00010939370119213772
1.328973915633745	-9.797539007189576e-5
1.333973915633745	-8.424010536991217e-5
1.3389739156337446	-6.772330206340572e-5
1.3439739156337445	-4.7871280034427074e-5
1.3489739156337441	-2.4026088325849733e-5
1.353973915633744	4.591239610251273e-6
1.358973915633744	3.889891482388826e-5
1.3639739156337436	7.997366916932969e-5
1.3689739156337435	0.0001290703778121285
1.3739739156337432	0.00018764096617502533
1.378973915633743	0.00025735111162494904
1.3839739156337427	0.0003400927841220801
1.3879804367253072	0.0004173520628975548
1.3919869578168715	0.0005054131274336479
1.395993478908436	0.0006056872498876298
1.4	0.000719547846560885
