0.0006999999999999628	-0.0001759875761773144
0.001403500000000035	-0.00017597769452591436
0.0021105174999999296	-0.0001759763167755806
0.0028210700874998964	-0.00017597504312615218
0.003535175437937438	-0.00017597376333632658
0.004252851315127062	-0.00017597247583628798
0.004974115571702636	-0.00017597118054370986
0.005698986149561044	-0.0001759698773982772
0.006427481080308875	-0.00017596856634024402
0.007159618485710418	-0.0001759672473099726
0.007895416578138905	-0.00017596592024770038
0.008634893661029494	-0.00017596458509350373
0.00937806812933463	-0.00017596324178723467
0.010124958469981361	-0.00017596189026833188
0.010875583262331262	-0.0001759605304759977
0.01162996117864295	-0.000175959162348969
0.012388110984536127	-0.00017595778582551907
0.013150051539458866	-0.00017595640084362436
0.013915801797156208	-0.00017595500734062278
0.014685380806142003	-0.00017595360525356102
0.015458807710172712	-0.00017595219451880647
0.01623610174872358	-0.00017595077507234942
0.017017282257467212	-0.0001759493468495493
0.017802368668754516	-0.0001759479097852751
0.01859138051209827	-0.0001759464638138865
0.019384337414658823	-0.0001759450088690703
0.020181259101732015	-0.00017594354488407484
0.020982165397240727	-0.0001759420717914426
0.02178707622422691	-0.00017594058952317905
0.02259601160534814	-0.00017593909801073043
0.02340899166337483	-0.00017593759718485092
0.024226036621691812	-0.00017593608697568248
0.02504716680480027	-0.00017593456731278945
0.025872402638824326	-0.00017593303812507333
0.02670176465201842	-0.00017593149934063855
0.02753527347527842	-0.00017592995088724648
0.028372949842654864	-0.00017592839269172107
0.0292148145918682	-0.0001759268246803176
0.03006088866482743	-0.00017592524677854306
0.03091119310815165	-0.0001759236589112919
0.0317657490736924	-0.0001759220610027088
0.03262457781906081	-0.0001759204529762075
0.03348770070815601	-0.00017591883475449608
0.034355139211696875	-0.00017591720625954483
0.035226914907755424	-0.00017591556741259294
0.03610304948229413	-0.00017591391813416042
0.03698356472970569	-0.0001759122583438857
0.03786848255335419	-0.0001759105879607881
0.038757824966120964	-0.00017590890690303562
0.03965161409095162	-0.0001759072150879641
0.04054987216140643	-0.00017590551243217297
0.04145262152221345	-0.00017590379885142423
0.04235988462982453	-0.00017590207426064773
0.04327168405297366	-0.00017590033857402544
0.0441880424732386	-0.00017589859170469012
0.04510898268560485	-0.00017589683356515861
0.046034527599032954	-0.00017589506406698985
0.04696470023702812	-0.00017589328312080115
0.04789952373821329	-0.00017589149063643004
0.048839021356904266	-0.0001758896865227182
0.04978321646368884	-0.0001758878706877186
0.05073213254600732	-0.00017588604303843525
0.05168579320873729	-0.00017588420348100005
0.052644222174780875	-0.00017588235192060052
0.05360744328565471	-0.00017588048826146794
0.054575480502083065	-0.0001758786124068828
0.055548357904593434	-0.00017587672425913145
0.056526099694116344	-0.00017587482371939574
0.0575087301925869	-0.00017587291068804127
0.05849627384354973	-0.00017587098506431154
0.05948875521276744	-0.00017586904674638627
0.06048619898883127	-0.000175867095631479
0.061488629983775384	-0.0001758651316156583
0.06249607313369419	-0.00017586315459395825
0.06350855349936275	-0.0001758611644603524
0.06452609626685958	-0.00017585916110767036
0.06554872674819387	-0.00017585714442760415
0.06657647038193484	-0.00017585511431075817
0.06760935273384447	-0.0001758530706466135
0.06864739949751365	-0.0001758510133233791
0.0696906364950013	-0.00017584894222814006
0.07073908967747639	-0.00017584685724686674
0.07179278512586384	-0.000175844758264207
0.07285174905149322	-0.00017584264516360944
0.0739160077967507	-0.00017584051782731667
0.07498558783573436	-0.00017583837613626484
0.07606051577491299	-0.00017583621997010443
0.07714081835378758	-0.00017583404920727702
0.07822652244555647	-0.00017583186372479735
0.07931765505778425	-0.00017582966339841242
0.0804142433330731	-0.00017582744810249498
0.08151631454973848	-0.00017582521771008136
0.08262389612248718	-0.00017582297209280752
0.0837370156030995	-0.00017582071112088866
0.0848557006811149	-0.00017581843466305897
0.0859799791845205	-0.0001758161425867399
0.08710987908044313	-0.00017581383475778195
0.08824542847584534	-0.0001758115110406353
0.08938665561822454	-0.00017580917129810287
0.09053358889631567	-0.00017580681539157645
0.09168625684079722	-0.0001758044431808758
0.09284468812500112	-0.00017580205452422023
0.09400891156562617	-0.0001757996492782756
0.0951789561234543	-0.0001757972272980472
0.09635485090407148	-0.00017579478843689778
0.09753662515859184	-0.00017579233254655483
0.0987243082843847	-0.000175789859477076
0.09991792982580656	-0.00017578736907675858
0.10111751947493569	-0.00017578486119218512
0.10232310707231031	-0.00017578233566811888
0.1035347226076718	-0.00017577979234766525
0.10475239622071016	-0.00017577723107201586
0.10597615820181366	-0.00017577465168053136
0.10720603899282274	-0.00017577205401070667
0.10844206918778684	-0.00017576943789817707
0.10968427953372567	-0.00017576680317663064
0.1109327009313943	-0.00017576414967776592
0.11218736443605135	-0.00017576147723135478
0.11344830125823162	-0.0001757587856651604
0.11471554276452282	-0.00017575607480485944
0.11598912047834534	-0.00017575334447410317
0.11726906608073695	-0.00017575059449444642
0.11855541141114062	-0.00017574782468519
0.11984818846819621	-0.00017574503486366514
0.12114742941053713	-0.00017574222484483502
0.12245316655758978	-0.00017573939444153597
0.1237654323903777	-0.0001757365434643192
0.12508425955232963	-0.00017573367172136426
0.12640968085009122	-0.0001757307790185909
0.1277417292543416	-0.00017572786515951733
0.1290804379006133	-0.00017572492994531245
0.13042584009011637	-0.00017572197317456043
0.1317779692905669	-0.0001757189946434955
0.13313685913701961	-0.00017571599414574498
0.13450254343270476	-0.0001757129714724219
0.13587505614986833	-0.00017570992641201955
0.13725443143061763	-0.0001757068587504165
0.13864070358777073	-0.00017570376827071398
0.14003390710570945	-0.0001757006547534146
0.14143407664123803	-0.0001756975179761494
0.1428412470244442	-0.0001756943577137794
0.1442554532595664	-0.00017569117373829736
0.14567673052586416	-0.00017568796581876958
0.1471051141784935	-0.0001756847337212882
0.14854063974938603	-0.00017568147720909232
0.149983342948133	-0.00017567819604214266
0.15143325966287374	-0.0001756748899774904
0.15289042596118813	-0.00017567155876892587
0.15435487809099402	-0.0001756682021671103
0.15582665248144906	-0.00017566481991939742
0.1573057857438562	-0.0001756614117698027
0.15879231467257537	-0.00017565797745910323
0.16028627624593816	-0.0001756545167245536
0.16178770762716785	-0.000175651029299924
0.16329664616530362	-0.00017564751491558296
0.16481312939613008	-0.00017564397329809274
0.1663371950431107	-0.00017564040417058298
0.16786888101832628	-0.0001756368072523202
0.1694082254234178	-0.00017563318225885806
0.1709552665505349	-0.00017562952890185055
0.17251004288328747	-0.00017562584688914993
0.17407259309770393	-0.00017562213592453043
0.17564295606319252	-0.00017561839570778547
0.17722117084350858	-0.00017561462593457822
0.17880727669772617	-0.0001756108262963429
0.18040131308121476	-0.0001756069964803543
0.18200331964662084	-0.00017560313616946435
0.18361333624485401	-0.00017559924504218446
0.18523140292607826	-0.00017559532277253026
0.18685755994070874	-0.0001755913690299346
0.1884918477404122	-0.00017558738347918756
0.19013430697911424	-0.00017558336578045447
0.1917849785140098	-0.00017557931558883567
0.19344390340657974	-0.00017557523255489065
0.19511112292361268	-0.0001755711163238942
0.1967866785382308	-0.00017556696653623055
0.19847061193092203	-0.00017556278282704265
0.20016296499057665	-0.00017555856482629153
0.20186377981552947	-0.00017555431215848306
0.2035730987146071	-0.0001755500244427324
0.20529096420818022	-0.00017554570129256706
0.20701741902922113	-0.00017554134231603343
0.20875250612436722	-0.00017553694711513676
0.210496268654989	-0.00017553251528624377
0.21224874999826396	-0.00017552804641968344
0.21400999374825516	-0.00017552354009967702
0.21578004371699644	-0.00017551899590432263
0.21755894393558148	-0.00017551441340533732
0.2193467386552594	-0.00017550979216797587
0.22114347234853576	-0.00017550513175110027
0.22294918971027836	-0.00017550043170671756
0.2247639356588297	-0.00017549569158010865
0.2265877553371239	-0.00017549091090966553
0.2284206941138094	-0.00017548608922661032
0.23026279758437848	-0.00017548122605509048
0.23211411157230027	-0.00017547632091177308
0.23397468213016168	-0.00017547137330597713
0.23584455554081238	-0.00017546638273918737
0.23772377831851643	-0.0001754613487053222
0.23961239721010893	-0.00017545627069031518
0.24151045919615952	-0.00017545114817188478
0.24341801149214037	-0.00017544598061969158
0.24533510154960114	-0.00017544076749478787
0.24726177705734917	-0.0001754355082497185
0.24919808594263576	-0.0001754302023283681
0.251144076372349	-0.0001754248491655401
0.2530997967542107	-0.00017541944818694885
0.2550652957379817	-0.00017541399880913178
0.2570406222166717	-0.00017540850043900827
0.2590258253277551	-0.00017540295247384945
0.26102095445439405	-0.00017539735430106685
0.2630260592266659	-0.0001753917052979604
0.2650411895227993	-0.00017538600483154427
0.2670663954704134	-0.00017538025225830994
0.26910172744776534	-0.0001753744469241002
0.27114723608500396	-0.00017536858816362137
0.27320297226542917	-0.00017536267530057862
0.27526898712675635	-0.0001753567076471888
0.27734533206239	-0.00017535068450390994
0.2794320587227019	-0.00017534460515947932
0.2815292190163153	-0.0001753384688902605
0.2836368651113967	-0.0001753322749603327
0.28575504943695385	-0.00017532602262098777
0.28788382468413853	-0.0001753197111104831
0.29002324380755934	-0.00017531333965403964
0.29217336002659705	-0.00017530690746308302
0.29433422682673016	-0.00017530041373528237
0.29650589796086374	-0.00017529385765417075
0.29868842745066804	-0.0001752872383887844
0.30088186958792124	-0.00017528055509334522
0.3030862789358609	-0.0001752738069069645
0.30530171033054027	-0.00017526699295329764
0.307528218882193	-0.00017526011234015104
0.30976585997660405	-0.00017525316415918638
0.312014689276487	-0.00017524614748546744
0.31427476272286925	-0.00017523906137716243
0.3165461365364837	-0.00017523190487514452
0.3188288672191662	-0.0001752246770025478
0.32112301155526213	-0.00017521737676431197
0.32342862661303834	-0.0001752100031469839
0.3257457697461036	-0.00017520255511792028
0.32807449859483384	-0.0001751950316251346
0.3304148710878078	-0.00017518743159675393
0.33276694544324686	-0.00017517975394060905
0.33513078017046305	-0.0001751719975434204
0.33750643407131514	-0.0001751641612708213
0.3398939662416715	-0.00017515624396637774
0.3422934360728799	-0.0001751482444513214
0.34470490325324404	-0.0001751401615240042
0.3471284277695101	-0.00017513199395902183
0.34956406990835764	-0.0001751237405071698
0.3520118902578995	-0.0001751153998943145
0.354471949709189	-0.00017510697082106532
0.3569443094577349	-0.00017509845196218737
0.3594290310050235	-0.00017508984196578712
0.3619261761600484	-0.00017508113945264718
0.3644358070408486	-0.00017507234301565878
0.36695798607605284	-0.00017506345121897244
0.36949277600643327	-0.00017505446259738773
0.37204023988646523	-0.000175045375655551
0.3746004410858973	-0.00017503618886715013
0.3771734432913268	-0.00017502690067401237
0.3797593105077832	-0.00017501750948549881
0.3823581070603219	-0.00017500801367746984
0.38496989759562367	-0.00017499841159149455
0.3875947470836016	-0.0001749887015338678
0.3902327208190196	-0.00017497888177464395
0.3928838844231145	-0.00017496895054681043
0.39554830384522993	-0.0001749589060451372
0.3982260453644561	-0.00017494874642516332
0.4009171755912785	-0.00017493846980226604
0.40362176146923495	-0.00017492807425030388
0.40633987027658097	-0.00017491755780064307
0.4090715696279639	-0.0001749069184410492
0.4118169274761037	-0.00017489615411422278
0.4145760121134843	-0.00017488526271672335
0.4173488921740515	-0.00017487424209761753
0.4201356366349219	-0.00017486309005717367
0.42293631481809635	-0.0001748518043453071
0.4257509963921868	-0.00017484038266032059
0.42857975137414767	-0.0001748288226473669
0.43142265013101855	-0.0001748171218968252
0.43427976338167373	-0.00017480527794272772
0.43715116219858224	-0.0001747932882611509
0.44003691800957523	-0.00017478115026849707
0.44293710259962304	-0.00017476886131969396
0.4458517881126211	-0.00017475641870631428
0.44878104705318417	-0.00017474381965474736
0.45172495228844983	-0.00017473106132419845
0.45468357704989204	-0.00017471814080455408
0.4576569949351413	-0.00017470505511450884
0.46064527990981685	-0.0001746918011990021
0.4636485063093658	-0.00017467837592725674
0.4666667488409128	-0.00017466477609023214
0.4697000825851173	-0.00017465099839824254
0.4727485829980427	-0.00017463703947845626
0.47581232591303285	-0.0001746228958720343
0.478891387542598	-0.00017460856403167594
0.48198584448031084	-0.0001745940403185757
0.4850957737027124	-0.00017457932099954694
0.48822125257122595	-0.0001745644022438556
0.49136235883408197	-0.000174549280120183
0.4945191706282523	-0.00017453395059306625
0.4976917664813935	-0.00017451840951983707
0.5008802253138004	-0.00017450265264653148
0.5040846264403696	-0.00017448667560458547
0.5073050495725715	-0.00017447047390674114
0.5105415748204343	-0.00017445404294298098
0.5137942826945365	-0.00017443737797650542
0.517063254108009	-0.0001744204741391612
0.5203485703785492	-0.00017440332642706876
0.5236503132304419	-0.00017438592969571846
0.5269685647965939	-0.00017436827865509408
0.5303034076205766	-0.00017435036786454369
0.5336549246586795	-0.00017433219172745154
0.5370231992819728	-0.00017431374448550484
0.5404083152783826	-0.00017429502021301942
0.5438103568547747	-0.00017427601281070915
0.5472294086390483	-0.0001742567159996014
0.5506655556822436	-0.00017423712331396927
0.5541188834606549	-0.00017421722809490484
0.5575894778779582	-0.00017419702348283383
0.5610774252673477	-0.00017417650241000407
0.5645828123936844	-0.00017415565759257076
0.5681057264556525	-0.00017413448152261662
0.5716462550879309	-0.00017411296645926218
0.5752044863633705	-0.00017409110441978532
0.5787805087951873	-0.00017406888717037003
0.5823744113391631	-0.00017404630621591313
0.5859862833958588	-0.00017402335279013517
0.5896162148128381	-0.00017400001784459627
0.5932642958869024	-0.00017397629203738988
0.5969306173663369	-0.00017395216572144528
0.6006152704531684	-0.0001739276289321058
0.6043183468054344	-0.00017390267137419848
0.6080399385394615	-0.00017387728240834095
0.6117801382321587	-0.00017385145103676389
0.6155390389233192	-0.00017382516588835306
0.6193167341179359	-0.0001737984152030325
0.6231133177885255	-0.00017377118681510882
0.6269288843774683	-0.00017374346813623195
0.6307635287993556	-0.00017371524613703912
0.6346173464433522	-0.00017368650732810104
0.6384904331755688	-0.00017365723774003116
0.6423828853414466	-0.00017362742290234453
0.6462947997681537	-0.00017359704782107948
0.6502262737669944	-0.00017356609695574462
0.6541774051358293	-0.00017353455419463407
0.6581482921615082	-0.0001735024028290908
0.6621390336223156	-0.00017346962552612812
0.6661497287904271	-0.0001734362042997972
0.6701804774343789	-0.00017340212048102605
0.6742313798215507	-0.00017336735468555565
0.6783025367206585	-0.00017333188678044404
0.682394049404262	-0.00017329569584839967
0.6865060196512833	-0.00017325876015017138
0.6906385497495399	-0.0001732210570851493
0.6947917424982876	-0.00017318256314903513
0.6989657012107791	-0.0001731432538896919
0.7031605297168331	-0.000173103103860043
0.7073763323654171	-0.00017306208656815383
0.7116132140272443	-0.0001730201744244278
0.7158712800973803	-0.0001729773386855387
0.7201506364978669	-0.00017293354939462615
0.724451389680356	-0.00017288877531818333
0.7287736466287575	-0.00017284298387797801
0.7331175148619014	-0.00017279614107956455
0.737483102436211	-0.00017274821143507734
0.7418705179483918	-0.00017269915788077175
0.7462798705381338	-0.0001726489416892415
0.7507112698908246	-0.00017259752237451352
0.7551648262402787	-0.0001725448575900512
0.7596406503714802	-0.0001724909030195795
0.7641388536233378	-0.00017243561225772078
0.7686595478914543	-0.00017237893668164454
0.7732028456309116	-0.00017232082531144874
0.777768859859066	-0.00017226122465725119
0.7823577041583611	-0.00017220007855267054
0.7869694926791531	-0.0001721373279717752
0.7916043401425489	-0.00017207291082685524
0.7962623618432616	-0.00017200676174569153
0.8009436736524779	-0.00017193881182354606
0.8056483920207402	-0.00017186898834721265
0.8103766339808439	-0.00017179721448616555
0.8151285171507483	-0.0001717234089459004
0.8199041597365018	-0.0001716474855774562
0.8247036805351844	-0.00017156935293604782
0.8295271989378604	-0.00017148891378089939
0.8343748349325497	-0.00017140606450630945
0.8392467091072124	-0.00017132069449409811
0.8441429426527486	-0.00017123268537368522
0.8490636573660123	-0.0001711419101767079
0.8540089756528424	-0.00017104823236868357
0.8589790205311068	-0.00017095150474018834
0.8639739156337622	-0.00017085156813554192
0.868973915633762	-0.00017074866265012666
0.8739739156337618	-0.00017064275145530186
0.8789739156337616	-0.00017053368433657954
0.8839739156337615	-0.00017042129745110297
0.8889739156337613	-0.0001703054123344782
0.893973915633761	-0.00017018583418111928
0.8989739156337608	-0.0001700623499283357
0.9039739156337606	-0.00016993472612432097
0.9089739156337604	-0.00016980270656087517
0.9139739156337602	-0.00016966600964362621
0.91897391563376	-0.00016952432547214538
0.9239739156337599	-0.00016937731259399988
0.9289739156337596	-0.0001692245943927919
0.9339739156337594	-0.00016906575506025538
0.9389739156337592	-0.00016890033509440837
0.943973915633759	-0.00016872782625343852
0.9489739156337588	-0.00016854766588225194
0.9539739156337586	-0.00016835923051249882
0.9589739156337583	-0.000168161828619792
0.9639739156337582	-0.0001679546923990166
0.968973915633758	-0.00016773696839562344
0.9739739156337578	-0.0001675077068013496
0.9789739156337576	-0.00016726584918961212
0.9839739156337574	-0.00016701021442552818
0.9889739156337571	-0.00016673948244048335
0.9939739156337569	-0.00016645217550570162
0.9989739156337567	-0.00016614663657352752
1.0039739156337566	-0.00016582100417955403
1.0089739156337563	-0.00016547318330693757
1.0139739156337562	-0.00016510081150337944
1.0189739156337558	-0.00016470121941537075
1.0239739156337557	-0.00016427138474648948
1.0289739156337556	-0.0001638078784651172
1.0339739156337553	-0.00016330680186823652
1.0389739156337552	-0.00016276371284823922
1.0439739156337549	-0.0001621735394020777
1.0489739156337547	-0.00016153047805603614
1.0539739156337544	-0.00016082787444765396
1.0589739156337543	-0.00016005808279195543
1.0639739156337542	-0.00015921230035796004
1.0689739156337539	-0.00015828037236480176
1.0739739156337538	-0.00015725056187214096
1.0789739156337534	-0.00015610927825632497
1.0839739156337533	-0.00015484075671293206
1.088973915633753	-0.0001534266798939941
1.093973915633753	-0.0001518457312325328
1.0989739156337526	-0.00015007306772347337
1.1039739156337525	-0.00014807969788196783
1.1089739156337524	-0.00014583174827702156
1.113973915633752	-0.00014328959943153542
1.118973915633752	-0.00014040686899233264
1.1239739156337516	-0.00013712921693919422
1.1289739156337515	-0.00013339294428585795
1.1339739156337512	-0.00012912335333659873
1.138973915633751	-0.00012423283429448945
1.143973915633751	-0.00011861864013650658
1.1489739156337506	-0.00011216030957616571
1.1539739156337505	-0.00010471669716543455
1.1589739156337502	-9.612257085282779e-5
1.16397391563375	-8.618474150356231e-5
1.1689739156337497	-7.467769706347548e-5
1.1739739156337496	-6.133872737034919e-5
1.1789739156337493	-4.586254520760616e-5
1.1839739156337492	-2.789543587976432e-5
1.187980436725312	-1.1425051109466373e-5
1.1919869578168745	7.14178086837958e-6
1.1959934789084372	2.80729147511715e-5
1.2	5.166369361522669e-5
