0.0006999999999999628	-0.0001754256388375499
0.001403500000000035	-0.00017541559977782682
0.0021105174999999296	-0.00017541445300247747
0.0028210700874998964	-0.00017541341829160016
0.003535175437937438	-0.00017541237893067181
0.004252851315127062	-0.00017541133327077647
0.004974115571702636	-0.00017541028123834173
0.005698986149561044	-0.00017540922278283587
0.006427481080308875	-0.00017540815785430452
0.007159618485710418	-0.00017540708640305743
0.007895416578138905	-0.00017540600837923423
0.008634893661029494	-0.00017540492373294004
0.00937806812933463	-0.00017540383241403503
0.010124958469981361	-0.00017540273437219572
0.010875583262331262	-0.00017540162955676238
0.01162996117864295	-0.00017540051791681852
0.012388110984536127	-0.00017539939940103492
0.013150051539458866	-0.0001753982739578036
0.013915801797156208	-0.00017539714153508564
0.014685380806142003	-0.00017539600208046075
0.015458807710172712	-0.00017539485554105661
0.01623610174872358	-0.0001753937018636543
0.017017282257467212	-0.00017539254099452011
0.017802368668754516	-0.0001753913728795038
0.01859138051209827	-0.0001753901974640012
0.019384337414658823	-0.00017538901469293477
0.020181259101732015	-0.00017538782451069195
0.020982165397240727	-0.00017538662686128147
0.02178707622422691	-0.00017538542168812557
0.02259601160534814	-0.00017538420893413955
0.02340899166337483	-0.00017538298854183403
0.024226036621691812	-0.0001753817604530064
0.02504716680480027	-0.00017538052460911553
0.025872402638824326	-0.00017537928095095773
0.02670176465201842	-0.00017537802941882506
0.02753527347527842	-0.00017537676995245242
0.028372949842654864	-0.0001753755024910108
0.0292148145918682	-0.00017537422697309514
0.03006088866482743	-0.0001753729433367163
0.03091119310815165	-0.00017537165151931673
0.0317657490736924	-0.00017537035145776268
0.03262457781906081	-0.00017536904308822673
0.03348770070815601	-0.0001753677263463942
0.034355139211696875	-0.00017536640116725148
0.035226914907755424	-0.000175365067485146
0.03610304948229413	-0.00017536372523390488
0.03698356472970569	-0.0001753623743465894
0.03786848255335419	-0.0001753610147555945
0.038757824966120964	-0.00017535964639277802
0.03965161409095162	-0.00017535826918927823
0.04054987216140643	-0.00017535688307546317
0.04145262152221345	-0.00017535548798118072
0.04235988462982453	-0.00017535408383546037
0.04327168405297366	-0.00017535267056662237
0.0441880424732386	-0.00017535124810238957
0.04510898268560485	-0.00017534981636960955
0.046034527599032954	-0.0001753483752945469
0.04696470023702812	-0.00017534692480258358
0.04789952373821329	-0.00017534546481847427
0.048839021356904266	-0.00017534399526615658
0.04978321646368884	-0.00017534251606877147
0.05073213254600732	-0.00017534102714874208
0.05168579320873729	-0.0001753395284276145
0.052644222174780875	-0.0001753380198262871
0.05360744328565471	-0.00017533650126464956
0.054575480502083065	-0.00017533497266187566
0.055548357904593434	-0.00017533343393635287
0.056526099694116344	-0.0001753318850055217
0.0575087301925869	-0.0001753303257860298
0.05849627384354973	-0.0001753287561936645
0.05948875521276744	-0.0001753271761432452
0.06048619898883127	-0.00017532558554883443
0.061488629983775384	-0.0001753239843235292
0.06249607313369419	-0.00017532237237943317
0.06350855349936275	-0.00017532074962791505
0.06452609626685958	-0.0001753191159791667
0.06554872674819387	-0.00017531747134264742
0.06657647038193484	-0.00017531581562672794
0.06760935273384447	-0.0001753141487388445
0.06864739949751365	-0.00017531247058545776
0.0696906364950013	-0.0001753107810718994
0.07073908967747639	-0.00017530908010270822
0.07179278512586384	-0.00017530736758120883
0.07285174905149322	-0.00017530564340971868
0.0739160077967507	-0.0001753039074895397
0.07498558783573436	-0.00017530215972089052
0.07606051577491299	-0.00017530040000284213
0.07714081835378758	-0.00017529862823348889
0.07822652244555647	-0.0001752968443096281
0.07931765505778425	-0.00017529504812708582
0.0804142433330731	-0.00017529323958038226
0.08151631454973848	-0.00017529141856305303
0.08262389612248718	-0.00017528958496729736
0.0837370156030995	-0.0001752877386842229
0.0848557006811149	-0.0001752858796035946
0.0859799791845205	-0.00017528400761402817
0.08710987908044313	-0.00017528212260293783
0.08824542847584534	-0.0001752802244563874
0.08938665561822454	-0.00017527831305911483
0.09053358889631567	-0.00017527638829465184
0.09168625684079722	-0.00017527445004516162
0.09284468812500112	-0.00017527249819146768
0.09400891156562617	-0.00017527053261304042
0.0951789561234543	-0.0001752685531879034
0.09635485090407148	-0.00017526655979278953
0.09753662515859184	-0.0001752645523028969
0.0987243082843847	-0.0001752625305920814
0.09991792982580656	-0.0001752604945326334
0.10111751947493569	-0.00017525844399540188
0.10232310707231031	-0.00017525637884979042
0.1035347226076718	-0.0001752542989636064
0.10475239622071016	-0.00017525220420299754
0.10597615820181366	-0.00017525009443275917
0.10720603899282274	-0.00017524796951594215
0.10844206918778684	-0.00017524582931397495
0.10968427953372567	-0.00017524367368672381
0.1109327009313943	-0.00017524150249228687
0.11218736443605135	-0.0001752393155871084
0.11344830125823162	-0.00017523711282585545
0.11471554276452282	-0.0001752348940615652
0.11598912047834534	-0.00017523265914540568
0.11726906608073695	-0.00017523040792672282
0.11855541141114062	-0.00017522814025306885
0.11984818846819621	-0.00017522585597018516
0.12114742941053713	-0.0001752235549218058
0.12245316655758978	-0.0001752212369498446
0.1237654323903777	-0.0001752189018942272
0.12508425955232963	-0.00017521654959293606
0.12640968085009122	-0.00017521417988189525
0.1277417292543416	-0.00017521179259502562
0.1290804379006133	-0.00017520938756417193
0.13042584009011637	-0.00017520696461900903
0.1317779692905669	-0.00017520452358722098
0.13313685913701961	-0.00017520206429414142
0.13450254343270476	-0.00017519958656306235
0.13587505614986833	-0.0001751970902148522
0.13725443143061763	-0.0001751945750683311
0.13864070358777073	-0.00017519204093981953
0.14003390710570945	-0.0001751894876433214
0.14143407664123803	-0.00017518691499052047
0.1428412470244442	-0.0001751843227905822
0.1442554532595664	-0.00017518171085034395
0.14567673052586416	-0.000175179078973939
0.1471051141784935	-0.00017517642696308664
0.14854063974938603	-0.00017517375461691362
0.149983342948133	-0.0001751710617318639
0.15143325966287374	-0.00017516834810169053
0.15289042596118813	-0.0001751656135175059
0.15435487809099402	-0.0001751628577676059
0.15582665248144906	-0.00017516008063742534
0.1573057857438562	-0.00017515728190967454
0.15879231467257537	-0.0001751544613639745
0.16028627624593816	-0.00017515161877713743
0.16178770762716785	-0.0001751487539228992
0.16329664616530362	-0.00017514586657196924
0.16481312939613008	-0.00017514295649191105
0.1663371950431107	-0.00017514002344716688
0.16786888101832628	-0.00017513706719890246
0.1694082254234178	-0.00017513408750507002
0.1709552665505349	-0.00017513108412026146
0.17251004288328747	-0.00017512805679567158
0.17407259309770393	-0.00017512500527907697
0.17564295606319252	-0.00017512192931471172
0.17722117084350858	-0.000175118828643318
0.17880727669772617	-0.00017511570300189532
0.18040131308121476	-0.00017511255212381666
0.18200331964662084	-0.00017510937573866697
0.18361333624485401	-0.00017510617357223968
0.18523140292607826	-0.00017510294534644262
0.18685755994070874	-0.0001750996907791098
0.1884918477404122	-0.0001750964095841757
0.19013430697911424	-0.00017509310147136112
0.1917849785140098	-0.0001750897661462631
0.19344390340657974	-0.00017508640331021394
0.19511112292361268	-0.0001750830126601976
0.1967866785382308	-0.00017507959388877442
0.19847061193092203	-0.00017507614668397617
0.20016296499057665	-0.00017507267072932955
0.20186377981552947	-0.00017506916570366734
0.2035730987146071	-0.00017506563128100855
0.20529096420818022	-0.0001750620671306185
0.20701741902922113	-0.0001750584729167569
0.20875250612436722	-0.0001750548482987399
0.210496268654989	-0.00017505119293069045
0.21224874999826396	-0.0001750475064616031
0.21400999374825516	-0.00017504378853497158
0.21578004371699644	-0.00017504003878915318
0.21755894393558148	-0.00017503625685672358
0.2193467386552594	-0.00017503244236481854
0.22114347234853576	-0.00017502859493474023
0.22294918971027836	-0.000175024714181951
0.2247639356588297	-0.00017502079971601676
0.2265877553371239	-0.00017501685114034622
0.2284206941138094	-0.00017501286805225727
0.23026279758437848	-0.0001750088500426174
0.23211411157230027	-0.00017500479669598588
0.23397468213016168	-0.00017500070759028023
0.23584455554081238	-0.00017499658229675375
0.23772377831851643	-0.0001749924203797815
0.23961239721010893	-0.00017498822139679488
0.24151045919615952	-0.00017498398489813936
0.24341801149214037	-0.00017497971042693478
0.24533510154960114	-0.00017497539751876523
0.24726177705734917	-0.0001749710457018127
0.24919808594263576	-0.0001749666544965027
0.251144076372349	-0.00017496222341534677
0.2530997967542107	-0.000174957751962904
0.2550652957379817	-0.00017495323963550026
0.2570406222166717	-0.00017494868592112322
0.2590258253277551	-0.00017494409029920462
0.26102095445439405	-0.0001749394522404368
0.2630260592266659	-0.0001749347712067112
0.2650411895227993	-0.000174930046650703
0.2670663954704134	-0.00017492527801591407
0.26910172744776534	-0.0001749204647362569
0.27114723608500396	-0.0001749156062361114
0.27320297226542917	-0.00017491070192980233
0.27526898712675635	-0.00017490575122169438
0.27734533206239	-0.00017490075350573003
0.2794320587227019	-0.00017489570816535535
0.2815292190163153	-0.00017489061457323201
0.2836368651113967	-0.0001748854720910192
0.28575504943695385	-0.0001748802800690353
0.28788382468413853	-0.00017487503784623915
0.29002324380755934	-0.00017486974474968463
0.29217336002659705	-0.0001748644000944371
0.29433422682673016	-0.00017485900318339246
0.29650589796086374	-0.00017485355330667672
0.29868842745066804	-0.00017484804974167794
0.30088186958792124	-0.00017484249175259454
0.3030862789358609	-0.0001748368785902075
0.30530171033054027	-0.0001748312094914433
0.307528218882193	-0.00017482548367924483
0.30976585997660405	-0.00017481970036219738
0.312014689276487	-0.00017481385873394502
0.31427476272286925	-0.00017480795797326926
0.3165461365364837	-0.00017480199724335897
0.3188288672191662	-0.00017479597569170473
0.32112301155526213	-0.00017478989244950992
0.32342862661303834	-0.0001747837466315083
0.3257457697461036	-0.00017477753733542185
0.32807449859483384	-0.00017477126364164456
0.3304148710878078	-0.00017476492461271324
0.33276694544324686	-0.00017475851929303962
0.33513078017046305	-0.00017475204670826052
0.33750643407131514	-0.00017474550586499258
0.3398939662416715	-0.0001747388957501943
0.3422934360728799	-0.00017473221533078427
0.34470490325324404	-0.00017472546355305597
0.3471284277695101	-0.00017471863934225484
0.34956406990835764	-0.0001747117416020388
0.3520118902578995	-0.00017470476921380913
0.354471949709189	-0.000174697721036243
0.3569443094577349	-0.00017469059590485443
0.3594290310050235	-0.00017468339263099268
0.3619261761600484	-0.0001746761100017872
0.3644358070408486	-0.00017466874677901634
0.36695798607605284	-0.00017466130169864803
0.36949277600643327	-0.000174653773470275
0.37204023988646523	-0.00017464616077623912
0.3746004410858973	-0.00017463846227098063
0.3771734432913268	-0.00017463067658032318
0.3797593105077832	-0.00017462280230073096
0.3823581070603219	-0.0001746148379983797
0.38496989759562367	-0.00017460678220854124
0.3875947470836016	-0.00017459863343455206
0.3902327208190196	-0.00017459039014714592
0.3928838844231145	-0.0001745820507833765
0.39554830384522993	-0.00017457361374573037
0.3982260453644561	-0.0001745650774013238
0.4009171755912785	-0.00017455644008071224
0.40362176146923495	-0.0001745477000769932
0.40633987027658097	-0.0001745388556446713
0.4090715696279639	-0.00017452990499868215
0.4118169274761037	-0.0001745208463130875
0.4145760121134843	-0.00017451167772014525
0.4173488921740515	-0.0001745023973088537
0.4201356366349219	-0.0001744930031239184
0.42293631481809635	-0.0001744834931643658
0.4257509963921868	-0.0001744738653820432
0.42857975137414767	-0.0001744641176805983
0.43142265013101855	-0.00017445424791378327
0.43427976338167373	-0.0001744442538840283
0.43715116219858224	-0.00017443413334089318
0.44003691800957523	-0.00017442388397951211
0.44293710259962304	-0.00017441350343894952
0.4458517881126211	-0.00017440298930048917
0.44878104705318417	-0.00017439233908573642
0.45172495228844983	-0.00017438155025503285
0.45468357704989204	-0.00017437062020530633
0.4576569949351413	-0.00017435954626822693
0.46064527990981685	-0.00017434832570819732
0.4636485063093658	-0.00017433695571997498
0.4666667488409128	-0.0001743254334268502
0.4697000825851173	-0.00017431375587802128
0.4727485829980427	-0.00017430192004636337
0.47581232591303285	-0.00017428992282595963
0.478891387542598	-0.00017427776102947265
0.48198584448031084	-0.0001742654313855101
0.4850957737027124	-0.00017425293053589406
0.48822125257122595	-0.00017424025503266638
0.49136235883408197	-0.00017422740133517467
0.4945191706282523	-0.00017421436580695743
0.4976917664813935	-0.00017420114471243135
0.5008802253138004	-0.00017418773421363855
0.5040846264403696	-0.00017417413036649
0.5073050495725715	-0.00017416032911745543
0.5105415748204343	-0.0001741463262994282
0.5137942826945365	-0.00017413211762793757
0.517063254108009	-0.00017411769869700946
0.5203485703785492	-0.00017410306497473552
0.5236503132304419	-0.00017408821179892934
0.5269685647965939	-0.0001740731343723073
0.5303034076205766	-0.00017405782775777417
0.5336549246586795	-0.00017404228687316082
0.5370231992819728	-0.0001740265064859502
0.5404083152783826	-0.0001740104812078457
0.5438103568547747	-0.00017399420548882917
0.5472294086390483	-0.00017397767361113708
0.5506655556822436	-0.00017396087968309608
0.5541188834606549	-0.00017394381763229057
0.5575894778779582	-0.00017392648119879267
0.5610774252673477	-0.00017390886392795564
0.5645828123936844	-0.0001738909591628535
0.5681057264556525	-0.00017387276003634163
0.5716462550879309	-0.00017385425946281485
0.5752044863633705	-0.00017383545012965876
0.5787805087951873	-0.00017381632448806416
0.5823744113391631	-0.00017379687474355815
0.5859862833958588	-0.00017377709284616195
0.5896162148128381	-0.0001737569704800063
0.5932642958869024	-0.0001737364990521879
0.5969306173663369	-0.00017371566968154537
0.6006152704531684	-0.000173694473186552
0.6043183468054344	-0.00017367290007279577
0.6080399385394615	-0.00017365094051957606
0.6117801382321587	-0.00017362858436624547
0.6155390389233192	-0.0001736058210973646
0.6193167341179359	-0.00017358263982742775
0.6231133177885255	-0.00017355902928493783
0.6269288843774683	-0.00017353497779511927
0.6307635287993556	-0.0001735104732623039
0.6346173464433522	-0.00017348550315099417
0.6384904331755688	-0.00017346005446617027
0.6423828853414466	-0.00017343411373245795
0.6462947997681537	-0.00017340766697200902
0.6502262737669944	-0.00017338069968163587
0.6541774051358293	-0.0001733531968081374
0.6581482921615082	-0.00017332514272269756
0.6621390336223156	-0.0001732965211936126
0.6661497287904271	-0.00017326731535756602
0.6701804774343789	-0.0001732375076894335
0.6742313798215507	-0.00017320707996992975
0.6783025367206585	-0.0001731760132520086
0.682394049404262	-0.0001731442878247167
0.6865060196512833	-0.00017311188317521508
0.6906385497495399	-0.0001730787779484586
0.6947917424982876	-0.00017304494990459364
0.6989657012107791	-0.00017301037587344465
0.7031605297168331	-0.00017297503170648747
0.7073763323654171	-0.00017293889222547425
0.7116132140272443	-0.00017290193116815654
0.7158712800973803	-0.0001728641211300928
0.7201506364978669	-0.00017282543350314965
0.724451389680356	-0.00017278583840912558
0.7287736466287575	-0.00017274530462945943
0.7331175148619014	-0.00017270379952985838
0.737483102436211	-0.0001726612889793015
0.7418705179483918	-0.0001726177372635188
0.7462798705381338	-0.00017257310699167748
0.7507112698908246	-0.00017252735899608908
0.7551648262402787	-0.0001724804522237052
0.7596406503714802	-0.0001724323436194341
0.7641388536233378	-0.00017238298799898645
0.7686595478914543	-0.00017233233791107464
0.7732028456309116	-0.0001722803434873374
0.777768859859066	-0.00017222695227845633
0.7823577041583611	-0.00017217210907434093
0.7869694926791531	-0.00017211575570725524
0.7916043401425489	-0.00017205783083364874
0.7962623618432616	-0.00017199826969426811
0.8009436736524779	-0.00017193700384673003
0.8056483920207402	-0.0001718739608687756
0.8103766339808439	-0.00017180906402590888
0.8151285171507483	-0.00017174223189955396
0.8199041597365018	-0.0001716733779685109
0.8247036805351844	-0.00017160241013679817
0.8295271989378604	-0.00017152923019966582
0.8343748349325497	-0.00017145373323765217
0.8392467091072124	-0.00017137580692776693
0.8441429426527486	-0.0001712953307578981
0.8490636573660123	-0.00017121217513068395
0.8540089756528424	-0.00017112620033800808
0.8589790205311068	-0.00017103725538791152
0.8639739156337622	-0.00017094517665977384
0.868973915633762	-0.0001708501680198808
0.8739739156337618	-0.00017075217769158842
0.8789739156337616	-0.00017065104798287529
0.8839739156337615	-0.0001705466068569273
0.8889739156337613	-0.00017043866673195794
0.893973915633761	-0.0001703270226516048
0.8989739156337608	-0.00017021145024112436
0.9039739156337606	-0.00017009170342835038
0.9089739156337604	-0.00016996751190676427
0.9139739156337602	-0.0001698385783116551
0.91897391563376	-0.00016970457507920286
0.9239739156337599	-0.00016956514095111593
0.9289739156337596	-0.00016941987708085342
0.9339739156337594	-0.000169268342692268
0.9389739156337592	-0.0001691100502280873
0.943973915633759	-0.00016894445991781255
0.9489739156337588	-0.00016877097367845484
0.9539739156337586	-0.00016858892824807715
0.9589739156337583	-0.00016839758743135509
0.9639739156337582	-0.0001681961333171902
0.968973915633758	-0.00016798365630028635
0.9739739156337578	-0.00016775914371240357
0.9789739156337576	-0.00016752146683219192
0.9839739156337574	-0.0001672693660033308
0.9889739156337571	-0.00016700143354246078
0.9939739156337569	-0.00016671609406268922
0.9989739156337567	-0.0001664115817716659
1.0039739156337566	-0.00016608591422484067
1.0089739156337563	-0.0001657368619189999
1.0139739156337562	-0.00016536191300264375
1.0189739156337558	-0.0001649582322431372
1.0239739156337557	-0.00016452261323792713
1.0289739156337556	-0.00016405142266456515
1.0339739156337553	-0.00016354053514581787
1.0389739156337552	-0.00016298525703975904
1.0439739156337549	-0.0001623802371529022
1.0489739156337547	-0.00016171936200416924
1.0539739156337544	-0.00016099563282705138
1.0589739156337543	-0.00016020102098444067
1.0639739156337542	-0.00015932629785547273
1.0689739156337539	-0.00015836083453994694
1.0739739156337538	-0.00015729236588374294
1.0789739156337534	-0.0001561067123422671
1.0839739156337533	-0.00015478745205289754
1.088973915633753	-0.00015331553415584356
1.093973915633753	-0.000151668822866231
1.0989739156337526	-0.00014982156004287242
1.1039739156337525	-0.00014774373200078975
1.1089739156337524	-0.0001454003240728861
1.113973915633752	-0.00014275044394505758
1.118973915633752	-0.00013974629208858143
1.1239739156337516	-0.0001363319547586838
1.1289739156337515	-0.00013244199209806935
1.1339739156337512	-0.00012799979103941066
1.138973915633751	-0.0001229156501742256
1.143973915633751	-0.00011708456184758559
1.1489739156337506	-0.00011038365593059711
1.1539739156337505	-0.00010266927057535638
1.1589739156337502	-9.377361853644846e-5
1.16397391563375	-8.350102424631847e-5
1.1689739156337497	-7.162371775121056e-5
1.1739739156337496	-5.787718786417023e-5
1.1789739156337493	-4.195511924515226e-5
1.1839739156337492	-2.3503966826557296e-5
1.187980436725312	-6.619287198517784e-6
1.1919869578168745	1.2382960654337873e-5
1.1959934789084372	3.3767353046247365e-5
1.2	5.782424002562839e-5
