0.0006999999999999628	-0.00016119270099374772
0.001403500000000035	-0.00016118304598881973
0.0021105174999999296	-0.00016118287901560897
0.0028210700874998964	-0.00016118284689460596
0.003535175437937438	-0.00016118281653299622
0.004252851315127062	-0.00016118278605333736
0.004974115571702636	-0.00016118275542780557
0.005698986149561044	-0.00016118272465465736
0.006427481080308875	-0.00016118269373273722
0.007159618485710418	-0.00016118266266072895
0.007895416578138905	-0.0001611826314374901
0.008634893661029494	-0.0001611826000619787
0.00937806812933463	-0.0001611825685331336
0.010124958469981361	-0.0001611825368498544
0.010875583262331262	-0.00016118250501122774
0.01162996117864295	-0.00016118247301620642
0.012388110984536127	-0.0001611824408637329
0.013150051539458866	-0.00016118240855294771
0.013915801797156208	-0.00016118237608283366
0.014685380806142003	-0.00016118234345241698
0.015458807710172712	-0.00016118231066076215
0.01623610174872358	-0.00016118227770694165
0.017017282257467212	-0.00016118224458988519
0.017802368668754516	-0.000161182211308827
0.01859138051209827	-0.000161182177862764
0.019384337414658823	-0.00016118214425069006
0.020181259101732015	-0.00016118211047175284
0.020982165397240727	-0.0001611820765249118
0.02178707622422691	-0.00016118204240932226
0.02259601160534814	-0.00016118200812398838
0.02340899166337483	-0.00016118197366803112
0.024226036621691812	-0.00016118193904038643
0.02504716680480027	-0.00016118190424018204
0.025872402638824326	-0.00016118186926648327
0.02670176465201842	-0.00016118183411829235
0.02753527347527842	-0.0001611817987946552
0.028372949842654864	-0.0001611817632946066
0.0292148145918682	-0.0001611817276172313
0.03006088866482743	-0.00016118169176147768
0.03091119310815165	-0.00016118165572642852
0.0317657490736924	-0.00016118161951109497
0.03262457781906081	-0.00016118158311447843
0.03348770070815601	-0.00016118154653562913
0.034355139211696875	-0.0001611815097735821
0.035226914907755424	-0.0001611814728272312
0.03610304948229413	-0.00016118143569565727
0.03698356472970569	-0.00016118139837788072
0.03786848255335419	-0.0001611813608728342
0.038757824966120964	-0.00016118132317953285
0.03965161409095162	-0.0001611812852969388
0.04054987216140643	-0.00016118124722401962
0.04145262152221345	-0.00016118120895979637
0.04235988462982453	-0.00016118117050320779
0.04327168405297366	-0.00016118113185319404
0.0441880424732386	-0.000161181093008741
0.04510898268560485	-0.00016118105396874726
0.046034527599032954	-0.00016118101473215575
0.04696470023702812	-0.0001611809752980347
0.04789952373821329	-0.00016118093566515446
0.048839021356904266	-0.00016118089583248965
0.04978321646368884	-0.00016118085579900656
0.05073213254600732	-0.00016118081556355628
0.05168579320873729	-0.00016118077512517192
0.052644222174780875	-0.00016118073448253734
0.05360744328565471	-0.00016118069363475
0.054575480502083065	-0.00016118065258057782
0.05554835790459365	-0.00016118061131894013
0.05652609969411678	-0.00016118056984876415
0.05750873019258755	-0.00016118052816883218
0.05849627384355038	-0.0001611804862780332
0.05948875521276831	-0.0001611804441752722
0.060486198988831924	-0.00016118040185936352
0.061488629983776036	-0.00016118035932915725
0.062496073133695054	-0.0001611803165834682
0.06350855349936363	-0.0001611802736211953
0.06452609626686023	-0.00016118023044108058
0.06554872674819473	-0.00016118018704200496
0.0665764703819355	-0.00016118014342267995
0.06760935273384511	-0.0001611800995819887
0.06864739949751451	-0.00016118005551873547
0.06969063649500218	-0.00016118001123165983
0.07073908967747725	-0.00016117996671959636
0.07179278512586448	-0.00016117992198127318
0.07285174905149387	-0.0001611798770154912
0.07391600779675113	-0.00016117983182092685
0.07498558783573481	-0.0001611797863964352
0.07606051577491364	-0.00016117974074072604
0.07714081835378801	-0.00016117969485245597
0.0782265224455569	-0.00016117964873043898
0.07931765505778446	-0.00016117960237335566
0.08041424333307354	-0.0001611795557799864
0.08151631454973869	-0.00016117950894892173
0.08262389612248718	-0.00016117946187899768
0.08373701560309972	-0.0001611794145687468
0.08485570068111534	-0.0001611793670168782
0.08597997918452092	-0.00016117931922217873
0.08710987908044335	-0.00016117927118317846
0.08824542847584554	-0.00016117922289859472
0.08938665561822474	-0.00016117917436705916
0.0905335888963159	-0.00016117912558720937
0.09168625684079766	-0.000161179076557682
0.09284468812500156	-0.00016117902727703063
0.09400891156562662	-0.00016117897774393225
0.09517895612345495	-0.00016117892795698227
0.09635485090407213	-0.0001611788779147394
0.09753662515859228	-0.000161178827615809
0.09872430828438533	-0.00016117877705872083
0.09991792982580742	-0.00016117872624204363
0.10111751947493633	-0.0001611786751644212
0.10232310707231096	-0.00016117862382424096
0.10353472260767245	-0.00016117857222022354
0.1047523962207106	-0.0001611785203506544
0.1059761582018141	-0.00016117846821425707
0.10720603899282295	-0.00016117841580946034
0.10844206918778705	-0.00016117836313471576
0.10968427953372589	-0.00016117831018857775
0.11093270093139453	-0.00016117825696945545
0.11218736443605157	-0.0001611782034758166
0.11344830125823162	-0.00016117814970612485
0.11471554276452282	-0.0001611780956588183
0.11598912047834534	-0.0001611780413323283
0.11726906608073716	-0.0001611779867250405
0.11855541141114084	-0.0001611779318354208
0.11984818846819666	-0.00016117787666181143
0.12114742941053756	-0.0001611778212026016
0.12245316655759021	-0.00016117776545617626
0.12376543239037813	-0.00016117770942088703
0.12508425955233007	-0.0001611776530950687
0.12640968085009188	-0.00016117759647711765
0.12774172925434224	-0.0001611775395652794
0.12908043790061416	-0.0001611774823578679
0.13042584009011704	-0.0001611774248532056
0.13177796929056776	-0.00016117736704965093
0.1331368591370207	-0.00016117730894535265
0.13450254343270562	-0.00016117725053863132
0.13587505614986897	-0.00016117719182766758
0.1372544314306183	-0.0001611771328108023
0.13864070358777136	-0.00016117707348626295
0.14003390710571012	-0.00016117701385216673
0.14143407664123844	-0.00016117695390668706
0.14284124702444484	-0.00016117689364809226
0.14425545325956707	-0.00016117683307452038
0.1456767305258648	-0.0001611767721841214
0.14710511417849395	-0.00016117671097495403
0.14854063974938644	-0.00016117664944523597
0.14998334294813345	-0.00016117658759305217
0.1514332596628742	-0.00016117652541653438
0.15289042596118857	-0.0001611764629136771
0.15435487809099444	-0.00016117640008262736
0.15582665248144925	-0.00016117633692133742
0.15730578574385642	-0.0001611762734278653
0.1587923146725756	-0.00016117620960025262
0.1602862762459386	-0.0001611761454365211
0.1617877076271685	-0.00016117608093457964
0.16329664616530448	-0.0001611760160924339
0.16481312939613094	-0.00016117595090802542
0.16633719504311156	-0.00016117588537928652
0.16786888101832692	-0.0001611758195042293
0.16940822542341866	-0.00016117575328057122
0.17095526655053575	-0.00016117568670633156
0.17251004288328856	-0.00016117561977921114
0.1740725930977048	-0.00016117555249726753
0.1756429560631934	-0.0001611754848581333
0.17722117084350925	-0.00016117541685974518
0.17880727669772659	-0.00016117534849979342
0.18040131308121543	-0.0001611752797761008
0.18200331964662148	-0.0001611752106864255
0.18361333624485465	-0.00016117514122843541
0.18523140292607912	-0.0001611750713999125
0.18685755994070938	-0.00016117500119847155
0.18849184774041308	-0.00016117493062178272
0.19013430697911532	-0.0001611748596675475
0.19178497851401088	-0.0001611747883333353
0.19344390340658082	-0.00016117471661674794
0.19511112292361377	-0.00016117464451539292
0.1967866785382319	-0.00016117457202681655
0.19847061193092289	-0.00016117449914859533
0.2001629649905775	-0.0001611744258781521
0.20186377981553055	-0.00016117435221301812
0.20357309871460819	-0.00016117427815063985
0.2052909642081813	-0.0001611742036884257
0.207017419029222	-0.0001611741288239858
0.20875250612436788	-0.00016117405355437392
0.21049626865498966	-0.00016117397787722738
0.21224874999826462	-0.00016117390178970579
0.21400999374825602	-0.00016117382528933047
0.2157800437169973	-0.00016117374837319569
0.21755894393558234	-0.00016117367103858242
0.21934673865526005	-0.0001611735932827571
0.2211434723485364	-0.00016117351510301035
0.22294918971027902	-0.0001611734364963356
0.22476393565883038	-0.00016117335745999538
0.22658775533712455	-0.00016117327799100237
0.22842069411381005	-0.00016117319808655746
0.23026279758437915	-0.000161173117743679
0.23211411157230094	-0.00016117303695934693
0.23397468213016254	-0.00016117295573056734
0.23584455554081346	-0.000161172874054299
0.23772377831851751	-0.0001611727919274848
0.23961239721011024	-0.00016117270934701226
0.24151045919616082	-0.00016117262630965654
0.24341801149214168	-0.00016117254281230547
0.24533510154960245	-0.0001611724588518155
0.24726177705735047	-0.00016117237442476133
0.2491980859426373	-0.00016117228952803426
0.25114407637235053	-0.00016117220415819475
0.2530997967542124	-0.0001611721183119649
0.2550652957379834	-0.00016117203198577848
0.2570406222166734	-0.00016117194517636642
0.25902582532775686	-0.00016117185788022448
0.26102095445439577	-0.00016117177009381025
0.2630260592266676	-0.00016117168181343676
0.26504118952280104	-0.0001611715930356265
0.26706639547041516	-0.0001611715037567266
0.26910172744776706	-0.00016117141397297845
0.27114723608500574	-0.00016117132368067625
0.2732029722654309	-0.00016117123287605323
0.2752689871267581	-0.0001611711415551869
0.2773453320623917	-0.0001611710497142716
0.2794320587227036	-0.00016117095734939467
0.281529219016317	-0.00016117086445648638
0.2836368651113984	-0.0001611707710315114
0.28575504943695557	-0.00016117067707040693
0.28788382468414025	-0.00016117058256905794
0.2900232438075611	-0.00016117048752327303
0.29217336002659877	-0.0001611703919287374
0.29433422682673194	-0.00016117029578116993
0.29650589796086546	-0.00016117019907622868
0.29868842745066976	-0.0001611701018094459
0.30088186958792296	-0.00016117000397626924
0.30308627893586265	-0.0001611699055722862
0.305301710330542	-0.0001611698065927806
0.3075282188821948	-0.00016116970703311
0.30976585997660583	-0.00016116960688848398
0.31201468927648873	-0.00016116950615412086
0.31427476272287097	-0.00016116940482504484
0.3165461365364855	-0.00016116930289645563
0.318828867219168	-0.0001611692003632179
0.3211230115552639	-0.00016116909722021171
0.32342862661304006	-0.00016116899346232114
0.3257457697461053	-0.00016116888908415374
0.32807449859483556	-0.0001611687840805011
0.33041487108780954	-0.00016116867844584917
0.3327669454432486	-0.00016116857217468814
0.33513078017046477	-0.00016116846526144263
0.33750643407131686	-0.0001611683577004597
0.33989396624167323	-0.00016116824948586678
0.3422934360728816	-0.00016116814061188937
0.34470490325324576	-0.00016116803107256162
0.3471284277695118	-0.00016116792086163815
0.34956406990835936	-0.0001611678099732603
0.3520118902579012	-0.00016116769840096587
0.3544719497091907	-0.0001611675861382535
0.35694430945773664	-0.00016116747317892688
0.3594290310050252	-0.00016116735951615514
0.36192617616005013	-0.0001611672451434642
0.3644358070408504	-0.0001611671300537665
0.36695798607605457	-0.00016116701424020747
0.36949277600643504	-0.0001611668976958458
0.37204023988646695	-0.00016116678041332773
0.374600441085899	-0.00016116666238539558
0.3771734432913285	-0.00016116654360461067
0.379759310507785	-0.00016116642406328082
0.3823581070603237	-0.0001611663037537417
0.3849698975956254	-0.00016116618266810107
0.3875947470836033	-0.00016116606079837913
0.39023272081902133	-0.0001611659381363086
0.3928838844231162	-0.00016116581467347338
0.39554830384523165	-0.0001611656904014942
0.3982260453644579	-0.00016116556531171647
0.4009171755912802	-0.00016116543939514148
0.4036217614692367	-0.00016116531264285966
0.4063398702765827	-0.0001611651850456678
0.40907156962796565	-0.00016116505659413265
0.41181692747610543	-0.00016116492727862676
0.41457601211348605	-0.00016116479708957587
0.4173488921740533	-0.00016116466601676246
0.4201356366349237	-0.0001611645340500193
0.42293631481809807	-0.00016116440117899965
0.4257509963921885	-0.0001611642673930062
0.42857975137414944	-0.00016116413268128443
0.4314226501310203	-0.00016116399703256008
0.43427976338167545	-0.00016116386043559682
0.43715116219858396	-0.00016116372287876455
0.440036918009577	-0.00016116358435013575
0.44293710259962477	-0.000161163444837657
0.4458517881126228	-0.00016116330432890388
0.4487810470531859	-0.00016116316281114234
0.45172495228845155	-0.00016116302027135708
0.45468357704989376	-0.00016116287669632086
0.45765699493514306	-0.00016116273207238873
0.46064527990981863	-0.0001611625863855886
0.4636485063093676	-0.00016116243962163208
0.4666667488409145	-0.000161162291765925
0.4697000825851191	-0.000161162142803562
0.4727485829980444	-0.00016116199271893342
0.4758123259130346	-0.0001611618414966306
0.47889138754259974	-0.00016116168912030064
0.4819858444803126	-0.00016116153557343092
0.4850957737027142	-0.00016116138083906736
0.48822125257122767	-0.00016116122489973712
0.49136235883408375	-0.00016116106773771254
0.49451917062825407	-0.00016116090933445426
0.49769176648139524	-0.00016116074967130012
0.5008802253138022	-0.00016116058872894053
0.5040846264403713	-0.00016116042648723624
0.5073050495725733	-0.00016116026292607271
0.510541574820436	-0.00016116009802434104
0.5137942826945383	-0.00016115993176062058
0.5170632541080108	-0.00016115976411251574
0.520348570378551	-0.00016115959505749307
0.5236503132304436	-0.00016115942457190668
0.5269685647965956	-0.00016115925263182656
0.5303034076205784	-0.00016115907921234935
0.5336549246586811	-0.00016115890428788506
0.5370231992819746	-0.0001611587278322018
0.5404083152783844	-0.00016115854981823088
0.5438103568547764	-0.00016115837021799814
0.5472294086390501	-0.0001611581890027335
0.5506655556822453	-0.00016115800614297364
0.5541188834606565	-0.00016115782160786544
0.5575894778779599	-0.00016115763536615865
0.5610774252673494	-0.00016115744738525443
0.564582812393686	-0.0001611572576316055
0.5681057264556543	-0.00016115706607057543
0.5716462550879327	-0.00016115687266645155
0.5752044863633723	-0.0001611566773823191
0.578780508795189	-0.0001611564801801138
0.5823744113391649	-0.00016115628102035792
0.5859862833958606	-0.0001611560798624223
0.5896162148128399	-0.00016115587666399624
0.5932642958869042	-0.00016115567138188405
0.5969306173663387	-0.00016115546397069355
0.6006152704531702	-0.0001611552543840842
0.6043183468054361	-0.000161155042573717
0.6080399385394633	-0.0001611548284895606
0.6117801382321605	-0.00016115461208011172
0.615539038923321	-0.00016115439329141
0.6193167341179376	-0.00016115417206822213
0.6231133177885273	-0.00016115394835271117
0.6269288843774701	-0.0001611537220852667
0.6307635287993573	-0.0001611534932039834
0.6346173464433539	-0.00016115326164435539
0.6384904331755705	-0.0001611530273397356
0.6423828853414483	-0.0001611527902207056
0.6462947997681555	-0.00016115255021529367
0.6502262737669962	-0.0001611523072486877
0.6541774051358311	-0.00016115206124292647
0.6581482921615099	-0.00016115181211714898
0.6621390336223173	-0.0001611515597872271
0.6661497287904288	-0.0001611513041653535
0.6701804774343807	-0.0001611510451605371
0.6742313798215525	-0.000161150782677571
0.6783025367206603	-0.00016115051661759686
0.6823940494042636	-0.00016115024687744317
0.6865060196512851	-0.0001611499733493212
0.6906385497495416	-0.0001611496959212806
0.6947917424982893	-0.00016114941447612004
0.6989657012107808	-0.00016114912889145645
0.7031605297168348	-0.00016114883903967743
0.7073763323654189	-0.0001611485447874315
0.7116132140272461	-0.00016114824599514917
0.715871280097382	-0.00016114794251706813
0.7201506364978687	-0.00016114763420050146
0.7244513896803577	-0.0001611473208858187
0.7287736466287593	-0.0001611470024056404
0.733117514861903	-0.0001611466785848541
0.7374831024362126	-0.00016114634923975902
0.7418705179483935	-0.00016114601417763647
0.7462798705381356	-0.0001611456731964275
0.7507112698908263	-0.00016114532608387297
0.7551648262402804	-0.00016114497261735138
0.759640650371482	-0.00016114461256256762
0.7641388536233394	-0.00016114424567318546
0.7686595478914561	-0.0001611438716902597
0.7732028456309133	-0.0001611434903411474
0.7777688598590677	-0.00016114310133875722
0.7823577041583629	-0.00016114270438040375
0.7869694926791548	-0.00016114229914693687
0.7916043401425507	-0.0001611418853019296
0.7962623618432633	-0.0001611414624895639
0.8009436736524796	-0.00016114103033452432
0.805648392020742	-0.000161140588439927
0.8103766339808457	-0.00016114013638558974
0.81512851715075	-0.0001611396737270319
0.8199041597365035	-0.0001611391999931285
0.8247036805351862	-0.0001611387146844097
0.8295271989378621	-0.000161138217271167
0.8343748349325514	-0.00016113770719054524
0.8392467091072142	-0.00016113718384470744
0.8441429426527504	-0.00016113664659747368
0.849063657366014	-0.0001611360947715272
0.8540089756528442	-0.00016113552764532914
0.8589790205311084	-0.0001611349444490915
0.863973915633764	-0.00016113434436086066
0.8689739156337638	-0.0001611337280861878
0.8739739156337636	-0.00016113309613408227
0.8789739156337634	-0.00016113244799261027
0.8839739156337632	-0.00016113178288088367
0.8889739156337629	-0.00016113109996932382
0.8939739156337627	-0.00016113039837527615
0.8989739156337626	-0.00016112967715935196
0.9039739156337624	-0.0001611289353205291
0.9089739156337622	-0.0001611281717904735
0.913973915633762	-0.00016112738542773972
0.9189739156337617	-0.00016112657501127459
0.9239739156337615	-0.0001611257392321634
0.9289739156337613	-0.0001611248766864944
0.9339739156337611	-0.00016112398586465513
0.938973915633761	-0.00016112306514097854
0.9439739156337608	-0.00016112211276208125
0.9489739156337605	-0.00016112112683259308
0.9539739156337603	-0.0001611201052991894
0.9589739156337601	-0.0001611190459329185
0.9639739156337599	-0.00016111794630881352
0.9689739156337597	-0.00016111680378143355
0.9739739156337595	-0.00016111561545824777
0.9789739156337594	-0.00016111437816739927
0.9839739156337591	-0.00016111308842146584
0.9889739156337589	-0.00016111174237410142
0.9939739156337587	-0.0001611103357715791
0.9989739156337585	-0.00016110886389365076
1.0039739156337584	-0.00016110732148615341
1.008973915633758	-0.00016110570268099044
1.013973915633758	-0.0001611040009032271
1.0189739156337576	-0.0001611022087598413
1.0239739156337575	-0.00016110031791023195
1.0289739156337572	-0.00016109831891174465
1.033973915633757	-0.00016109620103799984
1.038973915633757	-0.00016109395206191022
1.0439739156337566	-0.0001610915580002543
1.0489739156337565	-0.0001610890028063524
1.0539739156337562	-0.00016108626800795256
1.058973915633756	-0.00016108333227239923
1.0639739156337558	-0.0001610801708893582
1.0689739156337557	-0.00016107675515164346
1.0739739156337553	-0.00016107305161480119
1.0789739156337552	-0.0001610690212115898
1.0839739156337551	-0.00016106461818909504
1.0889739156337548	-0.0001610597888360779
1.0939739156337547	-0.0001610544699543521
1.0989739156337544	-0.0001610485870247958
1.1039739156337542	-0.000161042052001978
1.108973915633754	-0.0001610347606655368
1.1139739156337538	-0.00016102658943292073
1.1189739156337537	-0.00016101739152551593
1.1239739156337534	-0.00016100699235473321
1.1289739156337533	-0.00016099518396494277
1.133973915633753	-0.00016098171834370267
1.1389739156337528	-0.00016096629936009839
1.1439739156337525	-0.00016094857305403582
1.1489739156337524	-0.0001609281159307434
1.153973915633752	-0.00016090442085687405
1.158973915633752	-0.00016087688005732433
1.1639739156337519	-0.00016084476462204707
1.1689739156337515	-0.00016080719980335028
1.1739739156337514	-0.0001607631352422454
1.178973915633751	-0.00016071130908238006
1.183973915633751	-0.00016065020472776198
1.1889739156337507	-0.0001605779987365841
1.1939739156337505	-0.00016049249805217828
1.1989739156337504	-0.0001603910644021371
1.2039739156337501	-0.00016027052326175132
1.20897391563375	-0.00016012705425977493
1.2139739156337497	-0.00015995605927181301
1.2189739156337496	-0.00015975200369600895
1.2239739156337492	-0.00015950822549520873
1.2289739156337491	-0.0001592167054928633
1.2339739156337488	-0.000158867791084683
1.2389739156337487	-0.00015844986391599103
1.2439739156337486	-0.00015794894012707088
1.2489739156337483	-0.00015734818938755007
1.2539739156337482	-0.0001566273560639933
1.2589739156337478	-0.00015576206236325892
1.2639739156337477	-0.000154722969085234
1.2689739156337474	-0.00015347476456079026
1.2739739156337473	-0.00015197494637522263
1.2789739156337472	-0.00015017235346319446
1.2839739156337469	-0.00014800539808709063
1.2889739156337467	-0.00014539993806736505
1.2939739156337464	-0.0001422667194784337
1.2989739156337463	-0.0001384983090385911
1.303973915633746	-0.00013396542384421805
1.3089739156337459	-0.00012851255440964458
1.3139739156337455	-0.00012195276588203706
1.3189739156337454	-0.00011406155292723353
1.3239739156337453	-0.00010456961793680687
1.328973915633745	-9.3154442503879e-5
1.333973915633745	-7.943053245380128e-5
1.3389739156337446	-6.29382424142926e-5
1.3439739156337445	-4.313113404655289e-5
1.3489739156337441	-1.9361901421208435e-5
1.353973915633744	9.132982163130558e-6
1.358973915633744	4.324956874513742e-5
1.3639739156337436	8.403313039172461e-5
1.3689739156337435	0.00013269438327666988
1.3739739156337432	0.00019062402121825707
1.378973915633743	0.0002594039421074273
1.3839739156337427	0.00034081316269190653
1.3879804367253072	0.0004166070776853149
1.3919869578168715	0.0005027584405021985
1.395993478908436	0.000600552247316
1.4	0.0007112186382283432
