0.0006999999999999628	-0.00016294956273322069
0.001403500000000035	-0.00016293983884647115
0.0021105174999999296	-0.0001629396699376222
0.0028210700874998964	-0.00016293963625064304
0.003535175437937438	-0.00016293960431334879
0.004252851315127062	-0.00016293957225093982
0.004974115571702636	-0.00016293954003570847
0.005698986149561044	-0.00016293950766571062
0.006427481080308875	-0.00016293947513968548
0.007159618485710418	-0.00016293944245640202
0.007895416578138905	-0.00016293940961458609
0.008634893661029494	-0.0001629393766130719
0.00937806812933463	-0.00016293934345089004
0.010124958469981361	-0.00016293931012675435
0.010875583262331262	-0.00016293927663974195
0.01162996117864295	-0.00016293924298865962
0.012388110984536127	-0.00016293920917267174
0.013150051539458866	-0.00016293917519062928
0.013915801797156208	-0.00016293914104153893
0.014685380806142003	-0.0001629391067243993
0.015458807710172712	-0.0001629390722382427
0.01623610174872358	-0.00016293903758195287
0.017017282257467212	-0.0001629390027547671
0.017802368668754516	-0.00016293896775551966
0.01859138051209827	-0.00016293893258323194
0.019384337414658823	-0.00016293889723703096
0.020181259101732015	-0.00016293886171582782
0.020982165397240727	-0.00016293882601872795
0.02178707622422691	-0.0001629387901446679
0.02259601160534814	-0.0001629387540927113
0.02340899166337483	-0.0001629387178618742
0.024226036621691812	-0.00016293868145112256
0.02504716680480027	-0.0001629386448595417
0.025872402638824326	-0.000162938608086081
0.02670176465201842	-0.00016293857112977648
0.02753527347527842	-0.00016293853398953868
0.028372949842654864	-0.00016293849666452838
0.0292148145918682	-0.00016293845915357438
0.03006088866482743	-0.0001629384214557978
0.03091119310815165	-0.0001629383835700947
0.0317657490736924	-0.0001629383454954963
0.03262457781906081	-0.00016293830723096078
0.03348770070815601	-0.00016293826877545467
0.034355139211696875	-0.00016293823012798143
0.035226914907755424	-0.0001629381912874405
0.03610304948229413	-0.0001629381522528968
0.03698356472970569	-0.00016293811302315437
0.03786848255335419	-0.00016293807359729824
0.038757824966120964	-0.00016293803397421873
0.03965161409095162	-0.0001629379941528439
0.04054987216140643	-0.0001629379541321087
0.04145262152221345	-0.00016293791391096458
0.04235988462982453	-0.00016293787348830782
0.04327168405297366	-0.00016293783286309735
0.0441880424732386	-0.0001629377920341998
0.04510898268560485	-0.00016293775100052882
0.046034527599032954	-0.00016293770976099633
0.04696470023702812	-0.0001629376683144727
0.04789952373821329	-0.00016293762665992208
0.048839021356904266	-0.00016293758479613953
0.04978321646368884	-0.00016293754272204592
0.05073213254600732	-0.0001629375004364981
0.05168579320873729	-0.00016293745793835248
0.052644222174780875	-0.00016293741522649958
0.05360744328565471	-0.0001629373722997671
0.054575480502083065	-0.00016293732915693824
0.05554835790459365	-0.0001629372857970084
0.05652609969411678	-0.00016293724221871155
0.05750873019258755	-0.00016293719842085398
0.05849627384355038	-0.00016293715440229397
0.05948875521276831	-0.00016293711016181025
0.060486198988831924	-0.0001629370656982623
0.061488629983776036	-0.00016293702101040526
0.062496073133695054	-0.00016293697609698655
0.06350855349936363	-0.00016293693095692814
0.06452609626686023	-0.00016293688558896962
0.06554872674819473	-0.00016293683999172516
0.0665764703819355	-0.00016293679416410416
0.06760935273384511	-0.00016293674810485538
0.06864739949751451	-0.00016293670181271704
0.06969063649500218	-0.00016293665528643116
0.07073908967747725	-0.00016293660852469526
0.07179278512586448	-0.00016293656152625163
0.07285174905149387	-0.00016293651428984793
0.07391600779675113	-0.00016293646681418716
0.07498558783573481	-0.0001629364190979444
0.07606051577491364	-0.00016293637113985697
0.07714081835378801	-0.00016293632293860245
0.0782265224455569	-0.00016293627449281563
0.07931765505778446	-0.0001629362258011882
0.08041424333307354	-0.00016293617686250722
0.08151631454973869	-0.00016293612767525568
0.08262389612248718	-0.00016293607823807636
0.08373701560309972	-0.00016293602854975303
0.08485570068111534	-0.0001629359786088728
0.08597997918452092	-0.00016293592841398362
0.08710987908044335	-0.00016293587796375333
0.08824542847584554	-0.00016293582725677235
0.08938665561822474	-0.0001629357762916591
0.0905335888963159	-0.00016293572506694557
0.09168625684079766	-0.00016293567358127158
0.09284468812500156	-0.00016293562183318093
0.09400891156562662	-0.00016293556982122556
0.09517895612345495	-0.00016293551754393272
0.09635485090407213	-0.0001629354649998886
0.09753662515859228	-0.00016293541218762579
0.09872430828438533	-0.00016293535910566037
0.09991792982580742	-0.00016293530575248958
0.10111751947493633	-0.00016293525212660763
0.10232310707231096	-0.00016293519822650816
0.10353472260767245	-0.0001629351440506813
0.1047523962207106	-0.00016293508959762696
0.1059761582018141	-0.00016293503486578575
0.10720603899282295	-0.00016293497985361862
0.10844206918778705	-0.00016293492455955993
0.10968427953372589	-0.00016293486898202931
0.11093270093139453	-0.00016293481311940993
0.11218736443605157	-0.00016293475697018626
0.11344830125823162	-0.0001629347005327677
0.11471554276452282	-0.00016293464380548207
0.11598912047834534	-0.00016293458678670085
0.11726906608073716	-0.0001629345294748388
0.11855541141114084	-0.00016293447186822605
0.11984818846819666	-0.00016293441396522234
0.12114742941053756	-0.00016293435576410966
0.12245316655759021	-0.00016293429726326744
0.12376543239037813	-0.0001629342384609574
0.12508425955233007	-0.00016293417935553406
0.12640968085009188	-0.00016293411994523817
0.12774172925434224	-0.0001629340602283211
0.12908043790061416	-0.0001629340002030501
0.13042584009011704	-0.00016293393986769735
0.13177796929056776	-0.000162933879220486
0.1331368591370207	-0.00016293381825970284
0.13450254343270562	-0.00016293375698336234
0.13587505614986897	-0.00016293369538986562
0.1372544314306183	-0.00016293363347730057
0.13864070358777136	-0.00016293357124383902
0.14003390710571012	-0.00016293350868764572
0.14143407664123844	-0.00016293344580686075
0.14284124702444484	-0.000162933382599636
0.14425545325956707	-0.00016293331906399995
0.1456767305258648	-0.00016293325519819022
0.14710511417849395	-0.00016293319100012235
0.14854063974938644	-0.00016293312646795414
0.14998334294813345	-0.00016293306159972693
0.1514332596628742	-0.0001629329963935578
0.15289042596118857	-0.00016293293084730152
0.15435487809099444	-0.00016293286495914572
0.15582665248144925	-0.00016293279872693216
0.15730578574385642	-0.00016293273214876378
0.1587923146725756	-0.0001629326652224758
0.1602862762459386	-0.00016293259794612013
0.1617877076271685	-0.0001629325303176055
0.16329664616530448	-0.00016293246233470713
0.16481312939613094	-0.00016293239399558856
0.16633719504311156	-0.00016293232529785657
0.16786888101832692	-0.00016293225623950397
0.16940822542341866	-0.00016293218681832895
0.17095526655053575	-0.00016293211703222377
0.17251004288328856	-0.00016293204687887252
0.1740725930977048	-0.00016293197635621802
0.1756429560631934	-0.00016293190546190188
0.17722117084350925	-0.0001629318341937553
0.17880727669772659	-0.0001629317625494719
0.18040131308121543	-0.00016293169052668653
0.18200331964662148	-0.0001629316181232298
0.18361333624485465	-0.0001629315453366615
0.18523140292607912	-0.0001629314721647217
0.18685755994070938	-0.0001629313986050311
0.18849184774041308	-0.00016293132465509974
0.19013430697911532	-0.00016293125031261507
0.19178497851401088	-0.00016293117557513627
0.19344390340658082	-0.00016293110044013725
0.19511112292361377	-0.00016293102490521174
0.1967866785382319	-0.00016293094896781098
0.19847061193092289	-0.00016293087262547336
0.2001629649905775	-0.0001629307958755819
0.20186377981553055	-0.00016293071871566184
0.20357309871460819	-0.00016293064114298442
0.2052909642081813	-0.00016293056315507272
0.207017419029222	-0.00016293048474917956
0.20875250612436788	-0.0001629304059226666
0.21049626865498966	-0.00016293032667288136
0.21224874999826462	-0.0001629302469970719
0.21400999374825602	-0.00016293016689245473
0.2157800437169973	-0.00016293008635629954
0.21755894393558234	-0.0001629300053858402
0.21934673865526005	-0.00016292992397815123
0.2211434723485364	-0.00016292984213053428
0.22294918971027902	-0.00016292975983991275
0.22476393565883038	-0.00016292967710357292
0.22658775533712455	-0.00016292959391837604
0.22842069411381005	-0.00016292951028146105
0.23026279758437915	-0.00016292942618979596
0.23211411157230094	-0.0001629293416404442
0.23397468213016254	-0.00016292925663010562
0.23584455554081346	-0.00016292917115586766
0.23772377831851751	-0.00016292908521454617
0.23961239721011024	-0.00016292899880302446
0.24151045919616082	-0.00016292891191808424
0.24341801149214168	-0.00016292882455636447
0.24533510154960245	-0.0001629287367148214
0.24726177705735047	-0.00016292864838991122
0.2491980859426373	-0.00016292855957844682
0.25114407637235053	-0.0001629284702769995
0.2530997967542124	-0.0001629283804821665
0.2550652957379834	-0.00016292829019046235
0.2570406222166734	-0.0001629281993983968
0.25902582532775686	-0.00016292810810246232
0.26102095445439577	-0.0001629280162991126
0.2630260592266676	-0.00016292792398460865
0.26504118952280104	-0.00016292783115533918
0.26706639547041516	-0.00016292773780761833
0.26910172744776706	-0.00016292764393771044
0.27114723608500574	-0.0001629275495417128
0.2732029722654309	-0.00016292745461600136
0.2752689871267581	-0.00016292735915647707
0.2773453320623917	-0.0001629272631592745
0.2794320587227036	-0.00016292716662037596
0.281529219016317	-0.00016292706953580376
0.2836368651113984	-0.00016292697190145686
0.28575504943695557	-0.00016292687371315728
0.28788382468414025	-0.00016292677496672155
0.2900232438075611	-0.0001629266756578443
0.29217336002659877	-0.0001629265757822636
0.29433422682673194	-0.0001629264753357101
0.29650589796086546	-0.00016292637431367425
0.29868842745066976	-0.00016292627271166467
0.30088186958792296	-0.00016292617052518713
0.30308627893586265	-0.0001629260677494787
0.305301710330542	-0.00016292596438005145
0.3075282188821948	-0.00016292586041223063
0.30976585997660583	-0.00016292575584102637
0.31201468927648873	-0.00016292565066164017
0.31427476272287097	-0.0001629255448691701
0.3165461365364855	-0.00016292543845850132
0.318828867219168	-0.00016292533142470408
0.3211230115552639	-0.0001629252237625855
0.32342862661304006	-0.0001629251154668038
0.3257457697461053	-0.00016292500653216662
0.32807449859483556	-0.00016292489695318458
0.33041487108780954	-0.00016292478672453402
0.3327669454432486	-0.0001629246758404824
0.33513078017046477	-0.00016292456429544772
0.33750643407131686	-0.00016292445208378726
0.33989396624167323	-0.00016292433919959054
0.3422934360728816	-0.00016292422563696045
0.34470490325324576	-0.00016292411138989026
0.3471284277695118	-0.00016292399645231157
0.34956406990835936	-0.0001629238808178689
0.3520118902579012	-0.00016292376448046443
0.3544719497091907	-0.00016292364743355844
0.35694430945773664	-0.0001629235296706637
0.3594290310050252	-0.0001629234111851559
0.36192617616005013	-0.0001629232919702414
0.3644358070408504	-0.00016292317201918214
0.36695798607605457	-0.00016292305132484708
0.36949277600643504	-0.00016292292988022569
0.37204023988646695	-0.00016292280767803144
0.374600441085899	-0.00016292268471101618
0.3771734432913285	-0.000162922560971516
0.379759310507785	-0.00016292243645197376
0.3823581070603237	-0.00016292231114476086
0.3849698975956254	-0.00016292218504174077
0.3875947470836033	-0.0001629220581350279
0.39023272081902133	-0.00016292193041635915
0.3928838844231162	-0.0001629218018773485
0.39554830384523165	-0.0001629216725094676
0.3982260453644579	-0.0001629215423039687
0.4009171755912802	-0.00016292141125213
0.4036217614692367	-0.0001629212793448145
0.4063398702765827	-0.00016292114657270933
0.40907156962796565	-0.00016292101292659814
0.41181692747610543	-0.00016292087839682638
0.41457601211348605	-0.0001629207429735261
0.4173488921740533	-0.00016292060664676783
0.4201356366349237	-0.00016292046940631278
0.42293631481809807	-0.00016292033124169417
0.4257509963921885	-0.00016292019214238224
0.42857975137414944	-0.00016292005209744267
0.4314226501310203	-0.00016291991109567195
0.43427976338167545	-0.00016291976912586272
0.43715116219858396	-0.0001629196261764285
0.440036918009577	-0.00016291948223538216
0.44293710259962477	-0.0001629193372907103
0.4458517881126228	-0.00016291919132999683
0.4487810470531859	-0.0001629190443404921
0.45172495228845155	-0.00016291889630916045
0.45468357704989376	-0.0001629187472229345
0.45765699493514306	-0.00016291859706810585
0.46064527990981863	-0.00016291844583069182
0.4636485063093676	-0.00016291829349651338
0.4666667488409145	-0.0001629181400509531
0.4697000825851191	-0.0001629179854790949
0.4727485829980444	-0.0001629178297655766
0.4758123259130346	-0.00016291767289471304
0.47889138754259974	-0.0001629175148504832
0.4819858444803126	-0.00016291735561626945
0.4850957737027142	-0.00016291719517518832
0.48822125257122767	-0.0001629170335099035
0.49136235883408375	-0.00016291687060264912
0.49451917062825407	-0.00016291670643501496
0.49769176648139524	-0.0001629165409883531
0.5008802253138022	-0.0001629163742433766
0.5040846264403713	-0.00016291620618034324
0.5073050495725733	-0.00016291603677873526
0.510541574820436	-0.00016291586601803335
0.5137942826945383	-0.0001629156938763697
0.5170632541080108	-0.0001629155203319784
0.520348570378551	-0.0001629153453621247
0.5236503132304436	-0.00016291516894338895
0.5269685647965956	-0.00016291499105187957
0.5303034076205784	-0.00016291481166275546
0.5336549246586811	-0.00016291463075081324
0.5370231992819746	-0.00016291444828974862
0.5404083152783844	-0.00016291426425264484
0.5438103568547764	-0.00016291407861182162
0.5472294086390501	-0.00016291389133855848
0.5506655556822453	-0.00016291370240344754
0.5541188834606565	-0.00016291351177613464
0.5575894778779599	-0.000162913319425321
0.5610774252673494	-0.00016291312531850928
0.564582812393686	-0.00016291292942259455
0.5681057264556543	-0.00016291273170298683
0.5716462550879327	-0.00016291253212432616
0.5752044863633723	-0.00016291233064997645
0.578780508795189	-0.00016291212724173955
0.5823744113391649	-0.00016291192186075653
0.5859862833958606	-0.00016291171446653014
0.5896162148128399	-0.00016291150501734228
0.5932642958869042	-0.000162911293469649
0.5969306173663387	-0.00016291107977902785
0.6006152704531702	-0.00016291086389898728
0.6043183468054361	-0.0001629106457817418
0.6080399385394633	-0.00016291042537761862
0.6117801382321605	-0.00016291020263533464
0.615539038923321	-0.00016290997750147457
0.6193167341179376	-0.0001629097499211414
0.6231133177885273	-0.00016290951983698613
0.6269288843774701	-0.00016290928718962463
0.6307635287993573	-0.00016290905191769636
0.6346173464433539	-0.0001629088139572632
0.6384904331755705	-0.00016290857324209747
0.6423828853414483	-0.00016290832970333537
0.6462947997681555	-0.00016290808326956588
0.6502262737669962	-0.00016290783386633062
0.6541774051358311	-0.0001629075814165788
0.6581482921615099	-0.00016290732583987378
0.6621390336223173	-0.00016290706705269768
0.6661497287904288	-0.0001629068049680256
0.6701804774343807	-0.00016290653949539501
0.6742313798215525	-0.00016290627054047367
0.6783025367206603	-0.0001629059980051444
0.6823940494042636	-0.0001629057217869172
0.6865060196512851	-0.00016290544177907334
0.6906385497495416	-0.0001629051578702141
0.6947917424982893	-0.00016290486994407995
0.6989657012107808	-0.00016290457787954251
0.7031605297168348	-0.00016290428154963195
0.7073763323654189	-0.00016290398082212084
0.7116132140272461	-0.00016290367555855332
0.715871280097382	-0.00016290336561411442
0.7201506364978687	-0.00016290305083754166
0.7244513896803577	-0.0001629027310701574
0.7287736466287593	-0.00016290240614614483
0.733117514861903	-0.00016290207589140458
0.7374831024362126	-0.00016290174012363603
0.7418705179483935	-0.00016290139865167156
0.7462798705381356	-0.0001629010512750855
0.7507112698908263	-0.00016290069778295252
0.7551648262402804	-0.00016290033795428153
0.759640650371482	-0.0001628999715565646
0.7641388536233394	-0.000162899598345253
0.7686595478914561	-0.0001628992180633191
0.7732028456309133	-0.00016289883043994012
0.7777688598590677	-0.00016289843519012775
0.7823577041583629	-0.00016289803201317447
0.7869694926791548	-0.0001628976205924114
0.7916043401425507	-0.00016289720059340716
0.7962623618432633	-0.00016289677166309542
0.8009436736524796	-0.00016289633342833767
0.805648392020742	-0.0001628958854948701
0.8103766339808457	-0.00016289542744544477
0.81512851715075	-0.00016289495883824019
0.8199041597365035	-0.00016289447920526796
0.8247036805351862	-0.00016289398805010373
0.8295271989378621	-0.00016289348484615202
0.8343748349325514	-0.0001628929690342111
0.8392467091072142	-0.00016289244001947969
0.8441429426527504	-0.0001628918971697245
0.849063657366014	-0.00016289133981145534
0.8540089756528442	-0.0001628907672270992
0.8589790205311084	-0.00016289017865059083
0.863973915633764	-0.00016288957326468569
0.8689739156337638	-0.00016288895179602264
0.8739739156337636	-0.00016288831476532172
0.8789739156337634	-0.0001628876616646154
0.8839739156337632	-0.00016288699171635853
0.8889739156337629	-0.00016288630409394623
0.8939739156337627	-0.000162885597917919
0.8989739156337626	-0.000162884872252056
0.9039739156337624	-0.0001628841260985346
0.9089739156337622	-0.00016288335839226262
0.913973915633762	-0.00016288256799505457
0.9189739156337617	-0.00016288175368885238
0.9239739156337615	-0.00016288091416830625
0.9289739156337613	-0.00016288004803215438
0.9339739156337611	-0.0001628791537740192
0.938973915633761	-0.00016287822977128187
0.9439739156337608	-0.00016287727427311287
0.9489739156337605	-0.00016287628538667954
0.9539739156337603	-0.00016287526106126827
0.9589739156337601	-0.0001628741990700179
0.9639739156337599	-0.00016287309698968474
0.9689739156337597	-0.00016287195217651402
0.9739739156337595	-0.00016287076173910245
0.9789739156337594	-0.00016286952250595157
0.9839739156337591	-0.0001628682309896782
0.9889739156337589	-0.00016286688334373977
0.9939739156337587	-0.00016286547531286808
0.9989739156337585	-0.000162864002174462
1.0039739156337584	-0.00016286245867145477
1.008973915633758	-0.00016286083893171047
1.013973915633758	-0.00016285913637471177
1.0189739156337576	-0.0001628573436006718
1.0239739156337575	-0.0001628554522608474
1.0289739156337572	-0.00016285345290278423
1.033973915633757	-0.00016285133478819802
1.038973915633757	-0.00016284908567678886
1.0439739156337566	-0.00016284669156876516
1.0489739156337565	-0.00016284413639984253
1.0539739156337562	-0.00016284140167676845
1.058973915633756	-0.00016283846604378888
1.0639739156337558	-0.00016283530476440548
1.0689739156337557	-0.0001628318891025901
1.0739739156337553	-0.00016282818558268386
1.0789739156337552	-0.00016282415510293405
1.0839739156337551	-0.00016281975187447005
1.0889739156337548	-0.00016281492214758792
1.0939739156337547	-0.00016280960268444592
1.0989739156337544	-0.00016280371892648076
1.1039739156337542	-0.00016279718278961377
1.108973915633754	-0.00016278989001825613
1.1139739156337538	-0.0001627817170001062
1.1189739156337537	-0.00016277251693617295
1.1239739156337534	-0.0001627621152300741
1.1289739156337533	-0.00016275030393886268
1.133973915633753	-0.00016273683508789843
1.1389739156337528	-0.00016272141262086714
1.1439739156337525	-0.00016270368269809035
1.1489739156337524	-0.00016268322200882728
1.153973915633752	-0.00016265952368248784
1.158973915633752	-0.00016263198031021906
1.1639739156337519	-0.00016259986347867312
1.1689739156337515	-0.000162562299101549
1.1739739156337514	-0.00016251823768730092
1.178973915633751	-0.00016246641850477768
1.183973915633751	-0.00016240532639960655
1.1889739156337507	-0.0001623331397617988
1.1939739156337505	-0.00016224766784211385
1.1989739156337504	-0.00016214627525160054
1.2039739156337501	-0.000162025791041803
1.20897391563375	-0.00016188239924381115
1.2139739156337497	-0.00016171150711264106
1.2189739156337496	-0.0001615075865684321
1.2239739156337492	-0.00016126398341842173
1.2289739156337491	-0.00016097268783928808
1.2339739156337488	-0.0001606240582735392
1.2389739156337487	-0.00016020648927934084
1.2439739156337486	-0.00015970601191125938
1.2489739156337483	-0.00015910581283342702
1.2539739156337482	-0.00015838565546661928
1.2589739156337478	-0.00015752118296737027
1.2639739156337477	-0.00015648307859945557
1.2689739156337474	-0.0001552360539875094
1.2739739156337473	-0.0001537376297092172
1.2789739156337472	-0.00015193666562187395
1.2839739156337469	-0.00014977159013189543
1.2889739156337467	-0.00014716826831882312
1.2939739156337464	-0.0001440374384235549
1.2989739156337463	-0.00014027163485277603
1.303973915633746	-0.00013574150373396628
1.3089739156337459	-0.00013029140459314777
1.3139739156337455	-0.00012373417954418658
1.3189739156337454	-0.00011584496053717841
1.3239739156337453	-0.00010635387733296514
1.328973915633745	-9.493752648059763e-5
1.333973915633745	-8.120906832714986e-5
1.3389739156337446	-6.470684012019025e-5
1.3439739156337445	-4.4881415484142635e-5
1.3489739156337441	-2.1081112661156287e-5
1.353973915633744	7.463933660215035e-6
1.358973915633744	4.165885808385733e-5
1.3639739156337436	8.256180281807145e-5
1.3689739156337435	0.0001314015085785931
1.3739739156337432	0.0001895935960228834
1.378973915633743	0.000258753963317875
1.3839739156337427	0.0003407073022951928
1.3879804367253072	0.00041709858319681747
1.3919869578168715	0.000504027181358031
1.395993478908436	0.0006028285359049044
1.4	0.0007147897364695822
