0.0006999999999999628	-0.00016080978318283817
0.001403500000000035	-0.000160800148425971
0.0021105174999999296	-0.00016079998201489496
0.0028210700874998964	-0.00016079995043373805
0.003535175437937438	-0.00016079992061794634
0.004252851315127062	-0.00016079989068656396
0.004974115571702636	-0.00016079986061180322
0.005698986149561044	-0.0001607998303919008
0.006427481080308875	-0.0001607998000256178
0.007159618485710418	-0.00016079976951187362
0.007895416578138905	-0.0001607997388494102
0.008634893661029494	-0.0001607997080372754
0.00937806812933463	-0.00016079967707435862
0.010124958469981361	-0.00016079964595964804
0.010875583262331262	-0.0001607996146921489
0.01162996117864295	-0.00016079958327094144
0.012388110984536127	-0.00016079955169495325
0.013150051539458866	-0.00016079951996325143
0.013915801797156208	-0.00016079948807490288
0.014685380806142003	-0.00016079945602898429
0.015458807710172712	-0.00016079942382461718
0.01623610174872358	-0.00016079939146069162
0.017017282257467212	-0.00016079935893645048
0.017802368668754516	-0.00016079932625085157
0.01859138051209827	-0.00016079929340299322
0.019384337414658823	-0.00016079926039199894
0.020181259101732015	-0.00016079922721689964
0.020982165397240727	-0.00016079919387679384
0.02178707622422691	-0.00016079916037072214
0.02259601160534814	-0.00016079912669773695
0.02340899166337483	-0.00016079909285701032
0.024226036621691812	-0.00016079905884747032
0.02504716680480027	-0.00016079902466832653
0.025872402638824326	-0.00016079899031848103
0.02670176465201842	-0.0001607989557971275
0.02753527347527842	-0.00016079892110328002
0.028372949842654864	-0.00016079888623600873
0.0292148145918682	-0.00016079885119430233
0.03006088866482743	-0.00016079881597719266
0.03091119310815165	-0.00016079878058386133
0.0317657490736924	-0.0001607987450131949
0.03262457781906081	-0.00016079870926433352
0.03348770070815601	-0.0001607986733362118
0.034355139211696875	-0.0001607986372279128
0.035226914907755424	-0.0001607986009384622
0.03610304948229413	-0.00016079856446685396
0.03698356472970569	-0.0001607985278121139
0.03786848255335419	-0.0001607984909732493
0.038757824966120964	-0.0001607984539492289
0.03965161409095162	-0.0001607984167390278
0.04054987216140643	-0.00016079837934173874
0.04145262152221345	-0.00016079834175623142
0.04235988462982453	-0.00016079830398159687
0.04327168405297366	-0.00016079826601673368
0.0441880424732386	-0.00016079822786059655
0.04510898268560485	-0.00016079818951220812
0.046034527599032954	-0.00016079815097051146
0.04696470023702812	-0.0001607981122344493
0.04789952373821329	-0.00016079807330294507
0.048839021356904266	-0.00016079803417496226
0.04978321646368884	-0.0001607979948494216
0.05073213254600732	-0.00016079795532524438
0.05168579320873729	-0.00016079791560145003
0.052644222174780875	-0.00016079787567686645
0.05360744328565471	-0.00016079783555036456
0.054575480502083065	-0.00016079779522093705
0.05554835790459365	-0.000160797754687436
0.05652609969411678	-0.00016079771394874215
0.05750873019258755	-0.0001607976730037609
0.05849627384355038	-0.00016079763185142972
0.05948875521276831	-0.00016079759049050625
0.060486198988831924	-0.00016079754891992328
0.061488629983776036	-0.00016079750713857418
0.062496073133695054	-0.0001607974651452415
0.06350855349936363	-0.00016079742293878177
0.06452609626686023	-0.00016079738051809721
0.06554872674819473	-0.00016079733788195848
0.0665764703819355	-0.0001607972950291647
0.06760935273384511	-0.00016079725195860734
0.06864739949751451	-0.00016079720866906617
0.06969063649500218	-0.00016079716515936585
0.07073908967747725	-0.00016079712142819631
0.07179278512586448	-0.00016079707747451366
0.07285174905149387	-0.00016079703329694293
0.07391600779675113	-0.00016079698889437486
0.07498558783573481	-0.00016079694426553907
0.07606051577491364	-0.00016079689940921559
0.07714081835378801	-0.00016079685432405895
0.0782265224455569	-0.00016079680900890525
0.07931765505778446	-0.00016079676346246284
0.08041424333307354	-0.00016079671768344953
0.08151631454973869	-0.00016079667167060837
0.08262389612248718	-0.00016079662542263517
0.08373701560309972	-0.0001607965789383037
0.08485570068111534	-0.00016079653221616843
0.08597997918452092	-0.00016079648525500528
0.08710987908044335	-0.00016079643805342347
0.08824542847584554	-0.00016079639061027958
0.08938665561822474	-0.00016079634292392778
0.0905335888963159	-0.00016079629499330745
0.09168625684079766	-0.00016079624681693508
0.09284468812500156	-0.00016079619839341847
0.09400891156562662	-0.00016079614972144737
0.09517895612345495	-0.0001607961007995643
0.09635485090407213	-0.00016079605162644931
0.09753662515859228	-0.0001607960022007014
0.09872430828438533	-0.00016079595252088257
0.09991792982580742	-0.00016079590258551868
0.10111751947493633	-0.00016079585239324768
0.10232310707231096	-0.00016079580194268463
0.10353472260767245	-0.00016079575123224368
0.1047523962207106	-0.00016079570026056265
0.1059761582018141	-0.00016079564902606882
0.10720603899282295	-0.0001607955975273886
0.10844206918778705	-0.00016079554576297375
0.10968427953372589	-0.0001607954937314099
0.11093270093139453	-0.00016079544143101949
0.11218736443605157	-0.0001607953888604656
0.11344830125823162	-0.0001607953360180849
0.11471554276452282	-0.0001607952829023928
0.11598912047834534	-0.00016079522951186444
0.11726906608073716	-0.00016079517584484417
0.11855541141114084	-0.00016079512189979387
0.11984818846819666	-0.0001607950676752027
0.12114742941053756	-0.00016079501316936995
0.12245316655759021	-0.0001607949583806887
0.12376543239037813	-0.0001607949033075926
0.12508425955233007	-0.0001607948479484362
0.12640968085009188	-0.0001607947923016037
0.12774172925434224	-0.00016079473636537782
0.12908043790061416	-0.00016079468013805202
0.13042584009011704	-0.0001607946236180328
0.13177796929056776	-0.00016079456680361377
0.1331368591370207	-0.00016079450969304877
0.13450254343270562	-0.00016079445228458562
0.13587505614986897	-0.0001607943945765622
0.1372544314306183	-0.00016079433656736354
0.13864070358777136	-0.00016079427825483255
0.14003390710571012	-0.00016079421963758188
0.14143407664123844	-0.00016079416071362518
0.14284124702444484	-0.00016079410148122982
0.14425545325956707	-0.00016079404193856177
0.1456767305258648	-0.00016079398208383405
0.14710511417849395	-0.0001607939219151684
0.14854063974938644	-0.00016079386143061947
0.14998334294813345	-0.00016079380062848474
0.1514332596628742	-0.00016079373950677846
0.15289042596118857	-0.00016079367806361234
0.15435487809099444	-0.00016079361629706818
0.15582665248144925	-0.00016079355420517896
0.15730578574385642	-0.00016079349178611395
0.1587923146725756	-0.00016079342903777019
0.1602862762459386	-0.00016079336595819355
0.1617877076271685	-0.00016079330254545899
0.16329664616530448	-0.00016079323879745499
0.16481312939613094	-0.00016079317471224977
0.16633719504311156	-0.00016079311028779886
0.16786888101832692	-0.0001607930455219175
0.16940822542341866	-0.00016079298041261488
0.17095526655053575	-0.00016079291495779748
0.17251004288328856	-0.00016079284915530848
0.1740725930977048	-0.00016079278300298544
0.1756429560631934	-0.00016079271649876504
0.17722117084350925	-0.000160792649640362
0.17880727669772659	-0.00016079258242574055
0.18040131308121543	-0.00016079251485250567
0.18200331964662148	-0.00016079244691852637
0.18361333624485465	-0.00016079237862155383
0.18523140292607912	-0.00016079230995928715
0.18685755994070938	-0.00016079224092948845
0.18849184774041308	-0.00016079217152977608
0.19013430697911532	-0.00016079210175787121
0.19178497851401088	-0.00016079203161134734
0.19344390340658082	-0.00016079196108790514
0.19511112292361377	-0.00016079189018509756
0.1967866785382319	-0.00016079181890048697
0.19847061193092289	-0.00016079174723167007
0.2001629649905775	-0.0001607916751762076
0.20186377981553055	-0.00016079160273152555
0.20357309871460819	-0.00016079152989520774
0.2052909642081813	-0.00016079145666460592
0.207017419029222	-0.0001607913830372759
0.20875250612436788	-0.00016079130901055027
0.21049626865498966	-0.0001607912345817581
0.21224874999826462	-0.0001607911597484165
0.21400999374825602	-0.0001607910845077528
0.2157800437169973	-0.00016079100885709146
0.21755894393558234	-0.0001607909327937151
0.21934673865526005	-0.00016079085631486075
0.2211434723485364	-0.00016079077941777686
0.22294918971027902	-0.00016079070209965536
0.22476393565883038	-0.00016079062435764266
0.22658775533712455	-0.00016079054618896389
0.22842069411381005	-0.00016079046759060546
0.23026279758437915	-0.00016079038855963522
0.23211411157230094	-0.0001607903090932199
0.23397468213016254	-0.00016079022918826508
0.23584455554081346	-0.00016079014884180407
0.23772377831851751	-0.00016079006805081947
0.23961239721011024	-0.00016078998681214732
0.24151045919616082	-0.0001607899051226823
0.24341801149214168	-0.00016078982297925624
0.24533510154960245	-0.00016078974037874775
0.24726177705735047	-0.0001607896573178883
0.2491980859426373	-0.00016078957379342428
0.25114407637235053	-0.00016078948980200033
0.2530997967542124	-0.00016078940534038473
0.2550652957379834	-0.000160789320405067
0.2570406222166734	-0.00016078923499272894
0.25902582532775686	-0.0001607891490999078
0.26102095445439577	-0.00016078906272309353
0.2630260592266676	-0.00016078897585869277
0.26504118952280104	-0.0001607888885031275
0.26706639547041516	-0.0001607888006528322
0.26910172744776706	-0.00016078871230414804
0.27114723608500574	-0.00016078862345325436
0.2732029722654309	-0.00016078853409645704
0.2752689871267581	-0.00016078844422997762
0.2773453320623917	-0.00016078835384988413
0.2794320587227036	-0.00016078826295227406
0.281529219016317	-0.00016078817153316425
0.2836368651113984	-0.00016078807958859982
0.28575504943695557	-0.0001607879871145659
0.28788382468414025	-0.00016078789410683712
0.2900232438075611	-0.00016078780056131024
0.29217336002659877	-0.0001607877064737358
0.29433422682673194	-0.00016078761183972986
0.29650589796086546	-0.00016078751665511977
0.29868842745066976	-0.00016078742091537083
0.30088186958792296	-0.00016078732461607866
0.30308627893586265	-0.00016078722775267186
0.305301710330542	-0.00016078713032058813
0.3075282188821948	-0.00016078703231516169
0.30976585997660583	-0.0001607869337316745
0.31201468927648873	-0.00016078683456532034
0.31427476272287097	-0.00016078673481122093
0.3165461365364855	-0.0001607866344644949
0.318828867219168	-0.00016078653352007732
0.3211230115552639	-0.00016078643197285067
0.32342862661304006	-0.00016078632981782223
0.3257457697461053	-0.00016078622704951743
0.32807449859483556	-0.00016078612366276896
0.33041487108780954	-0.0001607860196522136
0.3327669454432486	-0.00016078591501218528
0.33513078017046477	-0.00016078580973721992
0.33750643407131686	-0.00016078570382164957
0.33989396624167323	-0.00016078559725968806
0.3422934360728816	-0.00016078549004555642
0.34470490325324576	-0.00016078538217330988
0.3471284277695118	-0.0001607852736367899
0.34956406990835936	-0.0001607851644299306
0.3520118902579012	-0.000160785054546548
0.3544719497091907	-0.0001607849439801188
0.35694430945773664	-0.00016078483272433117
0.3594290310050252	-0.00016078472077262764
0.36192617616005013	-0.0001607846081182186
0.3644358070408504	-0.00016078449475438942
0.36695798607605457	-0.0001607843806741104
0.36949277600643504	-0.00016078426587045082
0.37204023988646695	-0.00016078415033617696
0.374600441085899	-0.00016078403406392488
0.3771734432913285	-0.00016078391704641272
0.379759310507785	-0.00016078379927597487
0.3823581070603237	-0.00016078368074483323
0.3849698975956254	-0.00016078356144516893
0.3875947470836033	-0.00016078344136908842
0.39023272081902133	-0.0001607833205083024
0.3928838844231162	-0.00016078319885440558
0.39554830384523165	-0.00016078307639904725
0.3982260453644579	-0.00016078295313353704
0.4009171755912802	-0.00016078282904908008
0.4036217614692367	-0.00016078270413667434
0.4063398702765827	-0.00016078257838688284
0.40907156962796565	-0.00016078245179069293
0.41181692747610543	-0.00016078232433839256
0.41457601211348605	-0.0001607821960201636
0.4173488921740533	-0.00016078206682608554
0.4201356366349237	-0.00016078193674595474
0.42293631481809807	-0.00016078180576940398
0.4257509963921885	-0.00016078167388578168
0.42857975137414944	-0.0001607815410841881
0.4314226501310203	-0.0001607814073536127
0.43427976338167545	-0.00016078127268269525
0.43715116219858396	-0.00016078113705975884
0.440036918009577	-0.00016078100047304614
0.44293710259962477	-0.00016078086291041485
0.4458517881126228	-0.000160780724359294
0.4487810470531859	-0.00016078058480732826
0.45172495228845155	-0.0001607804442412638
0.45468357704989376	-0.0001607803026478294
0.45765699493514306	-0.00016078016001351352
0.46064527990981863	-0.00016078001632438446
0.4636485063093676	-0.00016077987156594398
0.4666667488409145	-0.0001607797257239745
0.4697000825851191	-0.00016077957878307084
0.4727485829980444	-0.0001607794307281729
0.4758123259130346	-0.0001607792815433302
0.47889138754259974	-0.0001607791312124996
0.4819858444803126	-0.00016077897971914596
0.4850957737027142	-0.00016077882704615951
0.48822125257122767	-0.0001607786731762953
0.49136235883408375	-0.00016077851809155266
0.49451917062825407	-0.00016077836177361154
0.49769176648139524	-0.00016077820420367194
0.5008802253138022	-0.00016077804536219204
0.5040846264403713	-0.00016077788522944283
0.5073050495725733	-0.0001607777237851169
0.510541574820436	-0.00016077756100793132
0.5137942826945383	-0.00016077739687661127
0.5170632541080108	-0.0001607772313686006
0.520348570378551	-0.00016077706446140298
0.5236503132304436	-0.00016077689613138495
0.5269685647965956	-0.0001607767263544547
0.5303034076205784	-0.00016077655510576626
0.5336549246586811	-0.00016077638235966024
0.5370231992819746	-0.0001607762080898336
0.5404083152783844	-0.00016077603226908926
0.5438103568547764	-0.00016077585486940757
0.5472294086390501	-0.00016077567586210263
0.5506655556822453	-0.00016077549521742148
0.5541188834606565	-0.0001607753129047375
0.5575894778779599	-0.00016077512889239043
0.5610774252673494	-0.00016077494314787534
0.564582812393686	-0.00016077475563754565
0.5681057264556543	-0.0001607745663266751
0.5716462550879327	-0.0001607743751792926
0.5752044863633723	-0.00016077418215851107
0.578780508795189	-0.0001607739872260988
0.5823744113391649	-0.00016077379034243837
0.5859862833958606	-0.0001607735914667259
0.5896162148128399	-0.00016077339055664525
0.5932642958869042	-0.0001607731875686737
0.5969306173663387	-0.00016077298245741978
0.6006152704531702	-0.00016077277517618637
0.6043183468054361	-0.000160772565676491
0.6080399385394633	-0.00016077235390828676
0.6117801382321605	-0.00016077213981946785
0.615539038923321	-0.00016077192335631001
0.6193167341179376	-0.00016077170446296833
0.6231133177885273	-0.00016077148308156657
0.6269288843774701	-0.0001607712591521499
0.6307635287993573	-0.00016077103261244506
0.6346173464433539	-0.0001607708033978012
0.6384904331755705	-0.00016077057144113453
0.6423828853414483	-0.0001607703366726852
0.6462947997681555	-0.0001607700990200565
0.6502262737669962	-0.00016076985840818924
0.6541774051358311	-0.0001607696147585689
0.6581482921615099	-0.00016076936799009774
0.6621390336223173	-0.0001607691180179114
0.6661497287904288	-0.00016076886475397667
0.6701804774343807	-0.00016076860810650974
0.6742313798215525	-0.00016076834797992985
0.6783025367206603	-0.00016076808427468688
0.6823940494042636	-0.00016076781688706117
0.6865060196512851	-0.0001607675457086386
0.6906385497495416	-0.000160767270626548
0.6947917424982893	-0.00016076699152306278
0.6989657012107808	-0.0001607667082748854
0.7031605297168348	-0.0001607664207536563
0.7073763323654189	-0.00016076612882508172
0.7116132140272461	-0.00016076583234847765
0.715871280097382	-0.00016076553117728222
0.7201506364978687	-0.00016076522515761632
0.7244513896803577	-0.00016076491412874208
0.7287736466287593	-0.00016076459792208915
0.733117514861903	-0.00016076427636116473
0.7374831024362126	-0.0001607639492608968
0.7418705179483935	-0.00016076361642715866
0.7462798705381356	-0.0001607632776563095
0.7507112698908263	-0.0001607629327345748
0.7551648262402804	-0.00016076258143718814
0.759640650371482	-0.00016076222352820417
0.7641388536233394	-0.0001607618587593021
0.7686595478914561	-0.00016076148686946826
0.7732028456309133	-0.00016076110758360507
0.7777688598590677	-0.00016076072061217865
0.7823577041583629	-0.0001607603256501853
0.7869694926791548	-0.00016075992237548216
0.7916043401425507	-0.00016075951044849715
0.7962623618432633	-0.00016075908951077735
0.8009436736524796	-0.00016075865918332825
0.805648392020742	-0.00016075821906542744
0.8103766339808457	-0.00016075776873346765
0.81512851715075	-0.0001607573077387557
0.8199041597365035	-0.00016075683560561301
0.8247036805351862	-0.00016075635182997747
0.8295271989378621	-0.00016075585587712514
0.8343748349325514	-0.00016075534717888894
0.8392467091072142	-0.00016075482513133366
0.8441429426527504	-0.00016075428909242045
0.849063657366014	-0.0001607537383779492
0.8540089756528442	-0.00016075317225936752
0.8589790205311084	-0.00016075258995927854
0.863973915633764	-0.00016075199064730919
0.8689739156337638	-0.00016075137502113155
0.8739739156337636	-0.00016075074357887334
0.8789739156337634	-0.00016075009580013568
0.8839739156337632	-0.00016074943089574735
0.8889739156337629	-0.0001607487480272215
0.8939739156337627	-0.00016074804630253142
0.8989739156337626	-0.00016074732477233092
0.9039739156337624	-0.00016074658242508374
0.9089739156337622	-0.00016074581818095594
0.913973915633762	-0.00016074503088687688
0.9189739156337617	-0.00016074421930851389
0.9239739156337615	-0.000160743382123984
0.9289739156337613	-0.00016074251791467603
0.9339739156337611	-0.00016074162515546968
0.938973915633761	-0.00016074070220463389
0.9439739156337608	-0.00016073974729106783
0.9489739156337605	-0.0001607387585007431
0.9539739156337603	-0.00016073773376059784
0.9589739156337601	-0.00016073667082051827
0.9639739156337599	-0.00016073556723278655
0.9689739156337597	-0.00016073442032793727
0.9739739156337595	-0.00016073322718735024
0.9789739156337594	-0.00016073198461168556
0.9839739156337591	-0.00016073068908381322
0.9889739156337589	-0.00016072933672587478
0.9939739156337587	-0.0001607279232498745
0.9989739156337585	-0.00016072644389946914
1.0039739156337584	-0.00016072489338126968
1.008973915633758	-0.00016072326578546047
1.013973915633758	-0.00016072155449171975
1.0189739156337576	-0.00016071975205883267
1.0239739156337575	-0.0001607178500936842
1.0289739156337572	-0.0001607158390977695
1.033973915633757	-0.0001607137082838079
1.038973915633757	-0.00016071144535960517
1.0439739156337566	-0.00016070903627071084
1.0489739156337565	-0.00016070646489409353
1.0539739156337562	-0.00016070371267435776
1.058973915633756	-0.00016070075818881276
1.0639739156337558	-0.00016069757662932796
1.0689739156337557	-0.00016069413918163054
1.0739739156337553	-0.0001606904122853795
1.0789739156337552	-0.00016068635674621
1.0839739156337551	-0.0001606819266717071
1.0889739156337548	-0.0001606770681981589
1.0939739156337547	-0.00016067171795958532
1.0989739156337544	-0.00016066580125121473
1.1039739156337542	-0.00016065922982341592
1.108973915633754	-0.00016065189922876598
1.1139739156337538	-0.00016064368563260343
1.1189739156337537	-0.00016063444197550735
1.1239739156337534	-0.00016062399335436235
1.1289739156337533	-0.00016061213146180517
1.133973915633753	-0.00016059860788873406
1.1389739156337528	-0.00016058312605722253
1.1439739156337525	-0.00016056533150047593
1.1489739156337524	-0.00016054480014906063
1.153973915633752	-0.00016052102421418407
1.158973915633752	-0.00016049339517209727
1.1639739156337519	-0.00016046118325503843
1.1689739156337515	-0.00016042351272966665
1.1739739156337514	-0.00016037933210125152
1.178973915633751	-0.00016032737820369385
1.183973915633751	-0.00016026613292484388
1.1889739156337507	-0.00016019377106759857
1.1939739156337505	-0.00016010809753987297
1.1989739156337504	-0.00016000647170648442
1.2039739156337501	-0.0001598857163010829
1.20897391563375	-0.00015974200776969563
1.2139739156337497	-0.00015957074429860248
1.2189739156337496	-0.00015936638701360872
1.2239739156337492	-0.00015912226894138106
1.2289739156337491	-0.00015883036521902163
1.2339739156337488	-0.00015848101671495893
1.2389739156337487	-0.00015806259761898053
1.2439739156337486	-0.00015756111560365826
1.2489739156337483	-0.00015695973079076295
1.2539739156337482	-0.00015623817687602362
1.2589739156337478	-0.00015537206427212902
1.2639739156337477	-0.00015433204092267885
1.2689739156337474	-0.00015308278140195076
1.2739739156337473	-0.0001515817689443049
1.2789739156337472	-0.00014977782806221518
1.2839739156337469	-0.000147609357379523
1.2889739156337467	-0.00014500220321358705
1.2939739156337464	-0.00014186710438699655
1.2989739156337463	-0.00013809662788710062
1.303973915633746	-0.0001335615036206195
1.3089739156337459	-0.00012810625509507455
1.3139739156337455	-0.0001215440121505324
1.3189739156337454	-0.00011365038303787823
1.3239739156337453	-0.00010415625799697626
1.328973915633745	-9.273941776841277e-5
1.333973915633745	-7.901483207509348e-5
1.3389739156337446	-6.252356047308446e-5
1.3439739156337445	-4.2720218190651206e-5
1.3489739156337441	-1.8959051478444e-5
1.353973915633744	9.521209322065341e-6
1.358973915633744	4.3613374920414786e-5
1.3639739156337436	8.435811976757428e-5
1.3689739156337435	0.0001329597210214328
1.3739739156337432	0.00019079997501861534
1.378973915633743	0.0002594486623218546
1.3839739156337427	0.0003406685579527624
1.3879804367253072	0.00041625350473862806
1.3919869578168715	0.000502132128740465
1.395993478908436	0.0005995716454719839
1.4	0.000709782201582481
