0.0006999999999999628	-0.0001693597547600876
0.001403500000000035	-0.00016934998825957645
0.0021105174999999296	-0.00016934957441048056
0.0028210700874998964	-0.00016934929181780205
0.003535175437937438	-0.0001693490093913386
0.004252851315127062	-0.00016934872525573618
0.004974115571702636	-0.00016934843936812364
0.005698986149561044	-0.0001693481517123142
0.006427481080308875	-0.00016934786227275518
0.007159618485710418	-0.00016934757103409303
0.007895416578138905	-0.00016934727798124745
0.008634893661029494	-0.00016934698309897597
0.00937806812933463	-0.00016934668637222573
0.010124958469981361	-0.00016934638778589797
0.010875583262331262	-0.00016934608732482138
0.01162996117864295	-0.00016934578497388017
0.012388110984536127	-0.00016934548071777293
0.013150051539458866	-0.0001693451745411857
0.013915801797156208	-0.00016934486642875923
0.014685380806142003	-0.00016934455636494338
0.015458807710172712	-0.0001693442443341584
0.01623610174872358	-0.00016934393032067935
0.017017282257467212	-0.0001693436143086796
0.017802368668754516	-0.00016934329628224586
0.01859138051209827	-0.00016934297622522664
0.019384337414658823	-0.00016934265412146102
0.020181259101732015	-0.00016934232995456094
0.020982165397240727	-0.00016934200370806156
0.02178707622422691	-0.00016934167536530772
0.02259601160534814	-0.00016934134490948852
0.02340899166337483	-0.00016934101232371447
0.024226036621691812	-0.00016934067759085598
0.02504716680480027	-0.00016934034069364116
0.025872402638824326	-0.0001693400016146495
0.02670176465201842	-0.00016933966033633792
0.02753527347527842	-0.00016933931684089907
0.028372949842654864	-0.00016933897111043122
0.0292148145918682	-0.00016933862312684436
0.03006088866482743	-0.00016933827287179663
0.03091119310815165	-0.00016933792032688678
0.0317657490736924	-0.00016933756547344867
0.03262457781906081	-0.00016933720829265378
0.03348770070815601	-0.00016933684876549714
0.034355139211696875	-0.0001693364868727315
0.035226914907755424	-0.0001693361225949698
0.03610304948229413	-0.00016933575591262446
0.03698356472970569	-0.0001693353868058672
0.03786848255335419	-0.00016933501525470712
0.038757824966120964	-0.00016933464123886877
0.03965161409095162	-0.00016933426473800419
0.04054987216140643	-0.000169333885731439
0.04145262152221345	-0.00016933350419832383
0.04235988462982453	-0.00016933312011760328
0.04327168405297366	-0.00016933273346797197
0.0441880424732386	-0.0001693323442278953
0.04510898268560485	-0.00016933195237566376
0.046034527599032954	-0.00016933155788925958
0.04696470023702812	-0.00016933116074652543
0.04789952373821329	-0.00016933076092494375
0.048839021356904266	-0.00016933035840186733
0.04978321646368884	-0.0001693299531543582
0.05073213254600732	-0.00016932954515923898
0.05168579320873729	-0.00016932913439305448
0.052644222174780875	-0.00016932872083211622
0.05360744328565471	-0.0001693283044524857
0.054575480502083065	-0.00016932788522993692
0.055548357904593434	-0.0001693274631400367
0.056526099694116344	-0.00016932703815797744
0.0575087301925869	-0.00016932661025877285
0.05849627384354973	-0.00016932617941710736
0.05948875521276744	-0.00016932574560740235
0.06048619898883127	-0.0001693253088037886
0.061488629983775384	-0.0001693248689801478
0.06249607313369419	-0.0001693244261099525
0.06350855349936275	-0.00016932398016649558
0.06452609626685958	-0.00016932353112271547
0.06554872674819387	-0.00016932307895127906
0.06657647038193484	-0.000169322623624466
0.06760935273384447	-0.00016932216511429736
0.06864739949751365	-0.000169321703392475
0.0696906364950013	-0.00016932123843036093
0.07073908967747639	-0.00016932077019899327
0.07179278512586384	-0.00016932029866904066
0.07285174905149322	-0.00016931982381089794
0.0739160077967507	-0.00016931934559451467
0.07498558783573436	-0.00016931886398960301
0.07606051577491299	-0.00016931837896545343
0.07714081835378758	-0.0001693178904910051
0.07822652244555647	-0.0001693173985348154
0.07931765505778425	-0.0001693169030651084
0.0804142433330731	-0.0001693164040496993
0.08151631454973848	-0.00016931590145601144
0.08262389612248718	-0.00016931539525108437
0.0837370156030995	-0.00016931488540162775
0.0848557006811149	-0.0001693143718738383
0.0859799791845205	-0.00016931385463358348
0.08710987908044313	-0.0001693133336462992
0.08824542847584534	-0.00016931280887696697
0.08938665561822454	-0.00016931228029018572
0.09053358889631567	-0.0001693117478501028
0.09168625684079722	-0.00016931121152041593
0.09284468812500112	-0.00016931067126436602
0.09400891156562617	-0.00016931012704481932
0.0951789561234543	-0.00016930957882401777
0.09635485090407148	-0.00016930902656394403
0.09753662515859184	-0.00016930847022592402
0.0987243082843847	-0.00016930790977089777
0.09991792982580656	-0.00016930734515927366
0.10111751947493569	-0.00016930677635097852
0.10232310707231031	-0.00016930620330541155
0.1035347226076718	-0.00016930562598147644
0.10475239622071016	-0.00016930504433756877
0.10597615820181366	-0.00016930445833149106
0.10720603899282274	-0.00016930386792055936
0.10844206918778684	-0.00016930327306151978
0.10968427953372567	-0.0001693026737105922
0.1109327009313943	-0.0001693020698233112
0.11218736443605135	-0.0001693014613548453
0.11344830125823162	-0.00016930084825954455
0.11471554276452282	-0.00016930023049134123
0.11598912047834534	-0.00016929960800341823
0.11726906608073695	-0.00016929898074847553
0.11855541141114062	-0.0001692983486784858
0.11984818846819621	-0.0001692977117448496
0.12114742941053713	-0.00016929706989823152
0.12245316655758978	-0.00016929642308874876
0.1237654323903777	-0.00016929577126577618
0.12508425955232963	-0.00016929511437801842
0.12640968085009122	-0.00016929445237350298
0.1277417292543416	-0.00016929378519953893
0.1290804379006133	-0.00016929311280272774
0.13042584009011637	-0.00016929243512890744
0.1317779692905669	-0.00016929175212319398
0.13313685913701961	-0.00016929106373001502
0.13450254343270476	-0.00016929036989293567
0.13587505614986833	-0.00016928967055471946
0.13725443143061763	-0.00016928896565744696
0.13864070358777073	-0.00016928825514230463
0.14003390710570945	-0.00016928753894970204
0.14143407664123803	-0.00016928681701917258
0.1428412470244442	-0.00016928608928939442
0.1442554532595664	-0.00016928535569822966
0.14567673052586416	-0.0001692846161826051
0.1471051141784935	-0.00016928387067853453
0.14854063974938603	-0.00016928311912118248
0.149983342948133	-0.00016928236144473196
0.15143325966287374	-0.00016928159758243253
0.15289042596118813	-0.00016928082746655828
0.15435487809099402	-0.00016928005102839755
0.15582665248144906	-0.0001692792681982305
0.1573057857438562	-0.0001692784789053697
0.15879231467257537	-0.00016927768307799034
0.16028627624593816	-0.00016927688064329366
0.16178770762716785	-0.00016927607152737348
0.16329664616530362	-0.0001692752556552336
0.16481312939613008	-0.0001692744329507094
0.1663371950431107	-0.00016927360333659247
0.16786888101832628	-0.00016927276673440935
0.1694082254234178	-0.00016927192306456697
0.1709552665505349	-0.00016927107224623146
0.17251004288328747	-0.00016927021419739304
0.17407259309770393	-0.00016926934883472578
0.17564295606319252	-0.00016926847607366818
0.17722117084350858	-0.00016926759582829736
0.17880727669772617	-0.00016926670801146988
0.18040131308121476	-0.0001692658125345944
0.18200331964662084	-0.0001692649093077508
0.18361333624485401	-0.00016926399823960663
0.18523140292607826	-0.00016926307923733068
0.18685755994070874	-0.00016926215220676045
0.1884918477404122	-0.00016926121705212988
0.19013430697911424	-0.00016926027367619373
0.1917849785140098	-0.00016925932198016988
0.19344390340657974	-0.00016925836186365234
0.19511112292361268	-0.00016925739322466197
0.1967866785382308	-0.00016925641595958297
0.19847061193092203	-0.00016925542996308176
0.20016296499057665	-0.00016925443512810496
0.20186377981552947	-0.00016925343134590614
0.2035730987146071	-0.0001692524185059214
0.20529096420818022	-0.00016925139649573198
0.20701741902922113	-0.0001692503652011395
0.20875250612436722	-0.0001692493245059714
0.210496268654989	-0.00016924827429217195
0.21224874999826396	-0.0001692472144397066
0.21400999374825516	-0.0001692461448264555
0.21578004371699644	-0.00016924506532829691
0.21755894393558148	-0.0001692439758190264
0.2193467386552594	-0.00016924287617022047
0.22114347234853576	-0.00016924176625131225
0.22294918971027836	-0.00016924064592950191
0.2247639356588297	-0.0001692395150696253
0.2265877553371239	-0.00016923837353429483
0.2284206941138094	-0.00016923722118361795
0.23026279758437848	-0.00016923605787526826
0.23211411157230027	-0.00016923488346455248
0.23397468213016168	-0.00016923369780406407
0.23584455554081238	-0.0001692325007439354
0.23772377831851643	-0.00016923129213148336
0.23961239721010893	-0.00016923007181142584
0.24151045919615952	-0.00016922883962561047
0.24341801149214037	-0.00016922759541310243
0.24533510154960114	-0.0001692263390100361
0.24726177705734917	-0.00016922507024953214
0.24919808594263576	-0.00016922378896167646
0.251144076372349	-0.00016922249497348387
0.2530997967542107	-0.0001692211881087587
0.2550652957379817	-0.00016921986818805424
0.2570406222166717	-0.00016921853502856706
0.2590258253277551	-0.00016921718844409007
0.26102095445439405	-0.00016921582824492334
0.2630260592266659	-0.0001692144542377965
0.2650411895227993	-0.00016921306622582773
0.2670663954704134	-0.0001692116640082807
0.26910172744776534	-0.00016921024738068537
0.27114723608500396	-0.0001692088161346378
0.27320297226542917	-0.00016920737005766596
0.27526898712675635	-0.00016920590893322279
0.27734533206239	-0.00016920443254052749
0.2794320587227019	-0.00016920294065447087
0.2815292190163153	-0.00016920143304561153
0.2836368651113967	-0.00016919990947986688
0.28575504943695385	-0.0001691983697185617
0.28788382468413853	-0.00016919681351823507
0.29002324380755934	-0.00016919524063060693
0.29217336002659705	-0.00016919365080237368
0.29433422682673016	-0.00016919204377507477
0.29650589796086374	-0.0001691904192850979
0.29868842745066804	-0.00016918877706331088
0.30088186958792124	-0.00016918711683519812
0.3030862789358609	-0.0001691854383204513
0.30530171033054027	-0.00016918374123309795
0.307528218882193	-0.00016918202528109577
0.30976585997660405	-0.0001691802901663412
0.312014689276487	-0.0001691785355844665
0.31427476272286925	-0.0001691767612246341
0.3165461365364837	-0.00016917496676942958
0.3188288672191662	-0.00016917315189472185
0.32112301155526213	-0.0001691713162692859
0.32342862661303834	-0.00016916945955486827
0.3257457697461036	-0.00016916758140587485
0.32807449859483384	-0.00016916568146907207
0.3304148710878078	-0.0001691637593836636
0.33276694544324686	-0.00016916181478076296
0.33513078017046305	-0.00016915984728337248
0.33750643407131514	-0.00016915785650610976
0.3398939662416715	-0.00016915584205500967
0.3422934360728799	-0.0001691538035271822
0.34470490325324404	-0.00016915174051064226
0.3471284277695101	-0.00016914965258411172
0.34956406990835764	-0.00016914753931657515
0.3520118902578995	-0.0001691454002672292
0.354471949709189	-0.00016914323498503942
0.3569443094577349	-0.00016914104300850289
0.3594290310050235	-0.00016913882386532974
0.3619261761600484	-0.00016913657707217104
0.3644358070408486	-0.00016913430213427738
0.36695798607605284	-0.00016913199854511453
0.36949277600643327	-0.0001691296657861059
0.37204023988646523	-0.0001691273033262569
0.3746004410858973	-0.00016912491062164692
0.3771734432913268	-0.00016912248711527906
0.3797593105077832	-0.00016912003223649934
0.3823581070603219	-0.00016911754540067207
0.38496989759562367	-0.0001691150260087182
0.3875947470836016	-0.00016911247344673946
0.3902327208190196	-0.0001691098870854071
0.3928838844231145	-0.00016910726627970043
0.39554830384522993	-0.00016910461036821994
0.3982260453644561	-0.0001691019186728801
0.4009171755912785	-0.00016909919049811885
0.40362176146923495	-0.0001690964251306489
0.40633987027658097	-0.0001690936218385957
0.4090715696279639	-0.00016909077987119228
0.4118169274761037	-0.00016908789845791666
0.4145760121134843	-0.00016908497680797588
0.4173488921740515	-0.00016908201410974783
0.4201356366349219	-0.00016907900952985728
0.42293631481809635	-0.00016907596221265342
0.4257509963921868	-0.00016907287127936884
0.42857975137414767	-0.00016906973582748227
0.43142265013101855	-0.00016906655492969722
0.43427976338167373	-0.0001690633276333214
0.43715116219858224	-0.00016906005295936328
0.44003691800957523	-0.00016905672990151673
0.44293710259962304	-0.00016905335742530074
0.4458517881126211	-0.0001690499344671362
0.44878104705318417	-0.00016904645993329965
0.45172495228844983	-0.00016904293269869657
0.45468357704989204	-0.0001690393516061698
0.4576569949351413	-0.00016903571546487246
0.46064527990981685	-0.0001690320230494491
0.4636485063093658	-0.00016902827309860164
0.4666667488409128	-0.0001690244643137704
0.4697000825851173	-0.00016902059535799465
0.4727485829980427	-0.0001690166648542158
0.47581232591303285	-0.00016901267138402776
0.478891387542598	-0.00016900861348602414
0.48198584448031084	-0.00016900448965430384
0.4850957737027124	-0.00016900029833652005
0.48822125257122595	-0.00016899603793260634
0.49136235883408197	-0.0001689917067924983
0.4945191706282523	-0.00016898730321440449
0.4976917664813935	-0.0001689828254428732
0.5008802253138004	-0.00016897827166658538
0.5040846264403696	-0.00016897364001614525
0.5073050495725715	-0.00016896892856203214
0.5105415748204343	-0.00016896413531182318
0.5137942826945365	-0.00016895925820807799
0.517063254108009	-0.00016895429512542363
0.5203485703785492	-0.00016894924386795648
0.5236503132304419	-0.0001689441021662734
0.5269685647965939	-0.00016893886767446376
0.5303034076205766	-0.00016893353796697133
0.5336549246586795	-0.0001689281105353134
0.5370231992819728	-0.00016892258278430967
0.5404083152783826	-0.00016891695202892674
0.5438103568547747	-0.0001689112154897855
0.5472294086390483	-0.00016890537028965987
0.5506655556822436	-0.00016889941344888062
0.5541188834606549	-0.00016889334188101513
0.5575894778779582	-0.00016888715238812227
0.5610774252673477	-0.00016888084165574382
0.5645828123936844	-0.00016887440624774227
0.5681057264556525	-0.00016886784260074472
0.5716462550879309	-0.00016886114701842675
0.5752044863633705	-0.00016885431566528272
0.5787805087951873	-0.00016884734456030527
0.5823744113391631	-0.00016884022957013402
0.5859862833958588	-0.00016883296640184676
0.5896162148128381	-0.00016882555059531082
0.5932642958869024	-0.00016881797751542636
0.5969306173663369	-0.00016881024234346531
0.6006152704531684	-0.00016880234006784697
0.6043183468054344	-0.00016879426547526587
0.6080399385394615	-0.0001687860131401234
0.6117801382321587	-0.0001687775774140851
0.6155390389233192	-0.00016876895241469712
0.6193167341179359	-0.00016876013201363004
0.6231133177885255	-0.00016875110982365773
0.6269288843774683	-0.00016874187918543998
0.6307635287993556	-0.0001687324331529254
0.6346173464433522	-0.00016872276447819532
0.6384904331755688	-0.0001687128655952849
0.6423828853414466	-0.00016870272860277594
0.6462947997681537	-0.00016869234524536218
0.6502262737669944	-0.00016868170689415482
0.6541774051358293	-0.00016867080452569755
0.6581482921615082	-0.00016865962869946934
0.6621390336223156	-0.00016864816953391311
0.6661497287904271	-0.0001686364166807128
0.6701804774343789	-0.0001686243592971323
0.6742313798215507	-0.00016861198601657374
0.6783025367206585	-0.000168599284916734
0.682394049404262	-0.0001685862434856431
0.6865060196512833	-0.00016857284858465065
0.6906385497495399	-0.00016855908640916548
0.6947917424982876	-0.00016854494244583458
0.6989657012107791	-0.0001685304014262457
0.7031605297168331	-0.00016851544727745517
0.7073763323654171	-0.00016850006306753286
0.7116132140272443	-0.00016848423094719347
0.7158712800973803	-0.00016846793208613088
0.7201506364978669	-0.00016845114660357302
0.724451389680356	-0.00016843385349286105
0.7287736466287575	-0.0001684160305391021
0.7331175148619014	-0.0001683976542288599
0.737483102436211	-0.00016837869965151362
0.7418705179483918	-0.00016835914039072653
0.7462798705381338	-0.0001683389484054924
0.7507112698908246	-0.0001683180938985936
0.7551648262402787	-0.00016829654517167328
0.7596406503714802	-0.0001682742684652511
0.7641388536233378	-0.00016825122778069644
0.7686595478914543	-0.00016822738468322049
0.7732028456309116	-0.00016820269808231418
0.777768859859066	-0.00016817712398726751
0.7823577041583611	-0.00016815061523368463
0.7869694926791531	-0.00016812312117806346
0.7916043401425489	-0.00016809458735432542
0.7962623618432616	-0.0001680649550890569
0.8009436736524779	-0.0001680341610680759
0.8056483920207402	-0.00016800213684725534
0.8103766339808439	-0.00016796880830115423
0.8151285171507483	-0.00016793409499887295
0.8199041597365018	-0.00016789790949685535
0.8247036805351844	-0.0001678601565373062
0.8295271989378604	-0.00016782073213761247
0.8343748349325497	-0.0001677795225546522
0.8392467091072124	-0.00016773640310612848
0.8441429426527486	-0.00016769123682721168
0.8490636573660123	-0.00016764387293844956
0.8540089756528424	-0.00016759414509703746
0.8589790205311068	-0.000167541869398799
0.8639739156337622	-0.00016748684209443406
0.868973915633762	-0.00016742907163671444
0.8739739156337618	-0.00016736840775724503
0.8789739156337616	-0.00016730462386282076
0.8839739156337615	-0.00016723746956684782
0.8889739156337613	-0.00016716666803744928
0.893973915633761	-0.0001670919128824911
0.8989739156337608	-0.0001670128646655277
0.9039739156337606	-0.0001669291470116362
0.9089739156337604	-0.00016684034225598505
0.9139739156337602	-0.00016674598658273
0.91897391563376	-0.0001666455645951869
0.9239739156337599	-0.0001665385032514208
0.9289739156337596	-0.00016642416509064407
0.9339739156337594	-0.0001663018406658635
0.9389739156337592	-0.00016617074008771544
0.943973915633759	-0.0001660299835717514
0.9489739156337588	-0.00016587859086473979
0.9539739156337586	-0.0001657154694111805
0.9589739156337583	-0.00016553940109849367
0.9639739156337582	-0.00016534902739763553
0.968973915633758	-0.00016514283268882096
0.9739739156337578	-0.00016491912552972425
0.9789739156337576	-0.00016467601758741212
0.9839739156337574	-0.00016441139991119747
0.9889739156337571	-0.00016412291617402095
0.9939739156337569	-0.00016380793244925122
0.9989739156337567	-0.0001634635030192851
1.0039739156337566	-0.000163086331629604
1.0089739156337563	-0.0001626727275030261
1.0139739156337562	-0.00016221855531267418
1.0189739156337558	-0.00016171917817239896
1.0239739156337557	-0.00016116939254375386
1.0289739156337556	-0.00016056335376111693
1.0339739156337553	-0.00015989449065381787
1.0389739156337552	-0.00015915540747358592
1.0439739156337549	-0.00015833777102380132
1.0489739156337547	-0.00015743218052255084
1.0539739156337544	-0.00015642801730598403
1.0589739156337543	-0.00015531327098899746
1.0639739156337542	-0.00015407433814172198
1.0689739156337539	-0.00015269578889964635
1.0739739156337538	-0.00015116009621036274
1.0789739156337534	-0.0001494473216235157
1.0839739156337533	-0.00014753475065699576
1.088973915633753	-0.00014539646984234003
1.093973915633753	-0.00014300287657284305
1.0989739156337526	-0.00014032011190048894
1.1039739156337525	-0.00013730940549364147
1.1089739156337524	-0.00013392632116047113
1.113973915633752	-0.00013011989076720004
1.118973915633752	-0.00012583162418167168
1.1239739156337516	-0.00012099438323200346
1.1289739156337515	-0.00011553110881659315
1.1339739156337512	-0.00010935339251189264
1.138973915633751	-0.0001023598875884788
1.143973915633751	-9.44345595652736e-5
1.1489739156337506	-8.544478356658249e-5
1.1539739156337505	-7.523930488718317e-5
1.1589739156337502	-6.36460901985565e-5
1.16397391563375	-5.047010915959205e-5
1.1689739156337497	-3.549109867570536e-5
1.1739739156337496	-1.84613727159914e-5
1.1789739156337493	8.96253403333492e-7
1.1839739156337492	2.289035769221954e-5
1.187980436725312	4.264894461269344e-5
1.1919869578168745	6.450818183252201e-5
1.1959934789084372	8.867695514736805e-5
1.2	0.00011537653013314466
