0.0006999999999999628	-0.00016272519763037852
0.001403500000000035	-0.00016271570853014318
0.0021105174999999296	-0.00016271537383036897
0.0028210700874998964	-0.00016271516806987346
0.003535175437937438	-0.00016271496291424294
0.004252851315127062	-0.00016271475653699332
0.004974115571702636	-0.00016271454890003632
0.005698986149561044	-0.0001627143399910848
0.006427481080308875	-0.00016271412979856223
0.007159618485710418	-0.00016271391831109867
0.007895416578138905	-0.00016271370551745719
0.008634893661029494	-0.00016271349140652104
0.00937806812933463	-0.00016271327596718415
0.010124958469981361	-0.00016271305918840083
0.010875583262331262	-0.00016271284105909636
0.01162996117864295	-0.0001627126215682122
0.012388110984536127	-0.0001627124007046154
0.013150051539458866	-0.00016271217845720032
0.013915801797156208	-0.000162711954814728
0.014685380806142003	-0.00016271172976598354
0.015458807710172712	-0.00016271150329962605
0.01623610174872358	-0.0001627112754042867
0.017017282257467212	-0.0001627110460684809
0.017802368668754516	-0.00016271081528070397
0.01859138051209827	-0.00016271058302926678
0.019384337414658823	-0.000162710349302504
0.020181259101732015	-0.00016271011408855956
0.020982165397240727	-0.00016270987737551738
0.02178707622422691	-0.00016270963915141694
0.02259601160534814	-0.00016270939940410875
0.02340899166337483	-0.00016270915812137318
0.024226036621691812	-0.00016270891529089268
0.02504716680480027	-0.00016270867090018725
0.025872402638824326	-0.0001627084249367193
0.02670176465201842	-0.00016270817738781208
0.02753527347527842	-0.00016270792824068177
0.028372949842654864	-0.00016270767748237524
0.0292148145918682	-0.0001627074250999019
0.03006088866482743	-0.0001627071710800624
0.03091119310815165	-0.00016270691540955237
0.0317657490736924	-0.00016270665807496145
0.03262457781906081	-0.0001627063990627204
0.03348770070815601	-0.00016270613835912975
0.034355139211696875	-0.00016270587595038392
0.035226914907755424	-0.00016270561182247332
0.03610304948229413	-0.0001627053459613103
0.03698356472970569	-0.0001627050783526423
0.03786848255335419	-0.0001627048089820383
0.038757824966120964	-0.00016270453783496697
0.03965161409095162	-0.0001627042648967249
0.04054987216140643	-0.00016270399015244383
0.04145262152221345	-0.0001627037135871367
0.04235988462982453	-0.00016270343518562502
0.04327168405297366	-0.00016270315493258222
0.0441880424732386	-0.00016270287281250183
0.04510898268560485	-0.00016270258880977093
0.046034527599032954	-0.00016270230290854834
0.04696470023702812	-0.00016270201509284841
0.04789952373821329	-0.00016270172534652578
0.048839021356904266	-0.0001627014336532371
0.04978321646368884	-0.00016270113999649057
0.05073213254600732	-0.00016270084435956604
0.05168579320873729	-0.00016270054672562693
0.052644222174780875	-0.0001627002470776013
0.05360744328565471	-0.0001626999453982732
0.054575480502083065	-0.00016269964167021385
0.055548357904593434	-0.00016269933587576856
0.056526099694116344	-0.00016269902799715826
0.0575087301925869	-0.00016269871801638278
0.05849627384354973	-0.00016269840591517123
0.05948875521276744	-0.00016269809167515962
0.06048619898883127	-0.00016269777527771613
0.061488629983775384	-0.00016269745670402147
0.06249607313369419	-0.000162697135934972
0.06350855349936275	-0.00016269681295137838
0.06452609626685958	-0.0001626964877337212
0.06554872674819387	-0.00016269616026231602
0.06657647038193484	-0.0001626958305172303
0.06760935273384447	-0.00016269549847830808
0.06864739949751365	-0.00016269516412516406
0.0696906364950013	-0.00016269482743718738
0.07073908967747639	-0.00016269448839351631
0.07179278512586384	-0.00016269414697302567
0.07285174905149322	-0.0001626938031543913
0.0739160077967507	-0.0001626934569159637
0.07498558783573436	-0.0001626931082359474
0.07606051577491299	-0.0001626927570922149
0.07714081835378758	-0.00016269240346235896
0.07822652244555647	-0.0001626920473237967
0.07931765505778425	-0.00016269168865357385
0.0804142433330731	-0.00016269132742853542
0.08151631454973848	-0.0001626909636252196
0.08262389612248718	-0.00016269059721985406
0.0837370156030995	-0.000162690228188437
0.0848557006811149	-0.000162689856506634
0.0859799791845205	-0.00016268948214985562
0.08710987908044313	-0.00016268910509317758
0.08824542847584534	-0.00016268872531133866
0.08938665561822454	-0.00016268834277885258
0.09053358889631567	-0.00016268795746988155
0.09168625684079722	-0.00016268756935823236
0.09284468812500112	-0.0001626871784174069
0.09400891156562617	-0.00016268678462062514
0.0951789561234543	-0.0001626863879407296
0.09635485090407148	-0.0001626859883501919
0.09753662515859184	-0.00016268558582119424
0.0987243082843847	-0.0001626851803255589
0.09991792982580656	-0.00016268477183469773
0.10111751947493569	-0.00016268436031975127
0.10232310707231031	-0.00016268394575140975
0.1035347226076718	-0.00016268352810002004
0.10475239622071016	-0.0001626831073355545
0.10597615820181366	-0.00016268268342758087
0.10720603899282274	-0.00016268225634529749
0.10844206918778684	-0.000162681826057499
0.10968427953372567	-0.00016268139253252975
0.1109327009313943	-0.00016268095573839672
0.11218736443605135	-0.00016268051564261875
0.11344830125823162	-0.00016268007221228943
0.11471554276452282	-0.00016267962541414882
0.11598912047834534	-0.00016267917521439848
0.11726906608073695	-0.00016267872157883648
0.11855541141114062	-0.00016267826447285234
0.11984818846819621	-0.00016267780386122632
0.12114742941053713	-0.00016267733970841687
0.12245316655758978	-0.00016267687197834535
0.1237654323903777	-0.00016267640063441263
0.12508425955232963	-0.00016267592563953245
0.12640968085009122	-0.000162675446956202
0.1277417292543416	-0.00016267496454630393
0.1290804379006133	-0.00016267447837121555
0.13042584009011637	-0.000162673988391802
0.1317779692905669	-0.00016267349456836684
0.13313685913701961	-0.00016267299686070048
0.13450254343270476	-0.00016267249522796426
0.13587505614986833	-0.0001626719896288457
0.13725443143061763	-0.0001626714800213452
0.13864070358777073	-0.0001626709663629414
0.14003390710570945	-0.0001626704486104996
0.14143407664123803	-0.0001626699267202326
0.1428412470244442	-0.0001626694006477949
0.1442554532595664	-0.00016266887034818627
0.14567673052586416	-0.00016266833577567564
0.1471051141784935	-0.00016266779688399392
0.14854063974938603	-0.00016266725362613726
0.149983342948133	-0.00016266670595443272
0.15143325966287374	-0.00016266615382051257
0.15289042596118813	-0.00016266559717528236
0.15435487809099402	-0.00016266503596896816
0.15582665248144906	-0.00016266447015101109
0.1573057857438562	-0.0001626638996701291
0.15879231467257537	-0.0001626633244742815
0.16028627624593816	-0.00016266274451067088
0.16178770762716785	-0.00016266215972563403
0.16329664616530362	-0.000162661570064772
0.16481312939613008	-0.00016266097547285548
0.1663371950431107	-0.00016266037589378912
0.16786888101832628	-0.00016265977127061655
0.1694082254234178	-0.0001626591615455729
0.1709552665505349	-0.00016265854665991735
0.17251004288328747	-0.00016265792655410994
0.17407259309770393	-0.0001626573011675509
0.17564295606319252	-0.00016265667043888804
0.17722117084350858	-0.00016265603430561364
0.17880727669772617	-0.00016265539270435866
0.18040131308121476	-0.00016265474557073566
0.18200331964662084	-0.0001626540928393566
0.18361333624485401	-0.0001626534344437424
0.18523140292607826	-0.00016265277031639777
0.18685755994070874	-0.00016265210038876281
0.1884918477404122	-0.0001626514245911427
0.19013430697911424	-0.00016265074285271746
0.1917849785140098	-0.00016265005510157187
0.19344390340657974	-0.00016264936126456365
0.19511112292361268	-0.0001626486612673677
0.1967866785382308	-0.0001626479550344984
0.19847061193092203	-0.00016264724248915514
0.20016296499057665	-0.00016264652355333124
0.20186377981552947	-0.00016264579814763883
0.2035730987146071	-0.00016264506619150117
0.20529096420818022	-0.00016264432760281007
0.20701741902922113	-0.0001626435822982695
0.20875250612436722	-0.00016264283019306987
0.210496268654989	-0.00016264207120097966
0.21224874999826396	-0.00016264130523427033
0.21400999374825516	-0.0001626405322038299
0.21578004371699644	-0.00016263975201886164
0.21755894393558148	-0.00016263896458712653
0.2193467386552594	-0.00016263816981471947
0.22114347234853576	-0.0001626373676061167
0.22294918971027836	-0.00016263655786413842
0.2247639356588297	-0.00016263574048989247
0.2265877553371239	-0.00016263491538275477
0.2284206941138094	-0.00016263408244028638
0.23026279758437848	-0.00016263324155827542
0.23211411157230027	-0.00016263239263059518
0.23397468213016168	-0.00016263153554925595
0.23584455554081238	-0.00016263067020434794
0.23772377831851643	-0.00016262979648384065
0.23961239721010893	-0.0001626289142738564
0.24151045919615952	-0.00016262802345826853
0.24341801149214037	-0.00016262712391892784
0.24533510154960114	-0.00016262621553542628
0.24726177705734917	-0.0001626252981852378
0.24919808594263576	-0.00016262437174341236
0.251144076372349	-0.0001626234360827817
0.2530997967542107	-0.0001626224910737126
0.2550652957379817	-0.00016262153658419643
0.2570406222166717	-0.00016262057247966202
0.2590258253277551	-0.00016261959862298866
0.26102095445439405	-0.00016261861487445366
0.2630260592266659	-0.00016261762109162715
0.2650411895227993	-0.0001626166171293474
0.2670663954704134	-0.00016261560283961437
0.26910172744776534	-0.00016261457807151614
0.27114723608500396	-0.0001626135426712683
0.27320297226542917	-0.00016261249648198087
0.27526898712675635	-0.00016261143934366361
0.27734533206239	-0.00016261037109319455
0.2794320587227019	-0.00016260929156416528
0.2815292190163153	-0.00016260820058678515
0.2836368651113967	-0.00016260709798789227
0.28575504943695385	-0.00016260598359079713
0.28788382468413853	-0.00016260485721519583
0.29002324380755934	-0.0001626037186771345
0.29217336002659705	-0.00016260256778881623
0.29433422682673016	-0.00016260140435857102
0.29650589796086374	-0.00016260022819074686
0.29868842745066804	-0.0001625990390856195
0.30088186958792124	-0.00016259783683931817
0.3030862789358609	-0.0001625966212435351
0.30530171033054027	-0.00016259539208564178
0.307528218882193	-0.00016259414914844686
0.30976585997660405	-0.00016259289221010558
0.312014689276487	-0.00016259162104401484
0.31427476272286925	-0.0001625903354186052
0.3165461365364837	-0.0001625890350972909
0.3188288672191662	-0.00016258771983835421
0.32112301155526213	-0.00016258638939470096
0.32342862661303834	-0.00016258504351375188
0.3257457697461036	-0.00016258368193740728
0.32807449859483384	-0.00016258230440167486
0.3304148710878078	-0.00016258091063672947
0.33276694544324686	-0.0001625795003665888
0.33513078017046305	-0.0001625780733090277
0.33750643407131514	-0.00016257662917531997
0.3398939662416715	-0.0001625751676702123
0.3422934360728799	-0.00016257368849150264
0.34470490325324404	-0.0001625721913300886
0.3471284277695101	-0.00016257067586953637
0.34956406990835764	-0.00016256914178606297
0.3520118902578995	-0.00016256758874827752
0.354471949709189	-0.00016256601641675348
0.3569443094577349	-0.0001625644244441633
0.3594290310050235	-0.00016256281247465423
0.3619261761600484	-0.00016256118014393032
0.3644358070408486	-0.00016255952707874697
0.36695798607605284	-0.00016255785289680865
0.36949277600643327	-0.00016255615720635523
0.37204023988646523	-0.00016255443960604338
0.3746004410858973	-0.00016255269968444778
0.3771734432913268	-0.00016255093701992028
0.3797593105077832	-0.00016254915118021866
0.3823581070603219	-0.0001625473417221561
0.38496989759562367	-0.00016254550819125982
0.3875947470836016	-0.00016254365012141592
0.3902327208190196	-0.0001625417670345416
0.3928838844231145	-0.0001625398584401654
0.39554830384522993	-0.00016253792383501403
0.3982260453644561	-0.00016253596270264994
0.4009171755912785	-0.00016253397451298178
0.40362176146923495	-0.00016253195872189868
0.40633987027658097	-0.00016252991477070815
0.4090715696279639	-0.00016252784208575658
0.4118169274761037	-0.00016252574007790272
0.4145760121134843	-0.00016252360814194644
0.4173488921740515	-0.00016252144565610173
0.4201356366349219	-0.00016251925198152497
0.42293631481809635	-0.00016251702646162143
0.4257509963921868	-0.00016251476842149895
0.42857975137414767	-0.0001625124771673541
0.43142265013101855	-0.00016251015198569954
0.43427976338167373	-0.00016250779214296388
0.43715116219858224	-0.00016250539688433843
0.44003691800957523	-0.00016250296543338433
0.44293710259962304	-0.0001625004969912597
0.4458517881126211	-0.00016249799073563706
0.44878104705318417	-0.00016249544582016748
0.45172495228844983	-0.0001624928613734551
0.45468357704989204	-0.00016249023649811395
0.4576569949351413	-0.0001624875702699443
0.46064527990981685	-0.00016248486173681646
0.4636485063093658	-0.00016248210991774017
0.4666667488409128	-0.00016247931380164893
0.4697000825851173	-0.000162476472346448
0.4727485829980427	-0.000162473584477672
0.47581232591303285	-0.00016247064908738002
0.478891387542598	-0.00016246766503273641
0.48198584448031084	-0.0001624646311347658
0.4850957737027124	-0.00016246154617693555
0.48822125257122595	-0.00016245840890368298
0.49136235883408197	-0.00016245521801878395
0.4945191706282523	-0.00016245197218384055
0.4976917664813935	-0.000162448670016579
0.5008802253138004	-0.00016244531008909282
0.5040846264403696	-0.000162441890925793
0.5073050495725715	-0.00016243841100190234
0.5105415748204343	-0.0001624348687409416
0.5137942826945365	-0.0001624312625129102
0.517063254108009	-0.00016242759063188672
0.5203485703785492	-0.00016242385135370205
0.5236503132304419	-0.0001624200428736415
0.5269685647965939	-0.00016241616332354934
0.5303034076205766	-0.0001624122107693722
0.5336549246586795	-0.00016240818320816363
0.5370231992819728	-0.0001624040785651616
0.5404083152783826	-0.00016239989469048503
0.5438103568547747	-0.0001623956293559821
0.5472294086390483	-0.0001623912802515911
0.5506655556822436	-0.00016238684498172767
0.5541188834606549	-0.0001623823210613903
0.5575894778779582	-0.00016237770591203017
0.5610774252673477	-0.00016237299685724
0.5645828123936844	-0.00016236819111825832
0.5681057264556525	-0.00016236328580913393
0.5716462550879309	-0.00016235827793162312
0.5752044863633705	-0.00016235316436985297
0.5787805087951873	-0.00016234794188470686
0.5823744113391631	-0.00016234260710773631
0.5859862833958588	-0.00016233715653500146
0.5896162148128381	-0.00016233158652019343
0.5932642958869024	-0.00016232589326756596
0.5969306173663369	-0.00016232007282459662
0.6006152704531684	-0.00016231412107381275
0.6043183468054344	-0.00016230803372444747
0.6080399385394615	-0.0001623018063034689
0.6117801382321587	-0.00016229543414603457
0.6155390389233192	-0.00016228891238537972
0.6193167341179359	-0.0001622822359420647
0.6231133177885255	-0.00016227539951248484
0.6269288843774683	-0.00016226839755676444
0.6307635287993556	-0.0001622612242857469
0.6346173464433522	-0.000162253873647004
0.6384904331755688	-0.00016224633931030696
0.6423828853414466	-0.00016223861465165551
0.6462947997681537	-0.00016223069273635458
0.6502262737669944	-0.00016222256630116206
0.6541774051358293	-0.0001622142277348261
0.6581482921615082	-0.00016220566905732642
0.6621390336223156	-0.00016219688189769759
0.6661497287904271	-0.000162187857470149
0.6701804774343789	-0.00016217858654831962
0.6742313798215507	-0.00016216905943771125
0.6783025367206585	-0.00016215926594582847
0.682394049404262	-0.00016214919535013344
0.6865060196512833	-0.00016213883636317727
0.6906385497495399	-0.00016212817709518147
0.6947917424982876	-0.00016211720501327175
0.6989657012107791	-0.0001621059068973395
0.7031605297168331	-0.00016209426879225226
0.7073763323654171	-0.00016208227595535508
0.7116132140272443	-0.0001620699128001007
0.7158712800973803	-0.00016205716283356907
0.7201506364978669	-0.0001620440085889388
0.724451389680356	-0.00016203043155103096
0.7287736466287575	-0.00016201641207494786
0.7331175148619014	-0.0001620019292964076
0.737483102436211	-0.0001619869610330532
0.7418705179483918	-0.00016197148367564138
0.7462798705381338	-0.00016195547206771934
0.7507112698908246	-0.0001619388993723776
0.7551648262402787	-0.00016192173692413238
0.7596406503714802	-0.00016190395406451448
0.7641388536233378	-0.00016188551795877002
0.7686595478914543	-0.00016186639339110283
0.7732028456309116	-0.00016184654253559162
0.777768859859066	-0.00016182592469959908
0.7823577041583611	-0.00016180449603544325
0.7869694926791531	-0.00016178220921601318
0.7916043401425489	-0.00016175901306919396
0.7962623618432616	-0.00016173485216488384
0.8009436736524779	-0.00016170966634825916
0.8056483920207402	-0.00016168339021061095
0.8103766339808439	-0.0001616559524895185
0.8151285171507483	-0.0001616272753867806
0.8199041597365018	-0.00016159727379300558
0.8247036805351844	-0.00016156585440427928
0.8295271989378604	-0.00016153291471487303
0.8343748349325497	-0.00016149834186773013
0.8392467091072124	-0.00016146201134130902
0.8441429426527486	-0.000161423785448081
0.8490636573660123	-0.0001613835116169886
0.8540089756528424	-0.0001613410204270337
0.8589790205311068	-0.00016129612335501084
0.8639739156337622	-0.00016124861019445883
0.868973915633762	-0.0001611984504830267
0.8739739156337618	-0.000161145473727358
0.8789739156337616	-0.00016108943821502902
0.8839739156337615	-0.0001610300755138335
0.8889739156337613	-0.00016096708736099992
0.893973915633761	-0.0001609001420657515
0.8989739156337608	-0.0001608288704812522
0.9039739156337606	-0.00016075286149461792
0.9089739156337604	-0.00016067165698008357
0.9139739156337602	-0.00016058474615079988
0.91897391563376	-0.00016049155923922168
0.9239739156337599	-0.0001603914604254758
0.9289739156337596	-0.00016028373992408231
0.9339739156337594	-0.00016016760512819865
0.9389739156337592	-0.0001600421706960035
0.943973915633759	-0.00015990644745143227
0.9489739156337588	-0.00015975932995358904
0.9539739156337586	-0.00015959958257019658
0.9589739156337583	-0.0001594258238703841
0.9639739156337582	-0.00015923650912623224
0.968973915633758	-0.00015902991068563613
0.9739739156337578	-0.00015880409594782935
0.9789739156337576	-0.00015855690263511261
0.9839739156337574	-0.00015828591101398659
0.9889739156337571	-0.00015798841266958518
0.9939739156337569	-0.00015766137538161194
0.9989739156337567	-0.0001573014035843949
1.0039739156337566	-0.0001569046938176416
1.0089739156337563	-0.00015646698448558996
1.0139739156337562	-0.0001559834991359861
1.0189739156337558	-0.0001554488823497608
1.0239739156337557	-0.00015485712718338527
1.0289739156337556	-0.00015420149293913956
1.0339739156337553	-0.00015347441183516007
1.0389739156337552	-0.0001526673829115436
1.0439739156337549	-0.00015177085123505366
1.0489739156337547	-0.00015077407014078324
1.0539739156337544	-0.00014966494388018778
1.0589739156337543	-0.00014842984761702358
1.0639739156337542	-0.00014705342122431573
1.0689739156337539	-0.0001455183327937702
1.0739739156337538	-0.00014380500715898374
1.0789739156337534	-0.00014189131408058527
1.0839739156337533	-0.0001397522100405108
1.088973915633753	-0.00013735932688317237
1.093973915633753	-0.00013468049983793602
1.0989739156337526	-0.00013167922683114658
1.1039739156337525	-0.00012831405049211527
1.1089739156337524	-0.00012453785398714392
1.113973915633752	-0.00012029706187539613
1.118973915633752	-0.00011553073773334185
1.1239739156337516	-0.00011016957148611717
1.1289739156337515	-0.00010413475142365384
1.1339739156337512	-9.733671894259294e-5
1.138973915633751	-8.96738083101646e-5
1.143973915633751	-8.103077930175434e-5
1.1489739156337506	-7.12772573629298e-5
1.1539739156337505	-6.026610375245245e-5
1.1589739156337502	-4.7831746316434986e-5
1.16397391563375	-3.378850911633269e-5
1.1689739156337497	-1.792898448501033e-5
1.1739739156337496	-2.24921287687064e-8
1.1789739156337493	2.0186335910699033e-5
1.1839739156337492	4.29788207948185e-5
1.187980436725312	6.331685431279195e-5
1.1919869578168745	8.568035094105308e-5
1.1959934789084372	0.00011025544738283123
1.2	0.00013723794577528945
