0.0006999999999999628	-0.0001607811359732909
0.001403500000000035	-0.00016077092122424808
0.0021105174999999296	-0.0001607707287982062
0.0028210700874998964	-0.0001607706748357926
0.003535175437937438	-0.00016077062255375043
0.004252851315127062	-0.0001607705700556557
0.004974115571702636	-0.00016077051731255132
0.005698986149561044	-0.00016077046432174172
0.006427481080308875	-0.00016077041108110925
0.007159618485710418	-0.00016077035758870585
0.007895416578138905	-0.0001607703038426798
0.008634893661029494	-0.0001607702498412546
0.00937806812933463	-0.00016077019558267115
0.010124958469981361	-0.0001607701410652783
0.010875583262331262	-0.00016077008628739882
0.01162996117864295	-0.0001607700312475058
0.012388110984536127	-0.0001607699759439612
0.013150051539458866	-0.00016076992037522263
0.013915801797156208	-0.00016076986453973682
0.014685380806142003	-0.00016076980843598648
0.015458807710172712	-0.0001607697520624701
0.01623610174872358	-0.00016076969541765755
0.017017282257467212	-0.00016076963850006345
0.017802368668754516	-0.00016076958130821002
0.01859138051209827	-0.00016076952384058658
0.019384337414658823	-0.00016076946609567153
0.020181259101732015	-0.00016076940807208784
0.020982165397240727	-0.00016076934976824188
0.02178707622422691	-0.00016076929118267666
0.02259601160534814	-0.00016076923231393453
0.02340899166337483	-0.00016076917316054496
0.024226036621691812	-0.00016076911372096188
0.02504716680480027	-0.00016076905399372242
0.025872402638824326	-0.00016076899397738398
0.02670176465201842	-0.00016076893367037012
0.02753527347527842	-0.0001607688730712391
0.028372949842654864	-0.00016076881217844938
0.0292148145918682	-0.00016076875099050873
0.03006088866482743	-0.0001607686895059117
0.03091119310815165	-0.00016076862772315383
0.0317657490736924	-0.0001607685656406722
0.03262457781906081	-0.00016076850325701618
0.03348770070815601	-0.0001607684405705607
0.034355139211696875	-0.0001607683775798377
0.035226914907755424	-0.00016076831428329203
0.03610304948229413	-0.00016076825067934758
0.03698356472970569	-0.00016076818676649706
0.03786848255335419	-0.00016076812254314375
0.038757824966120964	-0.0001607680580077624
0.03965161409095162	-0.00016076799315870933
0.04054987216140643	-0.0001607679279944875
0.04145262152221345	-0.00016076786251344286
0.04235988462982453	-0.00016076779671406473
0.04327168405297366	-0.0001607677305946558
0.0441880424732386	-0.00016076766415370347
0.04510898268560485	-0.0001607675973895731
0.046034527599032954	-0.0001607675303005992
0.04696470023702812	-0.00016076746288519683
0.04789952373821329	-0.00016076739514175515
0.048839021356904266	-0.00016076732706859364
0.04978321646368884	-0.00016076725866405993
0.05073213254600732	-0.00016076718992651007
0.05168579320873729	-0.00016076712085435395
0.052644222174780875	-0.0001607670514458036
0.05360744328565471	-0.00016076698169927502
0.054575480502083065	-0.00016076691161303748
0.05554835790459365	-0.00016076684118543114
0.05652609969411678	-0.0001607667704147297
0.05750873019258755	-0.00016076669929927507
0.05849627384355038	-0.00016076662783725512
0.05948875521276831	-0.00016076655602700684
0.060486198988831924	-0.00016076648386679606
0.061488629983776036	-0.0001607664113549072
0.062496073133695054	-0.00016076633848955506
0.06350855349936363	-0.00016076626526900518
0.06452609626686023	-0.00016076619169145127
0.06554872674819473	-0.00016076611775522082
0.0665764703819355	-0.00016076604345841377
0.06760935273384511	-0.00016076596879931624
0.06864739949751451	-0.00016076589377611608
0.06969063649500218	-0.00016076581838696342
0.07073908967747725	-0.0001607657426301238
0.07179278512586448	-0.000160765666503707
0.07285174905149387	-0.0001607655900059261
0.07391600779675113	-0.00016076551313485863
0.07498558783573481	-0.00016076543588871273
0.07606051577491364	-0.00016076535826560267
0.07714081835378801	-0.00016076528026374754
0.0782265224455569	-0.00016076520188110786
0.07931765505778446	-0.00016076512311594688
0.08041424333307354	-0.00016076504396628683
0.08151631454973869	-0.00016076496443021782
0.08262389612248718	-0.00016076488450582195
0.08373701560309972	-0.00016076480419122995
0.08485570068111534	-0.00016076472348442228
0.08597997918452092	-0.00016076464238354253
0.08710987908044335	-0.00016076456088653774
0.08824542847584554	-0.0001607644789915421
0.08938665561822474	-0.0001607643966964095
0.0905335888963159	-0.00016076431399935834
0.09168625684079766	-0.00016076423089833917
0.09284468812500156	-0.00016076414739122304
0.09400891156562662	-0.00016076406347610085
0.09517895612345495	-0.00016076397915092098
0.09635485090407213	-0.0001607638944135961
0.09753662515859228	-0.00016076380926219048
0.09872430828438533	-0.00016076372369453723
0.09991792982580742	-0.0001607636377085701
0.10111751947493633	-0.0001607635513023178
0.10232310707231096	-0.00016076346447349912
0.10353472260767245	-0.00016076337722021933
0.1047523962207106	-0.0001607632895401678
0.1059761582018141	-0.0001607632014313596
0.10720603899282295	-0.00016076311289154932
0.10844206918778705	-0.0001607630239187148
0.10968427953372589	-0.0001607629345105662
0.11093270093139453	-0.0001607628446649733
0.11218736443605157	-0.00016076275437980323
0.11344830125823162	-0.00016076266365279513
0.11471554276452282	-0.00016076257248174894
0.11598912047834534	-0.00016076248086443934
0.11726906608073716	-0.00016076238879864796
0.11855541141114084	-0.00016076229628218117
0.11984818846819666	-0.0001607622033126236
0.12114742941053756	-0.00016076210988787764
0.12245316655759021	-0.00016076201600557675
0.12376543239037813	-0.0001607619216634145
0.12508425955233007	-0.00016076182685907436
0.12640968085009188	-0.00016076173159027058
0.12774172925434224	-0.0001607616358546508
0.12908043790061416	-0.00016076153964983246
0.13042584009011704	-0.00016076144297357236
0.13177796929056776	-0.00016076134582334914
0.1331368591370207	-0.0001607612481968173
0.13450254343270562	-0.00016076115009155866
0.13587505614986897	-0.00016076105150521252
0.1372544314306183	-0.000160760952435303
0.13864070358777136	-0.00016076085287943897
0.14003390710571012	-0.00016076075283507138
0.14143407664123844	-0.00016076065229975856
0.14284124702444484	-0.0001607605512710328
0.14425545325956707	-0.0001607604497463847
0.1456767305258648	-0.00016076034772328452
0.14710511417849395	-0.0001607602451991636
0.14854063974938644	-0.00016076014217150552
0.14998334294813345	-0.0001607600386377204
0.1514332596628742	-0.00016075993459524384
0.15289042596118857	-0.00016075983004151524
0.15435487809099444	-0.00016075972497388912
0.15582665248144925	-0.0001607596193896753
0.15730578574385642	-0.0001607595132863404
0.1587923146725756	-0.00016075940666110308
0.1602862762459386	-0.00016075929951139527
0.1617877076271685	-0.00016075919183445824
0.16329664616530448	-0.00016075908362757195
0.16481312939613094	-0.0001607589748880159
0.16633719504311156	-0.00016075886561310024
0.16786888101832692	-0.00016075875579993592
0.16940822542341866	-0.00016075864544586114
0.17095526655053575	-0.00016075853454801232
0.17251004288328856	-0.00016075842310355284
0.1740725930977048	-0.0001607583111096903
0.1756429560631934	-0.00016075819856352754
0.17722117084350925	-0.0001607580854621978
0.17880727669772659	-0.00016075797180284737
0.18040131308121543	-0.00016075785758250428
0.18200331964662148	-0.00016075774279829827
0.18361333624485465	-0.00016075762744719338
0.18523140292607912	-0.00016075751152627046
0.18685755994070938	-0.00016075739503249145
0.18849184774041308	-0.00016075727796285898
0.19013430697911532	-0.00016075716031440097
0.19178497851401088	-0.00016075704208392096
0.19344390340658082	-0.00016075692326846598
0.19511112292361377	-0.00016075680386490115
0.1967866785382319	-0.00016075668387002115
0.19847061193092289	-0.0001607565632807684
0.2001629649905775	-0.00016075644209396502
0.20186377981553055	-0.0001607563203064396
0.20357309871460819	-0.00016075619791489133
0.2052909642081813	-0.00016075607491612383
0.207017419029222	-0.00016075595130689733
0.20875250612436788	-0.00016075582708389278
0.21049626865498966	-0.00016075570224380055
0.21224874999826462	-0.00016075557678330498
0.21400999374825602	-0.00016075545069903194
0.2157800437169973	-0.00016075532398759074
0.21755894393558234	-0.00016075519664560074
0.21934673865526005	-0.00016075506866945256
0.2211434723485364	-0.0001607549400559158
0.22294918971027902	-0.00016075481080138725
0.22476393565883038	-0.00016075468090227354
0.22658775533712455	-0.0001607545503551116
0.22842069411381005	-0.00016075441915629245
0.23026279758437915	-0.0001607542873022187
0.23211411157230094	-0.00016075415478923735
0.23397468213016254	-0.00016075402161364497
0.23584455554081346	-0.00016075388777180005
0.23772377831851751	-0.00016075375325993614
0.23961239721011024	-0.00016075361807427625
0.24151045919616082	-0.00016075348221103946
0.24341801149214168	-0.00016075334566641075
0.24533510154960245	-0.0001607532084364612
0.24726177705735047	-0.0001607530705174232
0.2491980859426373	-0.00016075293190518855
0.25114407637235053	-0.00016075279259593686
0.2530997967542124	-0.00016075265258564157
0.2550652957379834	-0.00016075251187018706
0.2570406222166734	-0.00016075237044556255
0.25902582532775686	-0.00016075222830758454
0.26102095445439577	-0.00016075208545221834
0.2630260592266676	-0.00016075194187515772
0.26504118952280104	-0.0001607517975721973
0.26706639547041516	-0.00016075165253914535
0.26910172744776706	-0.00016075150677153353
0.27114723608500574	-0.00016075136026517616
0.2732029722654309	-0.00016075121301556026
0.2752689871267581	-0.00016075106501827317
0.2773453320623917	-0.00016075091626881145
0.2794320587227036	-0.00016075076676266275
0.281529219016317	-0.0001607506164952667
0.2836368651113984	-0.00016075046546202236
0.28575504943695557	-0.00016075031365810427
0.28788382468414025	-0.0001607501610789303
0.2900232438075611	-0.00016075000771968744
0.29217336002659877	-0.0001607498535755046
0.29433422682673194	-0.0001607496986415364
0.29650589796086546	-0.00016074954291294248
0.29868842745066976	-0.0001607493863845339
0.30088186958792296	-0.0001607492290514188
0.30308627893586265	-0.00016074907090845005
0.305301710330542	-0.00016074891195047407
0.3075282188821948	-0.00016074875217222473
0.30976585997660583	-0.00016074859156846677
0.31201468927648873	-0.00016074843013397005
0.31427476272287097	-0.0001607482678630708
0.3165461365364855	-0.00016074810475055168
0.318828867219168	-0.00016074794079064207
0.3211230115552639	-0.00016074777597797435
0.32342862661304006	-0.0001607476103066833
0.3257457697461053	-0.00016074744377112923
0.32807449859483556	-0.0001607472763654778
0.33041487108780954	-0.00016074710808373308
0.3327669454432486	-0.00016074693892006889
0.33513078017046477	-0.0001607467688683825
0.33750643407131686	-0.0001607465979224257
0.33989396624167323	-0.00016074642607612216
0.3422934360728816	-0.00016074625332323806
0.34470490325324576	-0.0001607460796572985
0.3471284277695118	-0.00016074590507170138
0.34956406990835936	-0.00016074572956014367
0.3520118902579012	-0.00016074555311580254
0.3544719497091907	-0.00016074537573196538
0.35694430945773664	-0.00016074519740179593
0.3594290310050252	-0.00016074501811836787
0.36192617616005013	-0.00016074483787455497
0.3644358070408504	-0.00016074465666329112
0.36695798607605457	-0.0001607444744772933
0.36949277600643504	-0.00016074429130917263
0.37204023988646695	-0.0001607441071513658
0.374600441085899	-0.0001607439219963803
0.3771734432913285	-0.00016074373583653304
0.379759310507785	-0.00016074354866376162
0.3823581070603237	-0.00016074336047033222
0.3849698975956254	-0.00016074317124794817
0.3875947470836033	-0.00016074298098848458
0.39023272081902133	-0.00016074278968360316
0.3928838844231162	-0.00016074259732467525
0.39554830384523165	-0.0001607424039030607
0.3982260453644579	-0.00016074220940989927
0.4009171755912802	-0.0001607420138364486
0.4036217614692367	-0.0001607418171732675
0.4063398702765827	-0.00016074161941129176
0.40907156962796565	-0.00016074142054101341
0.41181692747610543	-0.00016074122055271945
0.41457601211348605	-0.00016074101943676396
0.4173488921740533	-0.000160740817183035
0.4201356366349237	-0.0001607406137813599
0.42293631481809807	-0.00016074040922138837
0.4257509963921885	-0.0001607402034925058
0.42857975137414944	-0.00016073999658400628
0.4314226501310203	-0.00016073978848491955
0.43427976338167545	-0.00016073957918391637
0.43715116219858396	-0.000160739368669671
0.440036918009577	-0.00016073915693042394
0.44293710259962477	-0.00016073894395442662
0.4458517881126228	-0.0001607387297292867
0.4487810470531859	-0.00016073851424265693
0.45172495228845155	-0.00016073829748201822
0.45468357704989376	-0.00016073807943423944
0.45765699493514306	-0.0001607378600861276
0.46064527990981863	-0.00016073763942415676
0.4636485063093676	-0.0001607374174345497
0.4666667488409145	-0.00016073719410310936
0.4697000825851191	-0.00016073696941542294
0.4727485829980444	-0.0001607367433566017
0.4758123259130346	-0.00016073651591160982
0.47889138754259974	-0.00016073628706480644
0.4819858444803126	-0.00016073605680049202
0.4850957737027142	-0.00016073582510236448
0.48822125257122767	-0.00016073559195378025
0.49136235883408375	-0.0001607353573376841
0.49451917062825407	-0.00016073512123662787
0.49769176648139524	-0.00016073488363265112
0.5008802253138022	-0.00016073464450743055
0.5040846264403713	-0.0001607344038421022
0.5073050495725733	-0.00016073416161738142
0.510541574820436	-0.00016073391781338457
0.5137942826945383	-0.00016073367240981417
0.5170632541080108	-0.00016073342538569394
0.520348570378551	-0.00016073317671979684
0.5236503132304436	-0.00016073292638979782
0.5269685647965956	-0.0001607326743731846
0.5303034076205784	-0.0001607324206466797
0.5336549246586811	-0.00016073216518623298
0.5370231992819746	-0.00016073190796730502
0.5404083152783844	-0.0001607316489646385
0.5438103568547764	-0.0001607313881520616
0.5472294086390501	-0.00016073112550273839
0.5506655556822453	-0.00016073086098912485
0.5541188834606565	-0.00016073059458274766
0.5575894778779599	-0.00016073032625427315
0.5610774252673494	-0.00016073005597341594
0.564582812393686	-0.00016072978370914828
0.5681057264556543	-0.00016072950942934203
0.5716462550879327	-0.00016072923310076352
0.5752044863633723	-0.00016072895468942757
0.578780508795189	-0.00016072867415980506
0.5823744113391649	-0.00016072839147560536
0.5859862833958606	-0.00016072810659924382
0.5896162148128399	-0.00016072781949179085
0.5932642958869042	-0.0001607275301130691
0.5969306173663387	-0.0001607272384215117
0.6006152704531702	-0.00016072694437410206
0.6043183468054361	-0.00016072664792657937
0.6080399385394633	-0.000160726349032826
0.6117801382321605	-0.00016072604764523
0.615539038923321	-0.00016072574371449552
0.6193167341179376	-0.0001607254371894999
0.6231133177885273	-0.00016072512801725388
0.6269288843774701	-0.00016072481614305115
0.6307635287993573	-0.00016072450150979078
0.6346173464433539	-0.00016072418405853287
0.6384904331755705	-0.00016072386372784796
0.6423828853414483	-0.0001607235404541416
0.6462947997681555	-0.00016072321417148224
0.6502262737669962	-0.00016072288481095478
0.6541774051358311	-0.0001607225523012423
0.6581482921615099	-0.0001607222165681765
0.6621390336223173	-0.0001607218775346664
0.6661497287904288	-0.00016072153511998414
0.6701804774343807	-0.00016072118924087122
0.6742313798215525	-0.00016072083980991857
0.6783025367206603	-0.00016072048673643338
0.6823940494042636	-0.00016072012992590778
0.6865060196512851	-0.0001607197692795038
0.6906385497495416	-0.00016071940469425633
0.6947917424982893	-0.00016071903606286036
0.6989657012107808	-0.00016071866327296234
0.7031605297168348	-0.00016071828620736026
0.7073763323654189	-0.00016071790474368486
0.7116132140272461	-0.0001607175187536568
0.715871280097382	-0.00016071712810346046
0.7201506364978687	-0.0001607167326525254
0.7244513896803577	-0.00016071633225438154
0.7287736466287593	-0.00016071592675499015
0.733117514861903	-0.0001607155159929213
0.7374831024362126	-0.00016071509979930415
0.7418705179483935	-0.00016071467799650638
0.7462798705381356	-0.00016071425039823218
0.7507112698908263	-0.00016071381680889205
0.7551648262402804	-0.00016071337702272667
0.759640650371482	-0.00016071293082350828
0.7641388536233394	-0.000160712477983581
0.7686595478914561	-0.00016071201826344477
0.7732028456309133	-0.00016071155141073759
0.7777688598590677	-0.00016071107715936913
0.7823577041583629	-0.00016071059522906298
0.7869694926791548	-0.00016071010532332455
0.7916043401425507	-0.0001607096071296575
0.7962623618432633	-0.00016070910031753695
0.8009436736524796	-0.00016070858453755017
0.805648392020742	-0.00016070805941973196
0.8103766339808457	-0.0001607075245724573
0.81512851715075	-0.00016070697958079188
0.8199041597365035	-0.00016070642400418332
0.8247036805351862	-0.00016070585737533945
0.8295271989378621	-0.00016070527919781133
0.8343748349325514	-0.0001607046889436327
0.8392467091072142	-0.00016070408605106166
0.8441429426527504	-0.00016070346992158748
0.849063657366014	-0.00016070283991748157
0.8540089756528442	-0.0001607021953576702
0.8589790205311084	-0.00016070153551494377
0.863973915633764	-0.00016070085961151516
0.8689739156337638	-0.00016070016858954763
0.8739739156337636	-0.00016069946314900527
0.8789739156337634	-0.00016069874283647478
0.8839739156337632	-0.00016069800690293767
0.8889739156337629	-0.00016069725455045706
0.8939739156337627	-0.00016069648492937977
0.8989739156337626	-0.00016069569713336238
0.9039739156337624	-0.00016069489019452691
0.9089739156337622	-0.0001606940630786375
0.913973915633762	-0.00016069321467832864
0.9189739156337617	-0.00016069234380616904
0.9239739156337615	-0.0001606914491880744
0.9289739156337613	-0.0001606905294536273
0.9339739156337611	-0.00016068958312684853
0.938973915633761	-0.00016068860861547367
0.9439739156337608	-0.00016068760419836312
0.9489739156337605	-0.0001606865680110788
0.9539739156337603	-0.00016068549803059906
0.9589739156337601	-0.00016068439205648273
0.9639739156337599	-0.00016068324768958944
0.9689739156337597	-0.000160682062308503
0.9739739156337595	-0.00016068083304146528
0.9789739156337594	-0.00016067955673369872
0.9839739156337591	-0.00016067822991072442
0.9889739156337589	-0.00016067684873469012
0.9939739156337587	-0.00016067540895380473
0.9989739156337585	-0.00016067390584357456
1.0039739156337584	-0.0001606723341380196
1.008973915633758	-0.0001606706879483934
1.013973915633758	-0.0001606689606689378
1.0189739156337576	-0.00016066714486452657
1.0239739156337575	-0.0001606652321397107
1.0289739156337572	-0.00016066321298251063
1.033973915633757	-0.00016066107658078656
1.038973915633757	-0.00016065881060385852
1.0439739156337566	-0.0001606564009444243
1.0489739156337565	-0.00016065383140974142
1.0539739156337562	-0.00016065108335720638
1.058973915633756	-0.0001606481352569369
1.0639739156337558	-0.00016064496217326903
1.0689739156337557	-0.00016064153514271578
1.0739739156337553	-0.00016063782043324566
1.0789739156337552	-0.00016063377865578867
1.0839739156337551	-0.0001606293637030529
1.0889739156337548	-0.00016062452147616374
1.0939739156337547	-0.00016061918835878866
1.0989739156337544	-0.00016061328938744317
1.1039739156337542	-0.00016060673605302548
1.108973915633754	-0.00016059942366256563
1.1139739156337538	-0.0001605912281671891
1.1189739156337537	-0.00016058200235035276
1.1239739156337534	-0.00016057157124249559
1.1289739156337533	-0.00016055972660442686
1.133973915633753	-0.00016054622028886852
1.1389739156337528	-0.00016053075624849545
1.1439739156337525	-0.00016051298091411547
1.1489739156337524	-0.0001604924716045711
1.153973915633752	-0.00016046872256936947
1.158973915633752	-0.00016044112817188865
1.1639739156337519	-0.0001604089626313755
1.1689739156337515	-0.00016037135561301782
1.1739739156337514	-0.00016032726281915065
1.178973915633751	-0.0001602754305533267
1.183973915633751	-0.00016021435302789787
1.1889739156337507	-0.00016014222092750443
1.1939739156337505	-0.0001600568594445456
1.1989739156337504	-0.0001599556536375534
1.2039739156337501	-0.00015983545852648728
1.20897391563375	-0.00015969249081304793
1.2139739156337497	-0.00015952219848314251
1.2189739156337496	-0.00015931910377730882
1.2239739156337492	-0.00015907661409998846
1.2289739156337491	-0.0001587867943101491
1.2339739156337488	-0.00015844009248898742
1.2389739156337487	-0.00015802500962557134
1.2439739156337486	-0.00015752770166861763
1.2489739156337483	-0.00015693149995648929
1.2539739156337482	-0.00015621633308333864
1.2589739156337478	-0.0001553580296821011
1.2639739156337477	-0.0001543274772708877
1.2689739156337474	-0.00015308960710293517
1.2739739156337473	-0.00015160216873024161
1.2789739156337472	-0.0001498142505850886
1.2839739156337469	-0.00014766449416032983
1.2889739156337467	-0.00014507893915919113
1.2939739156337464	-0.00014196842515991147
1.2989739156337463	-0.00013822546174316924
1.303973915633746	-0.00013372046359214675
1.3089739156337459	-0.0001282972297536065
1.3139739156337455	-0.00012176752717639656
1.3189739156337454	-0.00011390461817612095
1.3239739156337453	-0.00010443555036115771
1.328973915633745	-9.303200710062877e-5
1.333973915633745	-7.929949897607758e-5
1.3389739156337446	-6.276466509427115e-5
1.3439739156337445	-4.286045246330115e-5
1.3489739156337441	-1.8908958605133077e-5
1.353973915633744	9.8982336227593e-6
1.358973915633744	4.4522317434233316e-5
1.3639739156337436	8.610207196832671e-5
1.3689739156337435	0.00013598096576343955
1.3739739156337432	0.00019573600312004753
1.378973915633743	0.000267207362191248
1.3839739156337427	0.00035252736086201003
1.3879804367253072	0.00043267650562920084
1.3919869578168715	0.0005245620660869265
1.395993478908436	0.0006298831310738907
1.4	0.0007503484844356255
