0.0006999999999999628	-0.00017872159625202807
0.001403500000000035	-0.00017871652977024822
0.0021105174999999296	-0.00017871627518452378
0.0028210700874998964	-0.00017871606612188123
0.003535175437937438	-0.00017871585614563765
0.004252851315127062	-0.0001787156447803551
0.004974115571702636	-0.00017871543200940427
0.005698986149561044	-0.0001787152178210156
0.006427481080308875	-0.0001787150022035282
0.007159618485710418	-0.00017871478514528178
0.007895416578138905	-0.00017871456663452376
0.008634893661029494	-0.0001787143466596899
0.00937806812933463	-0.0001787141252088939
0.010124958469981361	-0.00017871390227029146
0.010875583262331262	-0.00017871367783191936
0.01162996117864295	-0.00017871345188181213
0.012388110984536127	-0.0001787132244079773
0.013150051539458866	-0.00017871299539813648
0.013915801797156208	-0.00017871276484000357
0.014685380806142003	-0.00017871253272131837
0.015458807710172712	-0.00017871229902962125
0.01623610174872358	-0.0001787120637522993
0.017017282257467212	-0.0001787118268767883
0.017802368668754516	-0.00017871158839025323
0.01859138051209827	-0.00017871134827988206
0.019384337414658823	-0.00017871110653269506
0.020181259101732015	-0.00017871086313573186
0.020982165397240727	-0.00017871061807577128
0.02178707622422691	-0.0001787103713393833
0.02259601160534814	-0.00017871012291332443
0.02340899166337483	-0.00017870987278405
0.024226036621691812	-0.0001787096209378975
0.02504716680480027	-0.00017870936736129222
0.025872402638824326	-0.00017870911204020007
0.02670176465201842	-0.00017870885496071046
0.02753527347527842	-0.00017870859610875746
0.028372949842654864	-0.00017870833547011514
0.0292148145918682	-0.00017870807303052363
0.03006088866482743	-0.00017870780877537188
0.03091119310815165	-0.00017870754269033422
0.0317657490736924	-0.00017870727476051226
0.03262457781906081	-0.00017870700497122198
0.03348770070815601	-0.00017870673330736776
0.034355139211696875	-0.00017870645975410205
0.035226914907755424	-0.00017870618429601114
0.03610304948229413	-0.00017870590691791452
0.03698356472970569	-0.00017870562760433203
0.03786848255335419	-0.0001787053463396195
0.038757824966120964	-0.0001787050631081758
0.03965161409095162	-0.00017870477789408223
0.04054987216140643	-0.00017870449068135507
0.04145262152221345	-0.0001787042014539289
0.04235988462982453	-0.00017870391019551767
0.04327168405297366	-0.00017870361688979898
0.0441880424732386	-0.0001787033215202208
0.04510898268560485	-0.00017870302407009132
0.046034527599032954	-0.0001787027245226905
0.04696470023702812	-0.00017870242286109928
0.04789952373821329	-0.0001787021190682222
0.048839021356904266	-0.0001787018131268437
0.04978321646368884	-0.00017870150501959146
0.05073213254600732	-0.0001787011947290129
0.05168579320873729	-0.00017870088223755106
0.052644222174780875	-0.00017870056752730464
0.05360744328565471	-0.00017870025058051386
0.054575480502083065	-0.00017869993137898594
0.05554835790459365	-0.00017869960990461107
0.05652609969411678	-0.00017869928613891434
0.05750873019258755	-0.00017869896006353372
0.05849627384355038	-0.00017869863165979272
0.05948875521276831	-0.00017869830090885702
0.060486198988831924	-0.00017869796779187793
0.061488629983776036	-0.00017869763228970016
0.062496073133695054	-0.0001786972943831331
0.06350855349936363	-0.00017869695405279664
0.06452609626686023	-0.00017869661127914273
0.06554872674819473	-0.00017869626604251926
0.0665764703819355	-0.00017869591832302443
0.06760935273384511	-0.00017869556810085424
0.06864739949751451	-0.00017869521535565433
0.06969063649500218	-0.00017869486006736126
0.07073908967747725	-0.00017869450221538323
0.07179278512586448	-0.00017869414177913525
0.07285174905149387	-0.0001786937787380554
0.07391600779675113	-0.00017869341307114397
0.07498558783573481	-0.00017869304475729006
0.07606051577491364	-0.00017869267377538346
0.07714081835378801	-0.0001786923001041145
0.0782265224455569	-0.00017869192372196052
0.07931765505778446	-0.00017869154460720073
0.08041424333307354	-0.00017869116273816157
0.08151631454973869	-0.0001786907780927926
0.08262389612248718	-0.00017869039064903315
0.08373701560309972	-0.0001786900003845899
0.08485570068111534	-0.00017868960727705253
0.08597997918452092	-0.00017868921130390438
0.08710987908044335	-0.00017868881244248238
0.08824542847584554	-0.0001786884106697966
0.08938665561822474	-0.00017868800596300443
0.0905335888963159	-0.0001786875982987656
0.09168625684079766	-0.00017868718765389616
0.09284468812500156	-0.00017868677400476778
0.09400891156562662	-0.0001786863573280874
0.09517895612345495	-0.00017868593759977442
0.09635485090407213	-0.00017868551479612537
0.09753662515859228	-0.00017868508889307916
0.09872430828438533	-0.00017868465986626956
0.09991792982580742	-0.0001786842276915531
0.10111751947493633	-0.0001786837923444241
0.10232310707231096	-0.0001786833538001531
0.10353472260767245	-0.00017868291203405618
0.1047523962207106	-0.0001786824670212745
0.1059761582018141	-0.00017868201873666678
0.10720603899282295	-0.00017868156715510503
0.10844206918778705	-0.00017868111225129442
0.10968427953372589	-0.00017868065399978344
0.11093270093139453	-0.0001786801923749596
0.11218736443605157	-0.00017867972735108973
0.11344830125823162	-0.00017867925890242847
0.11471554276452282	-0.0001786787870029561
0.11598912047834534	-0.00017867831162647206
0.11726906608073716	-0.00017867783274696969
0.11855541141114084	-0.0001786773503379424
0.11984818846819666	-0.00017867686437296723
0.12114742941053756	-0.00017867637482546126
0.12245316655759021	-0.0001786758816687357
0.12376543239037813	-0.00017867538487607341
0.12508425955233007	-0.00017867488442039668
0.12640968085009188	-0.00017867438027481224
0.12774172925434224	-0.00017867387241205556
0.12908043790061416	-0.0001786733608049687
0.13042584009011704	-0.00017867284542623878
0.13177796929056776	-0.00017867232624838573
0.1331368591370207	-0.00017867180324386304
0.13450254343270562	-0.00017867127638516108
0.13587505614986897	-0.00017867074564443841
0.1372544314306183	-0.00017867021099397196
0.13864070358777136	-0.00017866967240586675
0.14003390710571012	-0.0001786691298521245
0.14143407664123844	-0.00017866858330478627
0.14284124702444484	-0.00017866803273570186
0.14425545325956707	-0.0001786674781167602
0.1456767305258648	-0.00017866691941963083
0.14710511417849395	-0.00017866635661614288
0.14854063974938644	-0.00017866578967785514
0.14998334294813345	-0.0001786652185763988
0.1514332596628742	-0.00017866464328331955
0.15289042596118857	-0.00017866406377011252
0.15435487809099444	-0.0001786634800082576
0.15582665248144925	-0.00017866289196918542
0.15730578574385642	-0.00017866229962424998
0.1587923146725756	-0.00017866170294489648
0.1602862762459386	-0.00017866110190244256
0.1617877076271685	-0.00017866049646827556
0.16329664616530448	-0.00017865988661358486
0.16481312939613094	-0.00017865927230981834
0.16633719504311156	-0.00017865865352819678
0.16786888101832692	-0.00017865803024018508
0.16940822542341866	-0.00017865740241697646
0.17095526655053575	-0.00017865677002988953
0.17251004288328856	-0.0001786561330504232
0.1740725930977048	-0.00017865549144983472
0.1756429560631934	-0.00017865484519957804
0.17722117084350925	-0.0001786541942711077
0.17880727669772659	-0.00017865353863591067
0.18040131308121543	-0.00017865287826545584
0.18200331964662148	-0.00017865221313137633
0.18361333624485465	-0.0001786515432054214
0.18523140292607912	-0.00017865086845915163
0.18685755994070938	-0.00017865018886435176
0.18849184774041308	-0.0001786495043928626
0.19013430697911532	-0.00017864881501680893
0.19178497851401088	-0.0001786481207079054
0.19344390340658082	-0.00017864742143844245
0.19511112292361377	-0.0001786467171806237
0.1967866785382319	-0.00017864600790666008
0.19847061193092289	-0.0001786452935890903
0.2001629649905775	-0.00017864457420040372
0.20186377981553055	-0.00017864384971320066
0.20357309871460819	-0.0001786431201003962
0.2052909642081813	-0.00017864238533475823
0.207017419029222	-0.00017864164538949968
0.20875250612436788	-0.00017864090023768972
0.21049626865498966	-0.00017864014985278902
0.21224874999826462	-0.00017863939420825056
0.21400999374825602	-0.00017863863327772196
0.2157800437169973	-0.00017863786703513452
0.21755894393558234	-0.0001786370954545253
0.21934673865526005	-0.0001786363185099542
0.2211434723485364	-0.0001786355361759192
0.22294918971027902	-0.00017863474842699564
0.22476393565883038	-0.00017863395523788349
0.22658775533712455	-0.00017863315658360628
0.22842069411381005	-0.00017863235243930787
0.23026279758437915	-0.00017863154278043627
0.23211411157230094	-0.00017863072758253756
0.23397468213016254	-0.00017862990682148514
0.23584455554081346	-0.00017862908047324184
0.23772377831851751	-0.0001786282485141793
0.23961239721011024	-0.0001786274109207945
0.24151045919616082	-0.0001786265676697678
0.24341801149214168	-0.0001786257187381694
0.24533510154960245	-0.000178624864103193
0.24726177705735047	-0.0001786240037423629
0.2491980859426373	-0.0001786231376333597
0.25114407637235053	-0.00017862226575416328
0.2530997967542124	-0.00017862138808309502
0.2550652957379834	-0.0001786205045986128
0.2570406222166734	-0.00017861961527950115
0.25902582532775686	-0.00017861872010477796
0.26102095445439577	-0.00017861781905377557
0.2630260592266676	-0.00017861691210593054
0.26504118952280104	-0.00017861599924121172
0.26706639547041516	-0.00017861508043977054
0.26910172744776706	-0.00017861415568176298
0.27114723608500574	-0.0001786132249480257
0.2732029722654309	-0.00017861228821936483
0.2752689871267581	-0.00017861134547706188
0.2773453320623917	-0.00017861039670250258
0.2794320587227036	-0.00017860944187732576
0.281529219016317	-0.00017860848098367942
0.2836368651113984	-0.00017860751400369283
0.28575504943695557	-0.00017860654091990117
0.28788382468414025	-0.00017860556171514364
0.2900232438075611	-0.00017860457637235074
0.29217336002659877	-0.00017860358487479066
0.29433422682673194	-0.00017860258720603538
0.29650589796086546	-0.00017860158334996043
0.29868842745066976	-0.0001786005732904528
0.30088186958792296	-0.00017859955701177217
0.30308627893586265	-0.0001785985344984253
0.305301710330542	-0.00017859750573511447
0.3075282188821948	-0.00017859647070682044
0.30976585997660583	-0.0001785954293985482
0.31201468927648873	-0.00017859438179578934
0.31427476272287097	-0.0001785933278839665
0.3165461365364855	-0.0001785922676488479
0.318828867219168	-0.00017859120107638414
0.3211230115552639	-0.00017859012815258144
0.32342862661304006	-0.0001785890488637157
0.3257457697461053	-0.00017858796319617773
0.32807449859483556	-0.00017858687113645114
0.33041487108780954	-0.00017858577267129369
0.3327669454432486	-0.00017858466778741897
0.33513078017046477	-0.00017858355647180885
0.33750643407131686	-0.00017858243871127547
0.33989396624167323	-0.0001785813144930601
0.3422934360728816	-0.00017858018380425539
0.34470490325324576	-0.0001785790466320066
0.3471284277695118	-0.00017857790296357836
0.34956406990835936	-0.00017857675278629815
0.3520118902579012	-0.0001785755960874324
0.3544719497091907	-0.0001785744328541919
0.35694430945773664	-0.00017857326307380673
0.3594290310050252	-0.0001785720867336688
0.36192617616005013	-0.0001785709038207942
0.3644358070408504	-0.00017856971432236624
0.36695798607605457	-0.00017856851822542643
0.36949277600643504	-0.0001785673155168345
0.37204023988646695	-0.00017856610618332256
0.374600441085899	-0.00017856489021175328
0.3771734432913285	-0.00017856366758847185
0.379759310507785	-0.000178562438299821
0.3823581070603237	-0.00017856120233187737
0.3849698975956254	-0.0001785599596706471
0.3875947470836033	-0.00017855871030162876
0.39023272081902133	-0.00017855745421032452
0.3928838844231162	-0.0001785561913818286
0.39554830384523165	-0.00017855492180096107
0.3982260453644579	-0.0001785536454521106
0.4009171755912802	-0.000178552362319395
0.4036217614692367	-0.0001785510723867807
0.4063398702765827	-0.00017854977563742805
0.40907156962796565	-0.00017854847205421765
0.41181692747610543	-0.00017854716161981013
0.41457601211348605	-0.00017854584431615722
0.4173488921740533	-0.0001785445201247796
0.4201356366349237	-0.0001785431890266769
0.42293631481809807	-0.0001785418510023586
0.4257509963921885	-0.00017854050603177408
0.42857975137414944	-0.00017853915409413057
0.4314226501310203	-0.00017853779516818066
0.43427976338167545	-0.0001785364292319145
0.43715116219858396	-0.00017853505626278554
0.440036918009577	-0.00017853367623739378
0.44293710259962477	-0.00017853228913182026
0.4458517881126228	-0.00017853089492118337
0.4487810470531859	-0.00017852949357982949
0.45172495228845155	-0.00017852808508148427
0.45468357704989376	-0.00017852666939897733
0.45765699493514306	-0.00017852524650411979
0.46064527990981863	-0.0001785238163679899
0.4636485063093676	-0.00017852237896077218
0.4666667488409145	-0.0001785209342515319
0.4697000825851191	-0.00017851948220855128
0.4727485829980444	-0.00017851802279902465
0.4758123259130346	-0.0001785165559890834
0.47889138754259974	-0.0001785150817438324
0.4819858444803126	-0.0001785136000274384
0.4850957737027142	-0.0001785121108026301
0.48822125257122767	-0.00017851061403121723
0.49136235883408375	-0.00017850910967380225
0.49451917062825407	-0.00017850759768984245
0.49769176648139524	-0.00017850607803734217
0.5008802253138022	-0.0001785045506733529
0.5040846264403713	-0.0001785030155533054
0.5073050495725733	-0.000178501472631627
0.510541574820436	-0.0001784999218611436
0.5137942826945383	-0.00017849836319341794
0.5170632541080108	-0.0001784967965786022
0.520348570378551	-0.00017849522196544082
0.5236503132304436	-0.00017849363930112896
0.5269685647965956	-0.00017849204853132388
0.5303034076205784	-0.0001784904496002237
0.5336549246586811	-0.00017848884245061692
0.5370231992819746	-0.00017848722702343828
0.5404083152783844	-0.00017848560325807686
0.5438103568547764	-0.00017848397109244057
0.5472294086390501	-0.00017848233046263132
0.5506655556822453	-0.000178480681302989
0.5541188834606565	-0.0001784790235462419
0.5575894778779599	-0.0001784773571232677
0.5610774252673494	-0.00017847568196320562
0.564582812393686	-0.0001784739979933018
0.5681057264556543	-0.00017847230513906337
0.5716462550879327	-0.00017847060332399335
0.5752044863633723	-0.00017846889246968833
0.578780508795189	-0.0001784671724961004
0.5823744113391649	-0.00017846544332070173
0.5859862833958606	-0.0001784637048593045
0.5896162148128399	-0.0001784619570257873
0.5932642958869042	-0.00017846019973151762
0.5969306173663387	-0.00017845843288637344
0.6006152704531702	-0.0001784566563976837
0.6043183468054361	-0.00017845487017075485
0.6080399385394633	-0.00017845307410892464
0.6117801382321605	-0.00017845126811290006
0.615539038923321	-0.00017844945208163595
0.6193167341179376	-0.00017844762591156412
0.6231133177885273	-0.0001784457894967091
0.6269288843774701	-0.0001784439427292188
0.6307635287993573	-0.0001784420854984304
0.6346173464433539	-0.00017844021769159365
0.6384904331755705	-0.00017843833919348607
0.6423828853414483	-0.00017843644988628247
0.6462947997681555	-0.00017843454964991192
0.6502262737669962	-0.00017843263836179665
0.6541774051358311	-0.0001784307158965451
0.6581482921615099	-0.00017842878212640943
0.6621390336223173	-0.000178426836920883
0.6661497287904288	-0.0001784248801469699
0.6701804774343807	-0.0001784229116687017
0.6742313798215525	-0.00017842093134772045
0.6783025367206603	-0.00017841893904232153
0.6823940494042636	-0.00017841693460839852
0.6865060196512851	-0.00017841491789862435
0.6906385497495416	-0.00017841288876266071
0.6947917424982893	-0.00017841084704732358
0.6989657012107808	-0.00017840879259599553
0.7031605297168348	-0.0001784067252488081
0.7073763323654189	-0.0001784046448426631
0.7116132140272461	-0.00017840255121103382
0.715871280097382	-0.00017840044418346976
0.7201506364978687	-0.00017839832358597802
0.7244513896803577	-0.00017839618924066043
0.7287736466287593	-0.00017839404096554377
0.733117514861903	-0.00017839187857427618
0.7374831024362126	-0.00017838970187612072
0.7418705179483935	-0.00017838751067555017
0.7462798705381356	-0.00017838530477218704
0.7507112698908263	-0.0001783830839601231
0.7551648262402804	-0.00017838084802816262
0.759640650371482	-0.00017837859675884075
0.7641388536233394	-0.0001783763299285976
0.7686595478914561	-0.000178374047306896
0.7732028456309133	-0.0001783717486558659
0.7777688598590677	-0.00017836943372996956
0.7823577041583629	-0.00017836710227519723
0.7869694926791548	-0.00017836475402828363
0.7916043401425507	-0.00017836238871629553
0.7962623618432633	-0.0001783600060555847
0.8009436736524796	-0.00017835760575093886
0.805648392020742	-0.00017835518749466305
0.8103766339808457	-0.00017835275096540634
0.81512851715075	-0.0001783502958270896
0.8199041597365035	-0.0001783478217272401
0.8247036805351862	-0.00017834532829614626
0.8295271989378621	-0.0001783428151446166
0.8343748349325514	-0.00017834028186228213
0.8392467091072142	-0.00017833772801627998
0.8441429426527504	-0.00017833515314801167
0.849063657366014	-0.00017833255677168956
0.8540089756528442	-0.00017832993837101275
0.8589790205311084	-0.00017832729739651444
0.863973915633764	-0.00017832463326236092
0.8689739156337638	-0.00017832195131333684
0.8739739156337636	-0.0001783192572592999
0.8789739156337634	-0.00017831655184379059
0.8839739156337632	-0.00017831383456217223
0.8889739156337629	-0.00017831110486835216
0.8939739156337627	-0.00017830836217431863
0.8989739156337626	-0.00017830560584604767
0.9039739156337624	-0.000178302835199331
0.9089739156337622	-0.00017830004949514187
0.913973915633762	-0.00017829724793339306
0.9189739156337617	-0.00017829442964732505
0.9239739156337615	-0.00017829159369701453
0.9289739156337613	-0.00017828873906066035
0.9339739156337611	-0.00017828586462665392
0.938973915633761	-0.00017828296918311772
0.9439739156337608	-0.00017828005140656567
0.9489739156337605	-0.0001782771098491184
0.9539739156337603	-0.00017827414292386203
0.9589739156337601	-0.00017827114888652935
0.9639739156337599	-0.00017826812581755698
0.9689739156337597	-0.00017826507159761351
0.9739739156337595	-0.00017826198388174803
0.9789739156337594	-0.00017825886006908384
0.9839739156337591	-0.00017825569726615968
0.9889739156337589	-0.00017825249224528907
0.9939739156337587	-0.00017824924139581963
0.9989739156337585	-0.00017824594066616242
1.0039739156337584	-0.00017824258549624267
1.008973915633758	-0.00017823917073786348
1.013973915633758	-0.00017823569056136704
1.0189739156337576	-0.0001782321383431633
1.0239739156337575	-0.00017822850653546727
1.0289739156337572	-0.00017822478651031637
1.033973915633757	-0.0001782209683743012
1.038973915633757	-0.00017821704074896206
1.0439739156337566	-0.00017821299050986713
1.0489739156337565	-0.0001782088024742377
1.0539739156337562	-0.00017820445902999078
1.058973915633756	-0.0001781999396929079
1.0639739156337558	-0.00017819522057696243
1.0689739156337557	-0.00017819027376089988
1.0739739156337553	-0.000178185066531767
1.0789739156337552	-0.0001781795604777477
1.0839739156337551	-0.00017817371040247359
1.0889739156337548	-0.00017816746302272917
1.0939739156337547	-0.0001781607554087853
1.0989739156337544	-0.00017815351310998954
1.1039739156337542	-0.00017814564790857547
1.108973915633754	-0.0001781370551209639
1.1139739156337538	-0.00017812761035664593
1.1189739156337537	-0.00017811716562726732
1.1239739156337534	-0.00017810554466941324
1.1289739156337533	-0.0001780925373267717
1.133973915633753	-0.00017807789279842147
1.1389739156337528	-0.00017806131152410252
1.1439739156337525	-0.00017804243543658975
1.1489739156337524	-0.00017802083624133159
1.153973915633752	-0.00017799600133955765
1.158973915633752	-0.00017796731690860267
1.1639739156337519	-0.00017793404757840162
1.1689739156337515	-0.00017789531201292815
1.1739739156337514	-0.00017785005357966982
1.178973915633751	-0.00017779700511914536
1.183973915633751	-0.00017773464663147564
1.1889739156337507	-0.00017766115444741836
1.1939739156337505	-0.00017757434017321314
1.1989739156337504	-0.0001774715773306099
1.2039739156337501	-0.00017734971318374574
1.20897391563375	-0.00017720496271976432
1.2139739156337497	-0.00017703278109161428
1.2189739156337496	-0.00017682771004748086
1.2239739156337492	-0.00017658319288861075
1.2289739156337491	-0.00017629135131704354
1.2339739156337488	-0.00017594271608269458
1.2389739156337487	-0.0001755259015881292
1.2439739156337486	-0.0001750272124857496
1.2489739156337483	-0.0001744301677605726
1.2539739156337482	-0.00017371492472155093
1.2589739156337478	-0.00017285758167914878
1.2639739156337477	-0.00017182933368742974
1.2689739156337474	-0.00017059545048508085
1.2739739156337473	-0.00016911403943920217
1.2789739156337472	-0.0001673345487079946
1.2839739156337469	-0.00016519595666181677
1.2889739156337467	-0.0001626245825844073
1.2939739156337464	-0.0001595314404185588
1.2989739156337463	-0.00015580904146057653
1.303973915633746	-0.00015132753301116963
1.3089739156337459	-0.00014593003759061251
1.3139739156337455	-0.00013942703095173528
1.3189739156337454	-0.0001315895662570035
1.3239739156337453	-0.00012214111596444034
1.328973915633745	-0.00011074776179559036
1.333973915633745	-9.700641640905824e-5
1.3389739156337446	-8.043070818535949e-5
1.3439739156337445	-6.0434103489091826e-5
1.3489739156337441	-3.6309780344197064e-5
1.353973915633744	-7.2067063788620475e-6
1.358973915633744	2.7898683373362956e-5
1.3639739156337436	7.023585965518943e-5
1.3689739156337435	0.00012127929917269245
1.3739739156337432	0.00018279397677642225
1.378973915633743	0.00025688784674890864
1.3839739156337427	0.000346071758081243
1.3879804367253072	0.00043059487586916974
1.3919869578168715	0.0005283279675330634
1.395993478908436	0.0006414700813267576
1.4	0.0007723359530974239
