0.0006999999999999628	-0.00016054463948156315
0.001403500000000035	-0.00016053492661216367
0.0021105174999999296	-0.00016053456892272823
0.0028210700874998964	-0.00016053434129790567
0.003535175437937438	-0.00016053411419015136
0.004252851315127062	-0.00016053388576643356
0.004974115571702636	-0.00016053365598786828
0.005698986149561044	-0.00016053342484141856
0.006427481080308875	-0.00016053319231501559
0.007159618485710418	-0.00016053295839665128
0.007895416578138905	-0.00016053272307464328
0.008634893661029494	-0.00016053248633740182
0.00937806812933463	-0.0001605322481734146
0.010124958469981361	-0.00016053200857116075
0.010875583262331262	-0.0001605317675192097
0.01162996117864295	-0.00016053152500608954
0.012388110984536127	-0.00016053128102031986
0.013150051539458866	-0.00016053103555042328
0.013915801797156208	-0.00016053078858480787
0.014685380806142003	-0.00016053054011191354
0.015458807710172712	-0.00016053029012008086
0.01623610174872358	-0.0001605300385975393
0.017017282257467212	-0.00016052978553257572
0.017802368668754516	-0.00016052953091328176
0.01859138051209827	-0.0001605292747276979
0.019384337414658823	-0.00016052901696383804
0.020181259101732015	-0.00016052875760952837
0.020982165397240727	-0.00016052849665257777
0.02178707622422691	-0.00016052823408070613
0.02259601160534814	-0.0001605279698814611
0.02340899166337483	-0.00016052770404231917
0.024226036621691812	-0.00016052743655069543
0.02504716680480027	-0.00016052716739385677
0.025872402638824326	-0.00016052689655891917
0.02670176465201842	-0.0001605266240329965
0.02753527347527842	-0.00016052634980303243
0.028372949842654864	-0.00016052607385579515
0.0292148145918682	-0.0001605257961779872
0.03006088866482743	-0.00016052551675623542
0.03091119310815165	-0.00016052523557695075
0.0317657490736924	-0.0001605249526264726
0.03262457781906081	-0.00016052466789099812
0.03348770070815601	-0.00016052438135661675
0.034355139211696875	-0.0001605240930092579
0.035226914907755424	-0.0001605238028347292
0.03610304948229413	-0.000160523510818695
0.03698356472970569	-0.0001605232169466776
0.03786848255335419	-0.00016052292120411377
0.038757824966120964	-0.00016052262357619856
0.03965161409095162	-0.00016052232404805775
0.04054987216140643	-0.00016052202260466583
0.04145262152221345	-0.0001605217192308107
0.04235988462982453	-0.00016052141391117175
0.04327168405297366	-0.00016052110663024397
0.0441880424732386	-0.00016052079737239252
0.04510898268560485	-0.00016052048612180724
0.046034527599032954	-0.00016052017286253222
0.04696470023702812	-0.00016051985757842329
0.04789952373821329	-0.00016051954025323524
0.048839021356904266	-0.00016051922087047103
0.04978321646368884	-0.00016051889941354872
0.05073213254600732	-0.00016051857586563308
0.05168579320873729	-0.00016051825020977684
0.052644222174780875	-0.00016051792242885936
0.05360744328565471	-0.00016051759250554145
0.054575480502083065	-0.0001605172604223419
0.055548357904593434	-0.00016051692616155221
0.056526099694116344	-0.00016051658970531467
0.0575087301925869	-0.00016051625103560602
0.05849627384354973	-0.00016051591013414233
0.05948875521276744	-0.0001605155669825067
0.06048619898883127	-0.00016051522156206645
0.061488629983775384	-0.00016051487385395835
0.06249607313369419	-0.0001605145238391739
0.06350855349936275	-0.0001605141714984694
0.06452609626685958	-0.0001605138168124096
0.06554872674819387	-0.00016051345976132408
0.06657647038193484	-0.0001605131003253253
0.06760935273384447	-0.00016051273848433735
0.06864739949751365	-0.00016051237421808363
0.0696906364950013	-0.00016051200750599563
0.07073908967747639	-0.0001605116383273254
0.07179278512586384	-0.00016051126666109057
0.07285174905149322	-0.00016051089248607392
0.0739160077967507	-0.00016051051578082625
0.07498558783573436	-0.00016051013652365893
0.07606051577491299	-0.00016050975469263651
0.07714081835378758	-0.0001605093702655709
0.07822652244555647	-0.00016050898322001679
0.07931765505778425	-0.00016050859353331455
0.0804142433330731	-0.00016050820118249275
0.08151631454973848	-0.0001605078061443852
0.08262389612248718	-0.00016050740839549434
0.0837370156030995	-0.0001605070079120822
0.0848557006811149	-0.00016050660467016158
0.0859799791845205	-0.0001605061986454247
0.08710987908044313	-0.0001605057898132812
0.08824542847584534	-0.00016050537814892455
0.08938665561822454	-0.0001605049636271934
0.09053358889631567	-0.00016050454622260229
0.09168625684079722	-0.00016050412590947475
0.09284468812500112	-0.0001605037026617666
0.09400891156562617	-0.0001605032764530811
0.0951789561234543	-0.0001605028472567896
0.09635485090407148	-0.0001605024150459187
0.09753662515859184	-0.00016050197979313452
0.0987243082843847	-0.00016050154147084788
0.09991792982580656	-0.00016050110005107838
0.10111751947493569	-0.0001605006555055445
0.10232310707231031	-0.0001605002078055792
0.1035347226076718	-0.00016049975692218637
0.10475239622071016	-0.0001604993028260635
0.10597615820181366	-0.00016049884548749937
0.10720603899282274	-0.00016049838487642394
0.10844206918778684	-0.00016049792096236657
0.10968427953372567	-0.00016049745371456324
0.1109327009313943	-0.00016049698310177803
0.11218736443605135	-0.0001604965090924439
0.11344830125823162	-0.0001604960316545885
0.11471554276452282	-0.00016049555075582818
0.11598912047834534	-0.0001604950663633713
0.11726906608073695	-0.0001604945784440019
0.11855541141114062	-0.0001604940869641072
0.11984818846819621	-0.00016049359188965932
0.12114742941053713	-0.00016049309318610613
0.12245316655758978	-0.00016049259081860713
0.1237654323903777	-0.0001604920847517402
0.12508425955232963	-0.0001604915749496475
0.12640968085009122	-0.00016049106137607614
0.1277417292543416	-0.00016049054399420334
0.1290804379006133	-0.0001604900227667966
0.13042584009011637	-0.00016048949765616003
0.1317779692905669	-0.00016048896862400238
0.13313685913701961	-0.00016048843563159877
0.13450254343270476	-0.0001604878986397053
0.13587505614986833	-0.0001604873576085473
0.13725443143061763	-0.00016048681249780308
0.13864070358777073	-0.00016048626326664356
0.14003390710570945	-0.0001604857098736265
0.14143407664123803	-0.00016048515227688032
0.1428412470244442	-0.0001604845904337986
0.1442554532595664	-0.00016048402430137077
0.14567673052586416	-0.00016048345383577812
0.1471051141784935	-0.00016048287899283914
0.14854063974938603	-0.00016048229972761023
0.149983342948133	-0.0001604817159946287
0.15143325966287374	-0.00016048112774765533
0.15289042596118813	-0.00016048053493997964
0.15435487809099402	-0.00016047993752410953
0.15582665248144906	-0.0001604793354519496
0.1573057857438562	-0.00016047872867470925
0.15879231467257537	-0.00016047811714292105
0.16028627624593816	-0.00016047750080639442
0.16178770762716785	-0.0001604768796142365
0.16329664616530362	-0.00016047625351485676
0.16481312939613008	-0.0001604756224558654
0.1663371950431107	-0.00016047498638412994
0.16786888101832628	-0.00016047434524581706
0.1694082254234178	-0.00016047369898620237
0.1709552665505349	-0.00016047304754985645
0.17251004288328747	-0.00016047239088048745
0.17407259309770393	-0.00016047172892100857
0.17564295606319252	-0.00016047106161345027
0.17722117084350858	-0.00016047038889901581
0.17880727669772617	-0.00016046971071805063
0.18040131308121476	-0.0001604690270098971
0.18200331964662084	-0.00016046833771316116
0.18361333624485401	-0.0001604676427654112
0.18523140292607826	-0.00016046694210330997
0.18685755994070874	-0.00016046623566251498
0.1884918477404122	-0.00016046552337771076
0.19013430697911424	-0.0001604648051826707
0.1917849785140098	-0.0001604640810100176
0.19344390340657974	-0.0001604633507914493
0.19511112292361268	-0.00016046261445750714
0.1967866785382308	-0.00016046187193770862
0.19847061193092203	-0.0001604611231604851
0.20016296499057665	-0.00016046036805308022
0.20186377981552947	-0.00016045960654166453
0.2035730987146071	-0.00016045883855116342
0.20529096420818022	-0.00016045806400536035
0.20701741902922113	-0.0001604572828268136
0.20875250612436722	-0.00016045649493681805
0.210496268654989	-0.00016045570025546038
0.21224874999826396	-0.0001604548987014252
0.21400999374825516	-0.00016045409019212114
0.21578004371699644	-0.00016045327464373374
0.21755894393558148	-0.0001604524519708743
0.2193467386552594	-0.00016045162208687936
0.22114347234853576	-0.0001604507849036
0.22294918971027836	-0.00016044994033144434
0.2247639356588297	-0.00016044908827932217
0.2265877553371239	-0.00016044822865458734
0.2284206941138094	-0.00016044736136306738
0.23026279758437848	-0.00016044648630902063
0.23211411157230027	-0.00016044560339503492
0.23397468213016168	-0.00016044471252202064
0.23584455554081238	-0.00016044381358923496
0.23772377831851643	-0.00016044290649415197
0.23961239721010893	-0.00016044199113257599
0.24151045919615952	-0.00016044106739836235
0.24341801149214037	-0.00016044013518358807
0.24533510154960114	-0.00016043919437844396
0.24726177705734917	-0.00016043824487115905
0.24919808594263576	-0.00016043728654798015
0.251144076372349	-0.00016043631929318867
0.2530997967542107	-0.00016043534298891568
0.2550652957379817	-0.0001604343575152007
0.2570406222166717	-0.00016043336274997
0.2590258253277551	-0.00016043235856888456
0.26102095445439405	-0.00016043134484537312
0.2630260592266659	-0.0001604303214504727
0.2650411895227993	-0.0001604292882529756
0.2670663954704134	-0.00016042824511916463
0.26910172744776534	-0.00016042719191282278
0.27114723608500396	-0.0001604261284952546
0.27320297226542917	-0.00016042505472517918
0.27526898712675635	-0.00016042397045852602
0.27734533206239	-0.0001604228755486327
0.2794320587227019	-0.0001604217698459816
0.2815292190163153	-0.00016042065319824746
0.2836368651113967	-0.00016041952545010825
0.28575504943695385	-0.00016041838644326547
0.28788382468413853	-0.0001604172360163927
0.29002324380755934	-0.00016041607400496294
0.29217336002659705	-0.00016041490024127297
0.29433422682673016	-0.00016041371455424754
0.29650589796086374	-0.0001604125167694456
0.29868842745066804	-0.00016041130670901925
0.30088186958792124	-0.00016041008419151833
0.3030862789358609	-0.000160408849031789
0.30530171033054027	-0.00016040760104104102
0.307528218882193	-0.00016040634002651458
0.30976585997660405	-0.00016040506579162632
0.312014689276487	-0.0001604037781357452
0.31427476272286925	-0.00016040247685399778
0.3165461365364837	-0.00016040116173738042
0.3188288672191662	-0.00016039983257246925
0.32112301155526213	-0.00016039848914135689
0.32342862661303834	-0.0001603971312215328
0.3257457697461036	-0.0001603957585858325
0.32807449859483384	-0.00016039437100215845
0.3304148710878078	-0.00016039296823348718
0.33276694544324686	-0.00016039155003772152
0.33513078017046305	-0.00016039011616741927
0.33750643407131514	-0.0001603886663698228
0.3398939662416715	-0.00016038720038660746
0.3422934360728799	-0.0001603857179537653
0.34470490325324404	-0.00016038421880146017
0.3471284277695101	-0.00016038270265376556
0.34956406990835764	-0.0001603811692286408
0.3520118902578995	-0.00016037961823767442
0.354471949709189	-0.0001603780493858958
0.3569443094577349	-0.00016037646237162788
0.3594290310050235	-0.00016037485688627715
0.3619261761600484	-0.00016037323261407772
0.3644358070408486	-0.0001603715892320126
0.36695798607605284	-0.00016036992640948308
0.36949277600643327	-0.00016036824380815954
0.37204023988646523	-0.00016036654108169928
0.3746004410858973	-0.00016036481787553168
0.3771734432913268	-0.00016036307382661662
0.3797593105077832	-0.0001603613085631902
0.3823581070603219	-0.00016035952170447948
0.38496989759562367	-0.00016035771286048039
0.3875947470836016	-0.00016035588163163677
0.3902327208190196	-0.00016035402760844212
0.3928838844231145	-0.00016035215037144265
0.39554830384522993	-0.00016035024949053166
0.3982260453644561	-0.0001603483245249443
0.4009171755912785	-0.00016034637502267533
0.40362176146923495	-0.00016034440052030673
0.40633987027658097	-0.00016034240054255602
0.4090715696279639	-0.00016034037460188727
0.4118169274761037	-0.00016033832219814443
0.4145760121134843	-0.0001603362428181185
0.4173488921740515	-0.00016033413593519362
0.4201356366349219	-0.00016033200100870685
0.42293631481809635	-0.00016032983748383016
0.4257509963921868	-0.00016032764479070324
0.42857975137414767	-0.00016032542234420467
0.43142265013101855	-0.00016032316954331185
0.43427976338167373	-0.0001603208857706031
0.43715116219858224	-0.0001603185703917062
0.44003691800957523	-0.0001603162227546766
0.44293710259962304	-0.00016031384218937267
0.4458517881126211	-0.00016031142800692442
0.44878104705318417	-0.00016030897949892791
0.45172495228844983	-0.00016030649593690727
0.45468357704989204	-0.00016030397657141947
0.4576569949351413	-0.00016030142063151037
0.46064527990981685	-0.00016029882732376612
0.4636485063093658	-0.00016029619583156883
0.4666667488409128	-0.00016029352531421971
0.4697000825851173	-0.0001602908149060993
0.4727485829980427	-0.00016028806371570998
0.47581232591303285	-0.00016028527082469915
0.478891387542598	-0.00016028243528677915
0.48198584448031084	-0.00016027955612686788
0.4850957737027124	-0.0001602766323397731
0.48822125257122595	-0.00016027366288912242
0.49136235883408197	-0.0001602706467061752
0.4945191706282523	-0.00016026758268854877
0.4976917664813935	-0.0001602644696988063
0.5008802253138004	-0.0001602613065632342
0.5040846264403696	-0.0001602580920701579
0.5073050495725715	-0.00016025482496862683
0.5105415748204343	-0.00016025150396675137
0.5137942826945365	-0.00016024812772994038
0.517063254108009	-0.00016024469487932493
0.5203485703785492	-0.00016024120398964368
0.5236503132304419	-0.0001602376535876402
0.5269685647965939	-0.00016023404214966766
0.5303034076205766	-0.00016023036809985897
0.5336549246586795	-0.00016022662980774046
0.5370231992819728	-0.0001602228255858406
0.5404083152783826	-0.0001602189536872503
0.5438103568547747	-0.00016021501230302363
0.5472294086390483	-0.00016021099955948419
0.5506655556822436	-0.0001602069135150366
0.5541188834606549	-0.00016020275215750153
0.5575894778779582	-0.00016019851340064368
0.5610774252673477	-0.00016019419508087821
0.5645828123936844	-0.00016018979495368085
0.5681057264556525	-0.00016018531068965992
0.5716462550879309	-0.0001601807398708057
0.5752044863633705	-0.0001601760799860509
0.5787805087951873	-0.00016017132842697
0.5823744113391631	-0.00016016648248298135
0.5859862833958588	-0.00016016153933626814
0.5896162148128381	-0.0001601564960566313
0.5932642958869024	-0.00016015134959597067
0.5969306173663369	-0.00016014609678192764
0.6006152704531684	-0.00016014073431210312
0.6043183468054344	-0.000160135258746925
0.6080399385394615	-0.0001601296665029225
0.6117801382321587	-0.00016012395384484488
0.6155390389233192	-0.00016011811687787413
0.6193167341179359	-0.0001601121515389047
0.6231133177885255	-0.00016010605358754985
0.6269288843774683	-0.00016009981859642044
0.6307635287993556	-0.00016009344194073866
0.6346173464433522	-0.00016008691878731013
0.6384904331755688	-0.00016008024408269354
0.6423828853414466	-0.00016007341254069485
0.6462947997681537	-0.00016006641862855342
0.6502262737669944	-0.00016005925655289635
0.6541774051358293	-0.0001600519202437382
0.6581482921615082	-0.0001600444033382701
0.6621390336223156	-0.00016003669916250048
0.6661497287904271	-0.000160028800712339
0.6701804774343789	-0.00016002070063261605
0.6742313798215507	-0.00016001239119471322
0.6783025367206585	-0.00016000386427229558
0.682394049404262	-0.0001599951113155513
0.6865060196512833	-0.0001599861233223013
0.6906385497495399	-0.0001599768908075998
0.6947917424982876	-0.00015996740377050966
0.6989657012107791	-0.00015995765165749168
0.7031605297168331	-0.00015994762332326298
0.7073763323654171	-0.000159937306987496
0.7116132140272443	-0.0001599266901878733
0.7158712800973803	-0.00015991575972852323
0.7201506364978669	-0.00015990450162353532
0.724451389680356	-0.00015989290103499035
0.7287736466287575	-0.0001598809422046419
0.7331175148619014	-0.00015986860837884025
0.737483102436211	-0.00015985588172540862
0.7418705179483918	-0.00015984274324185567
0.7462798705381338	-0.00015982917265350012
0.7507112698908246	-0.00015981514830064124
0.7551648262402787	-0.0001598006470128821
0.7596406503714802	-0.00015978564396889545
0.7641388536233378	-0.0001597701125406035
0.7686595478914543	-0.0001597540241180957
0.7732028456309116	-0.00015973734791435322
0.777768859859066	-0.00015972005074558934
0.7823577041583611	-0.00015970209678486594
0.7869694926791531	-0.00015968344728492333
0.7916043401425489	-0.00015966406026542623
0.7962623618432616	-0.0001596438901607776
0.8009436736524779	-0.00015962288742172838
0.8056483920207402	-0.0001596009980650183
0.8103766339808439	-0.00015957816316371202
0.8151285171507483	-0.00015955431826902998
0.8199041597365018	-0.00015952939275507659
0.8247036805351844	-0.0001595033090740951
0.8295271989378604	-0.0001594759819111335
0.8343748349325497	-0.00015944731722196146
0.8392467091072124	-0.00015941721113871886
0.8441429426527486	-0.00015938554872432147
0.8490636573660123	-0.00015935220255288218
0.8540089756528424	-0.00015931703109245483
0.8589790205311068	-0.00015927987686058736
0.8639739156337622	-0.00015924056432063314
0.868973915633762	-0.00015919906627092945
0.8739739156337618	-0.0001591552401390902
0.8789739156337616	-0.00015910888442939857
0.8839739156337615	-0.00015905977570457292
0.8889739156337613	-0.00015900766621524843
0.893973915633761	-0.0001589522810786606
0.8989739156337608	-0.00015889331513036208
0.9039739156337606	-0.00015883042941036775
0.9089739156337604	-0.0001587632472421592
0.9139739156337602	-0.00015869134985528613
0.91897391563376	-0.00015861427149741332
0.9239739156337599	-0.0001585314939734168
0.9289739156337596	-0.00015844244054235621
0.9339739156337594	-0.000158346469091475
0.9389739156337592	-0.0001582428644974218
0.943973915633759	-0.000158130830070619
0.9489739156337588	-0.00015800947796470026
0.9539739156337586	-0.00015787781841605932
0.9589739156337583	-0.00015773474765764142
0.9639739156337582	-0.0001575790343288113
0.968973915633758	-0.00015740930417598205
0.9739739156337578	-0.0001572240228055353
0.9789739156337576	-0.0001570214762153196
0.9839739156337574	-0.00015679974878508087
0.9889739156337571	-0.00015655669835434955
0.9939739156337569	-0.0001562899279567124
0.9989739156337567	-0.0001559967537027659
1.0039739156337566	-0.0001556741682229259
1.0089739156337563	-0.00015531879897447807
1.0139739156337562	-0.0001549268605988568
1.0189739156337558	-0.0001544941003715021
1.0239739156337557	-0.00015401573561633412
1.0289739156337556	-0.00015348638175803254
1.0339739156337553	-0.00015289996944811091
1.0389739156337552	-0.00015224964892285534
1.0439739156337549	-0.00015152767942914943
1.0489739156337547	-0.00015072530116716078
1.0539739156337544	-0.00014983258676293433
1.0589739156337543	-0.0001488382687664165
1.0639739156337542	-0.00014772953908237751
1.0689739156337539	-0.0001464918155658356
1.0739739156337538	-0.00014510847024850032
1.0789739156337534	-0.0001435605128042711
1.0839739156337533	-0.00014182622191266837
1.088973915633753	-0.00013988071613847103
1.093973915633753	-0.0001376954548452898
1.0989739156337526	-0.00013523765850934562
1.1039739156337525	-0.0001324696366606611
1.1089739156337524	-0.00012934801060769966
1.113973915633752	-0.0001258228172091726
1.118973915633752	-0.00012183647936984654
1.1239739156337516	-0.00011732262884949419
1.1289739156337515	-0.00011220476761672904
1.1339739156337512	-0.00010639475564845474
1.138973915633751	-9.979111611755293e-5
1.143973915633751	-9.227715370370285e-5
1.1489739156337506	-8.371888867141006e-5
1.1539739156337505	-7.396281867489709e-5
1.1589739156337502	-6.283353204466311e-5
1.16397391563375	-5.013121030357381e-5
1.1689739156337497	-3.5629072948776516e-5
1.1739739156337496	-1.907083240208398e-5
1.1789739156337493	-1.682386665727786e-7
1.1839739156337492	2.1401202309493042e-5
1.187980436725312	4.085283161800765e-5
1.1919869578168745	6.244601019785278e-5
1.1959934789084372	8.640159858563389e-5
1.2	0.00011295445577820666
