0.0006999999999999628	-0.0001605157900552437
0.001403500000000035	-0.00016050603080577382
0.0021105174999999296	-0.00016050564133572907
0.0028210700874998964	-0.00016050538071773904
0.003535175437937438	-0.00016050512039343556
0.004252851315127062	-0.00016050485855197022
0.004974115571702636	-0.00016050459515312484
0.005698986149561044	-0.00016050433018229446
0.006427481080308875	-0.00016050406362560964
0.007159618485710418	-0.00016050379546953092
0.007895416578138905	-0.00016050352570073107
0.008634893661029494	-0.000160503254306017
0.00937806812933463	-0.0001605029812721954
0.010124958469981361	-0.00016050270658620882
0.010875583262331262	-0.00016050243023492186
0.01162996117864295	-0.00016050215220524057
0.012388110984536127	-0.00016050187248406176
0.013150051539458866	-0.0001605015910582017
0.013915801797156208	-0.00016050130791444165
0.014685380806142003	-0.00016050102303951592
0.015458807710172712	-0.00016050073642005864
0.01623610174872358	-0.00016050044804261727
0.017017282257467212	-0.00016050015789375528
0.017802368668754516	-0.00016049986595978121
0.01859138051209827	-0.00016049957222705302
0.019384337414658823	-0.00016049927668171946
0.020181259101732015	-0.00016049897930992525
0.020982165397240727	-0.0001604986800976432
0.02178707622422691	-0.0001604983790307396
0.02259601160534814	-0.00016049807609497014
0.02340899166337483	-0.00016049777127597804
0.024226036621691812	-0.00016049746455931374
0.02504716680480027	-0.00016049715593031708
0.025872402638824326	-0.00016049684537431123
0.02670176465201842	-0.00016049653287637344
0.02753527347527842	-0.00016049621842156403
0.028372949842654864	-0.00016049590199472398
0.0292148145918682	-0.00016049558358058867
0.03006088866482743	-0.00016049526316374495
0.03091119310815165	-0.00016049494072863593
0.0317657490736924	-0.0001604946162596078
0.03262457781906081	-0.00016049428974076964
0.03348770070815601	-0.00016049396115615144
0.034355139211696875	-0.00016049363048959228
0.035226914907755424	-0.00016049329772481973
0.03610304948229413	-0.00016049296284534713
0.03698356472970569	-0.00016049262583461388
0.03786848255335419	-0.0001604922866757956
0.038757824966120964	-0.00016049194535197494
0.03965161409095162	-0.00016049160184605172
0.04054987216140643	-0.0001604912561407544
0.04145262152221345	-0.00016049090821863444
0.04235988462982453	-0.00016049055806207157
0.04327168405297366	-0.00016049020565328867
0.0441880424732386	-0.0001604898509743034
0.04510898268560485	-0.00016048949400697748
0.046034527599032954	-0.0001604891347330142
0.04696470023702812	-0.00016048877313382736
0.04789952373821329	-0.00016048840919075493
0.048839021356904266	-0.00016048804288487704
0.04978321646368884	-0.0001604876741971431
0.05073213254600732	-0.00016048730310823503
0.05168579320873729	-0.00016048692959866982
0.052644222174780875	-0.00016048655364877363
0.05360744328565471	-0.00016048617523865624
0.054575480502083065	-0.000160485794348219
0.055548357904593434	-0.0001604854109571475
0.056526099694116344	-0.00016048502504494564
0.0575087301925869	-0.00016048463659085709
0.05849627384354973	-0.0001604842455739181
0.05948875521276744	-0.00016048385197296264
0.06048619898883127	-0.00016048345576658
0.061488629983775384	-0.00016048305693316763
0.06249607313369419	-0.00016048265545082297
0.06350855349936275	-0.00016048225129746785
0.06452609626685958	-0.00016048184445076636
0.06554872674819387	-0.00016048143488813985
0.06657647038193484	-0.00016048102258675798
0.06760935273384447	-0.00016048060752355537
0.06864739949751365	-0.00016048018967521166
0.0696906364950013	-0.00016047976901812616
0.07073908967747639	-0.0001604793455284757
0.07179278512586384	-0.0001604789191821573
0.07285174905149322	-0.0001604784899548137
0.0739160077967507	-0.00016047805782179645
0.07498558783573436	-0.00016047762275814504
0.07606051577491299	-0.00016047718473874106
0.07714081835378758	-0.00016047674373805465
0.07822652244555647	-0.00016047629973034655
0.07931765505778425	-0.0001604758526895406
0.0804142433330731	-0.00016047540258930901
0.08151631454973848	-0.00016047494940298922
0.08262389612248718	-0.00016047449310362832
0.0837370156030995	-0.00016047403366395538
0.0848557006811149	-0.0001604735710564036
0.0859799791845205	-0.0001604731052530634
0.08710987908044313	-0.00016047263622573726
0.08824542847584534	-0.00016047216394584552
0.08938665561822454	-0.00016047168838456555
0.09053358889631567	-0.00016047120951263522
0.09168625684079722	-0.0001604707273005036
0.09284468812500112	-0.00016047024171825805
0.09400891156562617	-0.0001604697527356573
0.0951789561234543	-0.00016046926032207525
0.09635485090407148	-0.00016046876444651237
0.09753662515859184	-0.00016046826507765344
0.0987243082843847	-0.00016046776218372002
0.09991792982580656	-0.00016046725573265415
0.10111751947493569	-0.00016046674569190547
0.10232310707231031	-0.0001604662320286467
0.1035347226076718	-0.0001604657147095347
0.10475239622071016	-0.00016046519370090963
0.10597615820181366	-0.00016046466896865375
0.10720603899282274	-0.00016046414047823516
0.10844206918778684	-0.00016046360819470387
0.10968427953372567	-0.00016046307208269817
0.1109327009313943	-0.00016046253210636927
0.11218736443605135	-0.000160461988229456
0.11344830125823162	-0.00016046144041526516
0.11471554276452282	-0.0001604608886266073
0.11598912047834534	-0.0001604603328258294
0.11726906608073695	-0.00016045977297480683
0.11855541141114062	-0.00016045920903494393
0.11984818846819621	-0.0001604586409671343
0.12114742941053713	-0.00016045806873180455
0.12245316655758978	-0.00016045749228884632
0.1237654323903777	-0.0001604569115976464
0.12508425955232963	-0.00016045632661705882
0.12640968085009122	-0.00016045573730542832
0.1277417292543416	-0.00016045514362051885
0.1290804379006133	-0.00016045454551959486
0.13042584009011637	-0.00016045394295933162
0.1317779692905669	-0.00016045333589579313
0.13313685913701961	-0.00016045272428458332
0.13450254343270476	-0.00016045210808061624
0.13587505614986833	-0.00016045148723821797
0.13725443143061763	-0.00016045086171117038
0.13864070358777073	-0.00016045023145254338
0.14003390710570945	-0.00016044959641486878
0.14143407664123803	-0.00016044895654997326
0.1428412470244442	-0.00016044831180905632
0.1442554532595664	-0.0001604476621426635
0.14567673052586416	-0.0001604470075006681
0.1471051141784935	-0.00016044634783221603
0.14854063974938603	-0.0001604456830858139
0.149983342948133	-0.00016044501320922644
0.15143325966287374	-0.0001604443381495188
0.15289042596118813	-0.0001604436578529575
0.15435487809099402	-0.0001604429722651417
0.15582665248144906	-0.00016044228133088066
0.1573057857438562	-0.00016044158499418324
0.15879231467257537	-0.00016044088319828664
0.16028627624593816	-0.00016044017588568362
0.16178770762716785	-0.0001604394629979008
0.16329664616530362	-0.00016043874447578053
0.16481312939613008	-0.00016043802025926483
0.1663371950431107	-0.00016043729028740504
0.16786888101832628	-0.00016043655449842273
0.1694082254234178	-0.00016043581282959834
0.1709552665505349	-0.00016043506521731582
0.17251004288328747	-0.00016043431159704983
0.17407259309770393	-0.00016043355190330352
0.17564295606319252	-0.00016043278606963965
0.17722117084350858	-0.00016043201402860677
0.17880727669772617	-0.0001604312357117777
0.18040131308121476	-0.00016043045104975625
0.18200331964662084	-0.00016042965997195877
0.18361333624485401	-0.0001604288624069107
0.18523140292607826	-0.00016042805828195143
0.18685755994070874	-0.0001604272475233624
0.1884918477404122	-0.00016042643005627604
0.19013430697911424	-0.00016042560580476173
0.1917849785140098	-0.0001604247746915819
0.19344390340657974	-0.00016042393663846186
0.19511112292361268	-0.0001604230915658017
0.1967866785382308	-0.00016042223939284354
0.19847061193092203	-0.00016042138003756124
0.20016296499057665	-0.00016042051341657782
0.20186377981552947	-0.00016041963944528028
0.2035730987146071	-0.00016041875803770477
0.20529096420818022	-0.00016041786910652085
0.20701741902922113	-0.0001604169725629794
0.20875250612436722	-0.0001604160683169128
0.210496268654989	-0.0001604151562767851
0.21224874999826396	-0.00016041423634950548
0.21400999374825516	-0.00016041330844049058
0.21578004371699644	-0.000160412372453661
0.21755894393558148	-0.00016041142829131732
0.2193467386552594	-0.00016041047585415612
0.22114347234853576	-0.00016040951504130735
0.22294918971027836	-0.0001604085457501668
0.2247639356588297	-0.00016040756787644178
0.2265877553371239	-0.00016040658131411494
0.2284206941138094	-0.0001604055859553755
0.23026279758437848	-0.00016040458169055586
0.23211411157230027	-0.0001604035684082623
0.23397468213016168	-0.00016040254599508126
0.23584455554081238	-0.00016040151433572696
0.23772377831851643	-0.00016040047331288904
0.23961239721010893	-0.00016039942280730794
0.24151045919615952	-0.00016039836269761626
0.24341801149214037	-0.00016039729286032828
0.24533510154960114	-0.00016039621316983979
0.24726177705734917	-0.00016039512349829717
0.24919808594263576	-0.00016039402371569326
0.251144076372349	-0.00016039291368956875
0.2530997967542107	-0.0001603917932852514
0.2550652957379817	-0.00016039066236557737
0.2570406222166717	-0.0001603895207909478
0.2590258253277551	-0.00016038836841928374
0.26102095445439405	-0.00016038720510586302
0.2630260592266659	-0.0001603860307034093
0.2650411895227993	-0.00016038484506186916
0.2670663954704134	-0.00016038364802848778
0.26910172744776534	-0.0001603824394477296
0.27114723608500396	-0.00016038121916105136
0.27320297226542917	-0.00016037998700706044
0.27526898712675635	-0.00016037874282132745
0.27734533206239	-0.00016037748643633112
0.2794320587227019	-0.00016037621768130579
0.2815292190163153	-0.0001603749363823665
0.2836368651113967	-0.00016037364236218176
0.28575504943695385	-0.00016037233544015657
0.28788382468413853	-0.00016037101543209698
0.29002324380755934	-0.00016036968215029626
0.29217336002659705	-0.00016036833540335646
0.29433422682673016	-0.0001603669749961988
0.29650589796086374	-0.00016036560072983555
0.29868842745066804	-0.00016036421240139023
0.30088186958792124	-0.00016036280980394647
0.3030862789358609	-0.00016036139272644238
0.30530171033054027	-0.00016035996095360887
0.307528218882193	-0.0001603585142658352
0.30976585997660405	-0.00016035705243899794
0.312014689276487	-0.00016035557524445937
0.31427476272286925	-0.0001603540824488998
0.3165461365364837	-0.0001603525738141873
0.3188288672191662	-0.0001603510490972742
0.32112301155526213	-0.0001603495080499935
0.32342862661303834	-0.00016034795041905327
0.3257457697461036	-0.0001603463759457674
0.32807449859483384	-0.00016034478436609858
0.3304148710878078	-0.0001603431754102617
0.33276694544324686	-0.00016034154880282303
0.33513078017046305	-0.00016033990426229944
0.33750643407131514	-0.00016033824150129278
0.3398939662416715	-0.00016033656022598498
0.3422934360728799	-0.0001603348601362782
0.34470490325324404	-0.0001603331409254231
0.3471284277695101	-0.00016033140227992397
0.34956406990835764	-0.0001603296438792625
0.3520118902578995	-0.0001603278653958411
0.354471949709189	-0.00016032606649462816
0.3569443094577349	-0.00016032424683316222
0.3594290310050235	-0.00016032240606103683
0.3619261761600484	-0.00016032054381993658
0.3644358070408486	-0.00016031865974330177
0.36695798607605284	-0.00016031675345611786
0.36949277600643327	-0.00016031482457464798
0.37204023988646523	-0.00016031287270616416
0.3746004410858973	-0.0001603108974487014
0.3771734432913268	-0.00016030889839085984
0.3797593105077832	-0.00016030687511138476
0.3823581070603219	-0.00016030482717896817
0.38496989759562367	-0.0001603027541519427
0.3875947470836016	-0.00016030065557789237
0.3902327208190196	-0.00016029853099344714
0.3928838844231145	-0.0001602963799238314
0.39554830384522993	-0.00016029420188259615
0.3982260453644561	-0.0001602919963712494
0.4009171755912785	-0.0001602897628787531
0.40362176146923495	-0.0001602875008813676
0.40633987027658097	-0.0001602852098420716
0.4090715696279639	-0.00016028288921011757
0.4118169274761037	-0.00016028053842083166
0.4145760121134843	-0.00016027815689481693
0.4173488921740515	-0.00016027574403778422
0.4201356366349219	-0.0001602732992399594
0.42293631481809635	-0.0001602708218754518
0.4257509963921868	-0.00016026831130197704
0.42857975137414767	-0.00016026576686005515
0.43142265013101855	-0.00016026318787271376
0.43427976338167373	-0.00016026057364456955
0.43715116219858224	-0.00016025792346152228
0.44003691800957523	-0.00016025523658995516
0.44293710259962304	-0.00016025251227605043
0.4458517881126211	-0.0001602497497452004
0.44878104705318417	-0.00016024694820117514
0.45172495228844983	-0.00016024410682546043
0.45468357704989204	-0.00016024122477650024
0.4576569949351413	-0.00016023830118869502
0.46064527990981685	-0.00016023533517175268
0.4636485063093658	-0.000160232325809744
0.4666667488409128	-0.00016022927216011553
0.4697000825851173	-0.00016022617325278763
0.4727485829980427	-0.00016022302808917503
0.47581232591303285	-0.00016021983564105247
0.478891387542598	-0.00016021659484948564
0.48198584448031084	-0.00016021330462372528
0.4850957737027124	-0.00016020996384005925
0.48822125257122595	-0.0001602065713402965
0.49136235883408197	-0.0001602031259309454
0.4945191706282523	-0.00016019962638129015
0.4976917664813935	-0.00016019607142236974
0.5008802253138004	-0.00016019245974528687
0.5040846264403696	-0.00016018878999977628
0.5073050495725715	-0.00016018506079238764
0.5105415748204343	-0.00016018127068496987
0.5137942826945365	-0.00016017741819270796
0.517063254108009	-0.00016017350178230998
0.5203485703785492	-0.00016016951987010277
0.5236503132304419	-0.0001601654708198365
0.5269685647965939	-0.0001601613529405307
0.5303034076205766	-0.0001601571644842744
0.5336549246586795	-0.00016015290364378975
0.5370231992819728	-0.00016014856854986418
0.5404083152783826	-0.00016014415726878177
0.5438103568547747	-0.0001601396677995368
0.5472294086390483	-0.00016013509807082004
0.5506655556822436	-0.0001601304459381196
0.5541188834606549	-0.0001601257091803345
0.5575894778779582	-0.00016012088549637233
0.5610774252673477	-0.0001601159725017213
0.5645828123936844	-0.0001601109677244699
0.5681057264556525	-0.0001601058686014468
0.5716462550879309	-0.0001601006724739993
0.5752044863633705	-0.0001600953765834913
0.5787805087951873	-0.00016008997806677317
0.5823744113391631	-0.00016008447395101248
0.5859862833958588	-0.00016007886114870881
0.5896162148128381	-0.00016007313645197743
0.5932642958869024	-0.00016006729652679827
0.5969306173663369	-0.00016006133790680112
0.6006152704531684	-0.0001600552569867745
0.6043183468054344	-0.00016004905001555238
0.6080399385394615	-0.00016004271308889433
0.6117801382321587	-0.0001600362421414189
0.6155390389233192	-0.0001600296329384895
0.6193167341179359	-0.0001600228810673557
0.6231133177885255	-0.00016001598192769517
0.6269288843774683	-0.0001600089307218099
0.6307635287993556	-0.000160001722443832
0.6346173464433522	-0.00015999435186853344
0.6384904331755688	-0.00015998681353924078
0.6423828853414466	-0.00015997910175488737
0.6462947997681537	-0.00015997121055643336
0.6502262737669944	-0.000159963133712015
0.6541774051358293	-0.00015995486470121576
0.6581482921615082	-0.00015994639669833513
0.6621390336223156	-0.00015993772255418337
0.6661497287904271	-0.00015992883477671413
0.6701804774343789	-0.0001599197255103165
0.6742313798215507	-0.00015991038651314753
0.6783025367206585	-0.0001599008091331455
0.682394049404262	-0.00015989098428194194
0.6865060196512833	-0.00015988090240665027
0.6906385497495399	-0.00015987055345950617
0.6947917424982876	-0.00015985992686484598
0.6989657012107791	-0.00015984901148345093
0.7031605297168331	-0.0001598377955736574
0.7073763323654171	-0.00015982626674902246
0.7116132140272443	-0.00015981441193248095
0.7158712800973803	-0.00015980221730605652
0.7201506364978669	-0.00015978966825575317
0.724451389680356	-0.00015977674931171165
0.7287736466287575	-0.00015976344408197507
0.7331175148619014	-0.00015974973518010082
0.737483102436211	-0.00015973560414510535
0.7418705179483918	-0.00015972103135356618
0.7462798705381338	-0.0001597059959221486
0.7507112698908246	-0.00015969047559981358
0.7551648262402787	-0.00015967444664821535
0.7596406503714802	-0.00015965788370884488
0.7641388536233378	-0.00015964075965510646
0.7686595478914543	-0.00015962304542719465
0.7732028456309116	-0.0001596047098481443
0.777768859859066	-0.00015958571941718938
0.7823577041583611	-0.00015956603807889847
0.7869694926791531	-0.00015954562696365485
0.7916043401425489	-0.00015952444409586913
0.7962623618432616	-0.00015950244406559943
0.8009436736524779	-0.00015947957765842253
0.8056483920207402	-0.00015945579143736388
0.8103766339808439	-0.00015943102727086642
0.8151285171507483	-0.00015940522179798018
0.8199041597365018	-0.00015937830582379208
0.8247036805351844	-0.00015935020363306955
0.8295271989378604	-0.000159320832211952
0.8343748349325497	-0.00015929010036421079
0.8392467091072124	-0.0001592579077071016
0.8441429426527486	-0.00015922414352925515
0.8490636573660123	-0.00015918868549164944
0.8540089756528424	-0.0001591513981485758
0.8589790205311068	-0.00015911213126325194
0.8639739156337622	-0.00015907071788840923
0.868973915633762	-0.00015902714898926118
0.8739739156337618	-0.00015898129552746425
0.8789739156337616	-0.00015893296898559047
0.8839739156337615	-0.00015888196075063157
0.8889739156337613	-0.0001588280400189181
0.893973915633761	-0.0001587709512487677
0.8989739156337608	-0.00015871041131910587
0.9039739156337606	-0.00015864610636093864
0.9089739156337604	-0.0001585776882234981
0.9139739156337602	-0.00015850477053135027
0.91897391563376	-0.00015842692428347932
0.9239739156337599	-0.00015834367293740925
0.9289739156337596	-0.000158254486915762
0.9339739156337594	-0.00015815877746091578
0.9389739156337592	-0.00015805588975455616
0.943973915633759	-0.00015794509520637864
0.9489739156337588	-0.00015782558280070017
0.9539739156337586	-0.0001576964493742804
0.9589739156337583	-0.00015755668867838179
0.9639739156337582	-0.00015740517905456255
0.968973915633758	-0.0001572406695284591
0.9739739156337578	-0.00015706176409087776
0.9789739156337576	-0.00015686690390258047
0.9839739156337574	-0.00015665434710966666
0.9889739156337571	-0.0001564221459091474
0.9939739156337569	-0.00015616812044016233
0.9989739156337567	-0.00015588982900103168
1.0039739156337566	-0.00015558453401181253
1.0089739156337563	-0.00015524916303176023
1.0139739156337562	-0.00015488026402566207
1.0189739156337558	-0.00015447395392446809
1.0239739156337557	-0.00015402585935766607
1.0289739156337556	-0.0001535310482317036
1.0339739156337553	-0.0001529839505918618
1.0389739156337552	-0.00015237826692391697
1.0439739156337549	-0.00015170686172310828
1.0489739156337547	-0.00015096163977268624
1.0539739156337544	-0.00015013340212226048
1.0589739156337543	-0.00014921167823160833
1.0639739156337542	-0.00014818453013986833
1.0689739156337539	-0.00014703832381516248
1.0739739156337538	-0.0001457574620399371
1.0789739156337534	-0.00014432407227308702
1.0839739156337533	-0.0001427176419050502
1.088973915633753	-0.00014091459217729785
1.093973915633753	-0.00013888778079310235
1.0989739156337526	-0.00013660592190608339
1.1039739156337525	-0.0001340329107793798
1.1089739156337524	-0.00013112703901313838
1.113973915633752	-0.00012784008492563493
1.118973915633752	-0.0001241162625620237
1.1239739156337516	-0.00011989101206980838
1.1289739156337515	-0.00011508961403833382
1.1339739156337512	-0.00010962561115958115
1.138973915633751	-0.00010339902257352972
1.143973915633751	-9.629433996662809e-5
1.1489739156337506	-8.81783003455075e-5
1.1539739156337505	-7.889743888597285e-5
1.1589739156337502	-6.827543670333161e-5
1.16397391563375	-5.611029290770661e-5
1.1689739156337497	-4.217136751013493e-5
1.1739739156337496	-2.6196360490270865e-5
1.1789739156337493	-7.888310396156015e-6
1.1839739156337492	1.3087290364427972e-5
1.187980436725312	3.2074148039242043e-5
1.1919869578168745	5.3223482062924994e-5
1.1959934789084372	7.676849658955158e-5
1.2	0.00010295865974219586
