0.0006999999999999628	-0.00016057642872246018
0.001403500000000035	-0.0001605668747765298
0.0021105174999999296	-0.00016056655434003425
0.0028210700874998964	-0.00016056636383072188
0.003535175437937438	-0.00016056617406622506
0.004252851315127062	-0.00016056598321056984
0.004974115571702636	-0.00016056579122683702
0.005698986149561044	-0.000160565598103987
0.006427481080308875	-0.00016056540383177612
0.007159618485710418	-0.0001605652084001135
0.007895416578138905	-0.0001605650117992274
0.008634893661029494	-0.00016056481401931623
0.00937806812933463	-0.0001605646150507587
0.010124958469981361	-0.00016056441488392426
0.010875583262331262	-0.00016056421350915163
0.01162996117864295	-0.00016056401091691462
0.012388110984536127	-0.00016056380709757677
0.013150051539458866	-0.00016056360204153646
0.013915801797156208	-0.00016056339573910646
0.014685380806142003	-0.00016056318818061276
0.015458807710172712	-0.0001605629793563551
0.01623610174872358	-0.00016056276925649208
0.017017282257467212	-0.00016056255787123884
0.017802368668754516	-0.00016056234519066026
0.01859138051209827	-0.00016056213120484194
0.019384337414658823	-0.00016056191590371464
0.020181259101732015	-0.00016056169927716426
0.020982165397240727	-0.00016056148131506903
0.02178707622422691	-0.0001605612620071343
0.02259601160534814	-0.0001605610413430239
0.02340899166337483	-0.0001605608193123358
0.024226036621691812	-0.0001605605959045547
0.02504716680480027	-0.0001605603711090794
0.025872402638824326	-0.0001605601449152558
0.02670176465201842	-0.0001605599173122753
0.02753527347527842	-0.00016055968828929443
0.028372949842654864	-0.00016055945783531882
0.0292148145918682	-0.00016055922593931904
0.03006088866482743	-0.0001605589925900853
0.03091119310815165	-0.00016055875777638734
0.0317657490736924	-0.00016055852148684938
0.03262457781906081	-0.00016055828370998925
0.03348770070815601	-0.00016055804443421357
0.034355139211696875	-0.00016055780364785015
0.035226914907755424	-0.00016055756133908497
0.03610304948229413	-0.00016055731749596772
0.03698356472970569	-0.0001605570721065513
0.03786848255335419	-0.00016055682515860037
0.038757824966120964	-0.0001605565766399213
0.03965161409095162	-0.000160556326538126
0.04054987216140643	-0.00016055607484064801
0.04145262152221345	-0.00016055582153493022
0.04235988462982453	-0.00016055556660819154
0.04327168405297366	-0.00016055531004757244
0.0441880424732386	-0.00016055505184006856
0.04510898268560485	-0.00016055479197254368
0.046034527599032954	-0.00016055453043172614
0.04696470023702812	-0.00016055426720419777
0.04789952373821329	-0.0001605540022764837
0.048839021356904266	-0.00016055373563487218
0.04978321646368884	-0.00016055346726555038
0.05073213254600732	-0.0001605531971545832
0.05168579320873729	-0.00016055292528789015
0.052644222174780875	-0.00016055265165120682
0.05360744328565471	-0.00016055237623014974
0.054575480502083065	-0.00016055209901022445
0.055548357904593434	-0.0001605518199766843
0.056526099694116344	-0.00016055153911473993
0.0575087301925869	-0.00016055125640939018
0.05849627384354973	-0.00016055097184546936
0.05948875521276744	-0.00016055068540765037
0.06048619898883127	-0.00016055039708051175
0.061488629983775384	-0.00016055010684839927
0.06249607313369419	-0.0001605498146954706
0.06350855349936275	-0.00016054952060578953
0.06452609626685958	-0.00016054922456320862
0.06554872674819387	-0.00016054892655142548
0.06657647038193484	-0.00016054862655390416
0.06760935273384447	-0.00016054832455402975
0.06864739949751365	-0.00016054802053490456
0.0696906364950013	-0.00016054771447951416
0.07073908967747639	-0.00016054740637061525
0.07179278512586384	-0.0001605470961908143
0.07285174905149322	-0.0001605467839225153
0.0739160077967507	-0.00016054646954790218
0.07498558783573436	-0.00016054615304895916
0.07606051577491299	-0.00016054583440753284
0.07714081835378758	-0.00016054551360518768
0.07822652244555647	-0.0001605451906233406
0.07931765505778425	-0.00016054486544318347
0.0804142433330731	-0.00016054453804564847
0.08151631454973848	-0.00016054420841151308
0.08262389612248718	-0.00016054387652130803
0.0837370156030995	-0.000160543542355412
0.0848557006811149	-0.0001605432058938214
0.0859799791845205	-0.00016054286711644525
0.08710987908044313	-0.00016054252600292035
0.08824542847584534	-0.00016054218253259205
0.08938665561822454	-0.00016054183668468702
0.09053358889631567	-0.0001605414884380683
0.09168625684079722	-0.00016054113777141284
0.09284468812500112	-0.00016054078466317342
0.09400891156562617	-0.00016054042909143838
0.0951789561234543	-0.0001605400710341698
0.09635485090407148	-0.0001605397104689904
0.09753662515859184	-0.0001605393473732989
0.0987243082843847	-0.0001605389817241651
0.09991792982580656	-0.00016053861349845576
0.10111751947493569	-0.00016053824267270975
0.10232310707231031	-0.00016053786922322393
0.1035347226076718	-0.00016053749312593685
0.10475239622071016	-0.000160537114356567
0.10597615820181366	-0.00016053673289053393
0.10720603899282274	-0.00016053634870290067
0.10844206918778684	-0.00016053596176847235
0.10968427953372567	-0.00016053557206173515
0.1109327009313943	-0.00016053517955685033
0.11218736443605135	-0.00016053478422766636
0.11344830125823162	-0.00016053438604769947
0.11471554276452282	-0.00016053398499012395
0.11598912047834534	-0.0001605335810278425
0.11726906608073695	-0.00016053317413331137
0.11855541141114062	-0.00016053276427872967
0.11984818846819621	-0.00016053235143589957
0.12114742941053713	-0.00016053193557627606
0.12245316655758978	-0.00016053151667093387
0.1237654323903777	-0.00016053109469060873
0.12508425955232963	-0.00016053066960560985
0.12640968085009122	-0.00016053024138597562
0.1277417292543416	-0.0001605298100011996
0.1290804379006133	-0.0001605293754205117
0.13042584009011637	-0.0001605289376126373
0.1317779692905669	-0.0001605284965459261
0.13313685913701961	-0.00016052805218841896
0.13450254343270476	-0.00016052760450754164
0.13587505614986833	-0.0001605271534704429
0.13725443143061763	-0.00016052669904378401
0.13864070358777073	-0.00016052624119374266
0.14003390710570945	-0.00016052577988610596
0.14143407664123803	-0.00016052531508617879
0.1428412470244442	-0.0001605248467587741
0.1442554532595664	-0.00016052437486823142
0.14567673052586416	-0.00016052389937845746
0.1471051141784935	-0.00016052342025282
0.14854063974938603	-0.00016052293745418995
0.149983342948133	-0.00016052245094492178
0.15143325966287374	-0.00016052196068689717
0.15289042596118813	-0.00016052146664137317
0.15435487809099402	-0.00016052096876917866
0.15582665248144906	-0.0001605204670305095
0.1573057857438562	-0.00016051996138506655
0.15879231467257537	-0.00016051945179194096
0.16028627624593816	-0.00016051893820965004
0.16178770762716785	-0.00016051842059611383
0.16329664616530362	-0.00016051789890871032
0.16481312939613008	-0.00016051737310414924
0.1663371950431107	-0.00016051684313853445
0.16786888101832628	-0.00016051630896734529
0.1694082254234178	-0.00016051577054539663
0.1709552665505349	-0.0001605152278268449
0.17251004288328747	-0.000160514680765237
0.17407259309770393	-0.0001605141293133528
0.17564295606319252	-0.00016051357342333915
0.17722117084350858	-0.00016051301304659312
0.17880727669772617	-0.00016051244813385283
0.18040131308121476	-0.00016051187863503944
0.18200331964662084	-0.00016051130449938196
0.18361333624485401	-0.00016051072567533058
0.18523140292607826	-0.00016051014211055243
0.18685755994070874	-0.00016050955375194784
0.1884918477404122	-0.00016050896054556587
0.19013430697911424	-0.00016050836243664994
0.1917849785140098	-0.00016050775936965922
0.19344390340657974	-0.00016050715128806956
0.19511112292361268	-0.00016050653813463363
0.1967866785382308	-0.00016050591985107774
0.19847061193092203	-0.00016050529637834547
0.20016296499057665	-0.00016050466765631165
0.20186377981552947	-0.0001605040336240319
0.2035730987146071	-0.00016050339421958711
0.20529096420818022	-0.00016050274937993303
0.20701741902922113	-0.00016050209904121683
0.20875250612436722	-0.00016050144313841527
0.210496268654989	-0.00016050078160556014
0.21224874999826396	-0.00016050011437552714
0.21400999374825516	-0.00016049944138017694
0.21578004371699644	-0.00016049876255022565
0.21755894393558148	-0.00016049807781522098
0.2193467386552594	-0.00016049738710363255
0.22114347234853576	-0.00016049669034268923
0.22294918971027836	-0.0001604959874584422
0.2247639356588297	-0.00016049527837566342
0.2265877553371239	-0.00016049456301789507
0.2284206941138094	-0.00016049384130743273
0.23026279758437848	-0.00016049311316517837
0.23211411157230027	-0.00016049237851075934
0.23397468213016168	-0.00016049163726238166
0.23584455554081238	-0.00016049088933687948
0.23772377831851643	-0.0001604901346496545
0.23961239721010893	-0.0001604893731146131
0.24151045919615952	-0.0001604886046442218
0.24341801149214037	-0.00016048782914935533
0.24533510154960114	-0.00016048704653939347
0.24726177705734917	-0.0001604862567220105
0.24919808594263576	-0.0001604854596033609
0.251144076372349	-0.0001604846550878941
0.2530997967542107	-0.0001604838430783032
0.2550652957379817	-0.00016048302347559387
0.2570406222166717	-0.00016048219617893167
0.2590258253277551	-0.00016048136108569528
0.26102095445439405	-0.00016048051809134853
0.2630260592266659	-0.00016047966708948824
0.2650411895227993	-0.00016047880797172886
0.2670663954704134	-0.0001604779406276605
0.26910172744776534	-0.0001604770649448234
0.27114723608500396	-0.0001604761808087121
0.27320297226542917	-0.00016047528810260596
0.27526898712675635	-0.00016047438670756663
0.27734533206239	-0.00016047347650246081
0.2794320587227019	-0.00016047255736380758
0.2815292190163153	-0.0001604716291657588
0.2836368651113967	-0.00016047069178005272
0.28575504943695385	-0.00016046974507593928
0.28788382468413853	-0.00016046878892011848
0.29002324380755934	-0.00016046782317667718
0.29217336002659705	-0.00016046684770701993
0.29433422682673016	-0.00016046586236984672
0.29650589796086374	-0.0001604648670209865
0.29868842745066804	-0.0001604638615134448
0.30088186958792124	-0.0001604628456972873
0.3030862789358609	-0.00016046181941941037
0.30530171033054027	-0.00016046078252378713
0.307528218882193	-0.00016045973485113928
0.30976585997660405	-0.0001604586762388383
0.312014689276487	-0.00016045760652094615
0.31427476272286925	-0.0001604565255281339
0.3165461365364837	-0.00016045543308748202
0.3188288672191662	-0.00016045432902245157
0.32112301155526213	-0.00016045321315277995
0.32342862661303834	-0.00016045208529437112
0.3257457697461036	-0.0001604509452592162
0.32807449859483384	-0.0001604497928552725
0.3304148710878078	-0.00016044862788633794
0.33276694544324686	-0.00016044745015191586
0.33513078017046305	-0.00016044625944721056
0.33750643407131514	-0.00016044505556286111
0.3398939662416715	-0.00016044383828496807
0.3422934360728799	-0.00016044260739474925
0.34470490325324404	-0.00016044136266866262
0.3471284277695101	-0.00016044010387805666
0.34956406990835764	-0.00016043883078916017
0.3520118902578995	-0.0001604375431628608
0.354471949709189	-0.00016043624075459876
0.3569443094577349	-0.00016043492331414713
0.3594290310050235	-0.00016043359058549937
0.3619261761600484	-0.00016043224230674011
0.3644358070408486	-0.00016043087820973657
0.36695798607605284	-0.00016042949802009586
0.36949277600643327	-0.00016042810145689082
0.37204023988646523	-0.0001604266882324448
0.3746004410858973	-0.00016042525805228826
0.3771734432913268	-0.0001604238106147184
0.3797593105077832	-0.00016042234561076645
0.3823581070603219	-0.00016042086272386518
0.38496989759562367	-0.00016041936162964715
0.3875947470836016	-0.00016041784199579434
0.3902327208190196	-0.00016041630348156947
0.3928838844231145	-0.0001604147457377584
0.39554830384522993	-0.00016041316840631085
0.3982260453644561	-0.00016041157112010293
0.4009171755912785	-0.00016040995350253537
0.40362176146923495	-0.0001604083151674014
0.40633987027658097	-0.00016040665571840466
0.4090715696279639	-0.0001604049747489379
0.4118169274761037	-0.00016040327184166172
0.4145760121134843	-0.0001604015465683003
0.4173488921740515	-0.00016039979848904925
0.4201356366349219	-0.00016039802715236105
0.42293631481809635	-0.00016039623209448262
0.4257509963921868	-0.0001603944128391029
0.42857975137414767	-0.00016039256889678803
0.43142265013101855	-0.00016039069976464697
0.43427976338167373	-0.00016038880492586386
0.43715116219858224	-0.00016038688384907508
0.44003691800957523	-0.00016038493598808677
0.44293710259962304	-0.00016038296078107732
0.4458517881126211	-0.00016038095765028552
0.44878104705318417	-0.0001603789260012745
0.45172495228844983	-0.000160376865222339
0.45468357704989204	-0.00016037477468404583
0.4576569949351413	-0.00016037265373827872
0.46064527990981685	-0.0001603705017178721
0.4636485063093658	-0.00016036831793566118
0.4666667488409128	-0.00016036610168383586
0.4697000825851173	-0.00016036385223314236
0.4727485829980427	-0.000160361568832025
0.47581232591303285	-0.00016035925070588503
0.478891387542598	-0.00016035689705603008
0.48198584448031084	-0.00016035450705887346
0.4850957737027124	-0.00016035207986482797
0.48822125257122595	-0.00016034961459739498
0.49136235883408197	-0.00016034711035200038
0.4945191706282523	-0.0001603445661949435
0.4976917664813935	-0.00016034198116215927
0.5008802253138004	-0.00016033935425793327
0.5040846264403696	-0.0001603366844537533
0.5073050495725715	-0.00016033397068683364
0.5105415748204343	-0.00016033121185863726
0.5137942826945365	-0.0001603284068334734
0.517063254108009	-0.00016032555443689292
0.5203485703785492	-0.00016032265345394386
0.5236503132304419	-0.0001603197026276064
0.5269685647965939	-0.0001603167006566293
0.5303034076205766	-0.00016031364619402988
0.5336549246586795	-0.0001603105378446265
0.5370231992819728	-0.00016030737416323552
0.5404083152783826	-0.00016030415365214835
0.5438103568547747	-0.00016030087475896174
0.5472294086390483	-0.00016029753587385847
0.5506655556822436	-0.00016029413532716788
0.5541188834606549	-0.00016029067138633279
0.5575894778779582	-0.00016028714225321453
0.5610774252673477	-0.00016028354606058932
0.5645828123936844	-0.00016027988086934542
0.5681057264556525	-0.00016027614466451067
0.5716462550879309	-0.00016027233535189286
0.5752044863633705	-0.0001602684507539255
0.5787805087951873	-0.000160264488605624
0.5823744113391631	-0.00016026044655015253
0.5859862833958588	-0.00016025632213426995
0.5896162148128381	-0.00016025211280322533
0.5932642958869024	-0.00016024781589545935
0.5969306173663369	-0.00016024342863719105
0.6006152704531684	-0.00016023894813630514
0.6043183468054344	-0.00016023437137617188
0.6080399385394615	-0.00016022969520872548
0.6117801382321587	-0.0001602249163473918
0.6155390389233192	-0.00016022003135949487
0.6193167341179359	-0.00016021503665788418
0.6231133177885255	-0.0001602099284924052
0.6269288843774683	-0.00016020470294040375
0.6307635287993556	-0.0001601993558968982
0.6346173464433522	-0.0001601938830636298
0.6384904331755688	-0.00016018827993800698
0.6423828853414466	-0.00016018254180041115
0.6462947997681537	-0.00016017666370110256
0.6502262737669944	-0.00016017064044624045
0.6541774051358293	-0.0001601644665823718
0.6581482921615082	-0.000160158136379898
0.6621390336223156	-0.00016015164381572158
0.6661497287904271	-0.00016014498255368553
0.6701804774343789	-0.00016013814592401757
0.6742313798215507	-0.00016013112690089562
0.6783025367206585	-0.0001601239180781778
0.682394049404262	-0.0001601165116429512
0.6865060196512833	-0.00016010889934687253
0.6906385497495399	-0.00016010107247502417
0.6947917424982876	-0.00016009302181163
0.6989657012107791	-0.00016008473760332982
0.7031605297168331	-0.0001600762095182137
0.7073763323654171	-0.0001600674266014681
0.7116132140272443	-0.00016005837722642794
0.7158712800973803	-0.00016004904904117905
0.7201506364978669	-0.00016003942890926404
0.724451389680356	-0.00016002950284460635
0.7287736466287575	-0.00016001925593972925
0.7331175148619014	-0.00016000867228591566
0.737483102436211	-0.00015999773488512345
0.7418705179483918	-0.0001599864255518558
0.7462798705381338	-0.00015997472480411504
0.7507112698908246	-0.00015996261174186532
0.7551648262402787	-0.00015995006391138452
0.7596406503714802	-0.0001599370571533305
0.7641388536233378	-0.00015992356543287337
0.7686595478914543	-0.0001599095606486999
0.7732028456309116	-0.00015989501241875432
0.777768859859066	-0.00015987988783872995
0.7823577041583611	-0.00015986415120984224
0.7869694926791531	-0.00015984776373176627
0.7916043401425489	-0.00015983068315527895
0.7962623618432616	-0.00015981286338923866
0.8009436736524779	-0.0001597942540550044
0.8056483920207402	-0.0001597747999813135
0.8103766339808439	-0.00015975444063034424
0.8151285171507483	-0.00015973310944533502
0.8199041597365018	-0.00015971073310865687
0.8247036805351844	-0.00015968723069676705
0.8295271989378604	-0.0001596625127174339
0.8343748349325497	-0.0001596364800120568
0.8392467091072124	-0.00015960902250332048
0.8441429426527486	-0.00015958001776544335
0.8490636573660123	-0.00015954932939157872
0.8540089756528424	-0.0001595168051280222
0.8589790205311068	-0.00015948227474162863
0.8639739156337622	-0.00015944554758025943
0.868973915633762	-0.00015940656890166732
0.8739739156337618	-0.00015936517363665027
0.8789739156337616	-0.00015932113755149109
0.8839739156337615	-0.0001592742111113094
0.8889739156337613	-0.0001592241165953636
0.893973915633761	-0.00015917054474358095
0.8989739156337608	-0.00015911315100478884
0.9039739156337606	-0.00015905155134039796
0.9089739156337604	-0.00015898531752925015
0.9139739156337602	-0.00015891397191543022
0.91897391563376	-0.00015883698152984967
0.9239739156337599	-0.00015875375151231294
0.9289739156337596	-0.00015866361774634458
0.9339739156337594	-0.00015856583861195367
0.9389739156337592	-0.00015845958574694347
0.943973915633759	-0.00015834393369486223
0.9489739156337588	-0.00015821784829961352
0.9539739156337586	-0.00015808017369098643
0.9589739156337583	-0.00015792961768212592
0.9639739156337582	-0.00015776473537797755
0.968973915633758	-0.00015758391076497566
0.9739739156337578	-0.00015738533602072365
0.9789739156337576	-0.00015716698824520817
0.9839739156337574	-0.000156926603274403
0.9889739156337571	-0.00015666164618329323
0.9939739156337569	-0.00015636927803095975
0.9989739156337567	-0.00015604631832916835
1.0039739156337566	-0.0001556892026377967
1.0089739156337563	-0.00015529393459185923
1.0139739156337562	-0.00015485603155827046
1.0189739156337558	-0.0001543704629826919
1.0239739156337557	-0.00015383158033598638
1.0289739156337556	-0.0001532330373822651
1.0339739156337553	-0.00015256769927524217
1.0389739156337552	-0.00015182753873554144
1.0439739156337549	-0.0001510035172627873
1.0489739156337547	-0.00015008544899050384
1.0539739156337544	-0.00014906184438802746
1.0589739156337543	-0.00014791973055416061
1.0639739156337542	-0.0001466444443178777
1.0689739156337539	-0.00014521939377103486
1.0739739156337538	-0.00014362578319361368
1.0789739156337534	-0.00014184229561425333
1.0839739156337533	-0.00013984472647342213
1.088973915633753	-0.00013760556105196268
1.093973915633753	-0.00013509348752587262
1.0989739156337526	-0.00013227283674793308
1.1039739156337525	-0.0001291029392132616
1.1089739156337524	-0.00012553738922220156
1.113973915633752	-0.000121523206130968
1.118973915633752	-0.00011699988292963135
1.1239739156337516	-0.00011189831338855212
1.1289739156337515	-0.0001061395908840967
1.1339739156337512	-9.963367498557188e-5
1.138973915633751	-9.227792618149078e-5
1.143973915633751	-8.395551492819923e-5
1.1489739156337506	-7.453371858447541e-5
1.1539739156337505	-6.386212861186536e-5
1.1589739156337502	-5.1770800198592176e-5
1.16397391563375	-3.806838625755614e-5
1.1689739156337497	-2.2540305992989723e-5
1.1739739156337496	-4.94700266135073e-6
1.1789739156337493	1.497765710763467e-5
1.1839739156337492	3.7527802255188376e-5
1.187980436725312	5.7711836156608725e-5
1.1919869578168745	7.996645738619967e-5
1.1959934789084372	0.00010448739845274707
1.2	0.0001314809166526539
