0.0006999999999999628	-0.00016082791735714353
0.001403500000000035	-0.00016082083510753314
0.0021105174999999296	-0.00016082052253305466
0.0028210700874998964	-0.00016082028853617853
0.003535175437937438	-0.00016082005428594558
0.004252851315127062	-0.00016081981877684134
0.004974115571702636	-0.00016081958198623376
0.005698986149561044	-0.00016081934390527078
0.006427481080308875	-0.0001608191045256333
0.007159618485710418	-0.00016081886383914447
0.007895416578138905	-0.00016081862183782086
0.008634893661029494	-0.0001608183785136391
0.00937806812933463	-0.00016081813385880145
0.010124958469981361	-0.0001608178878654713
0.010875583262331262	-0.00016081764052584414
0.01162996117864295	-0.00016081739183215586
0.012388110984536127	-0.00016081714177668873
0.013150051539458866	-0.00016081689035157617
0.013915801797156208	-0.00016081663754916454
0.014685380806142003	-0.00016081638336167437
0.015458807710172712	-0.00016081612778131132
0.01623610174872358	-0.00016081587080036037
0.017017282257467212	-0.00016081561241100103
0.017802368668754516	-0.00016081535260538572
0.01859138051209827	-0.00016081509137576833
0.019384337414658823	-0.0001608148287143199
0.020181259101732015	-0.0001608145646131046
0.020982165397240727	-0.0001608142990642734
0.02178707622422691	-0.00016081403205995978
0.02259601160534814	-0.00016081376359219126
0.02340899166337483	-0.00016081349365305257
0.024226036621691812	-0.0001608132222345375
0.02504716680480027	-0.00016081294932863085
0.025872402638824326	-0.0001608126749273112
0.02670176465201842	-0.00016081239902261766
0.02753527347527842	-0.0001608121216063245
0.028372949842654864	-0.00016081184267035766
0.0292148145918682	-0.00016081156220667473
0.03006088866482743	-0.00016081128020699472
0.03091119310815165	-0.00016081099666317912
0.0317657490736924	-0.00016081071156699562
0.03262457781906081	-0.0001608104249101854
0.03348770070815601	-0.000160810136684515
0.034355139211696875	-0.00016080984688158812
0.035226914907755424	-0.0001608095554931029
0.03610304948229413	-0.00016080926251070988
0.03698356472970569	-0.00016080896792599144
0.03786848255335419	-0.00016080867173053385
0.038757824966120964	-0.00016080837391588398
0.03965161409095162	-0.00016080807447357452
0.04054987216140643	-0.00016080777339505612
0.04145262152221345	-0.00016080747067175258
0.04235988462982453	-0.00016080716629519653
0.04327168405297366	-0.00016080686025668616
0.0441880424732386	-0.0001608065525476396
0.04510898268560485	-0.0001608062431593581
0.046034527599032954	-0.00016080593208317283
0.04696470023702812	-0.00016080561931041936
0.04789952373821329	-0.00016080530483227097
0.048839021356904266	-0.000160804988639966
0.04978321646368884	-0.00016080467072468907
0.05073213254600732	-0.0001608043510776511
0.05168579320873729	-0.00016080402968997955
0.052644222174780875	-0.00016080370655276627
0.05360744328565471	-0.00016080338165704776
0.054575480502083065	-0.0001608030549939245
0.05554835790459365	-0.0001608027265544234
0.05652609969411678	-0.00016080239632951292
0.05750873019258755	-0.0001608020643102018
0.05849627384355038	-0.00016080173048739455
0.05948875521276831	-0.0001608013948519698
0.060486198988831924	-0.00016080105739484375
0.061488629983776036	-0.00016080071810691194
0.062496073133695054	-0.0001608003769788852
0.06350855349936363	-0.0001608000340016967
0.06452609626686023	-0.00016079968916601727
0.06554872674819473	-0.00016079934246267512
0.0665764703819355	-0.00016079899388234364
0.06760935273384511	-0.00016079864341570114
0.06864739949751451	-0.0001607982910534112
0.06969063649500218	-0.0001607979367861148
0.07073908967747725	-0.00016079758060447323
0.07179278512586448	-0.00016079722249900258
0.07285174905149387	-0.00016079686246030025
0.07391600779675113	-0.00016079650047892002
0.07498558783573481	-0.00016079613654530902
0.07606051577491364	-0.00016079577064999562
0.07714081835378801	-0.0001607954027833679
0.0782265224455569	-0.0001607950329359822
0.07931765505778446	-0.00016079466109815516
0.08041424333307354	-0.0001607942872602568
0.08151631454973869	-0.0001607939114127033
0.08262389612248718	-0.00016079353354574253
0.08373701560309972	-0.00016079315364973614
0.08485570068111534	-0.00016079277171499517
0.08597997918452092	-0.00016079238773170784
0.08710987908044335	-0.00016079200169014421
0.08824542847584554	-0.0001607916135805445
0.08938665561822474	-0.00016079122339293902
0.0905335888963159	-0.0001607908311177076
0.09168625684079766	-0.00016079043674483088
0.09284468812500156	-0.00016079004026453014
0.09400891156562662	-0.00016078964166679418
0.09517895612345495	-0.00016078924094173626
0.09635485090407213	-0.00016078883807944133
0.09753662515859228	-0.0001607884330698424
0.09872430828438533	-0.00016078802590304876
0.09991792982580742	-0.0001607876165689415
0.10111751947493633	-0.00016078720505750076
0.10232310707231096	-0.00016078679135865954
0.10353472260767245	-0.0001607863754623512
0.1047523962207106	-0.00016078595735844798
0.1059761582018141	-0.00016078553703676753
0.10720603899282295	-0.00016078511448723017
0.10844206918778705	-0.00016078468969956376
0.10968427953372589	-0.00016078426266369358
0.11093270093139453	-0.00016078383336928676
0.11218736443605157	-0.00016078340180610356
0.11344830125823162	-0.00016078296796395987
0.11471554276452282	-0.00016078253183252804
0.11598912047834534	-0.0001607820934014835
0.11726906608073716	-0.00016078165266045303
0.11855541141114084	-0.00016078120959912758
0.11984818846819666	-0.0001607807642071955
0.12114742941053756	-0.00016078031647414655
0.12245316655759021	-0.00016077986638964663
0.12376543239037813	-0.00016077941394320396
0.12508425955233007	-0.0001607789591243695
0.12640968085009188	-0.00016077850192270572
0.12774172925434224	-0.0001607780423276835
0.12908043790061416	-0.00016077758032876684
0.13042584009011704	-0.000160777115915403
0.13177796929056776	-0.00016077664907707218
0.1331368591370207	-0.00016077617980314495
0.13450254343270562	-0.00016077570808303957
0.13587505614986897	-0.0001607752339061125
0.1372544314306183	-0.00016077475726164963
0.13864070358777136	-0.00016077427813902253
0.14003390710571012	-0.00016077379652760206
0.14143407664123844	-0.00016077331241650606
0.14284124702444484	-0.00016077282579519034
0.14425545325956707	-0.00016077233665274835
0.1456767305258648	-0.00016077184497847031
0.14710511417849395	-0.00016077135076144879
0.14854063974938644	-0.00016077085399096182
0.14998334294813345	-0.0001607703546560555
0.1514332596628742	-0.00016076985274591658
0.15289042596118857	-0.00016076934824960228
0.15435487809099444	-0.00016076884115619606
0.15582665248144925	-0.00016076833145473265
0.15730578574385642	-0.00016076781913424806
0.1587923146725756	-0.00016076730418369134
0.1602862762459386	-0.00016076678659212202
0.1617877076271685	-0.00016076626634843483
0.16329664616530448	-0.00016076574344151516
0.16481312939613094	-0.0001607652178602819
0.16633719504311156	-0.00016076468959361217
0.16786888101832692	-0.00016076415863031739
0.16940822542341866	-0.00016076362495919365
0.17095526655053575	-0.00016076308856906071
0.17251004288328856	-0.00016076254944861378
0.1740725930977048	-0.0001607620075865923
0.1756429560631934	-0.0001607614629717107
0.17722117084350925	-0.00016076091559257208
0.17880727669772659	-0.00016076036543790216
0.18040131308121543	-0.000160759812496165
0.18200331964662148	-0.00016075925675597286
0.18361333624485465	-0.00016075869820585852
0.18523140292607912	-0.00016075813683428275
0.18685755994070938	-0.00016075757262974953
0.18849184774041308	-0.00016075700558067395
0.19013430697911532	-0.0001607564356753724
0.19178497851401088	-0.0001607558629022494
0.19344390340658082	-0.00016075528724954297
0.19511112292361377	-0.0001607547087056272
0.1967866785382319	-0.00016075412725860018
0.19847061193092289	-0.0001607535428967178
0.2001629649905775	-0.0001607529556080955
0.20186377981553055	-0.00016075236538086113
0.20357309871460819	-0.0001607517722029841
0.2052909642081813	-0.0001607511760625372
0.207017419029222	-0.00016075057694747035
0.20875250612436788	-0.00016074997484567463
0.21049626865498966	-0.00016074936974500072
0.21224874999826462	-0.00016074876163325435
0.21400999374825602	-0.00016074815049822445
0.2157800437169973	-0.00016074753632754516
0.21755894393558234	-0.00016074691910892183
0.21934673865526005	-0.00016074629882989694
0.2211434723485364	-0.0001607456754780219
0.22294918971027902	-0.0001607450490407978
0.22476393565883038	-0.0001607444195056116
0.22658775533712455	-0.00016074378685976783
0.22842069411381005	-0.00016074315109059707
0.23026279758437915	-0.00016074251218534938
0.23211411157230094	-0.00016074187013106998
0.23397468213016254	-0.00016074122491497456
0.23584455554081346	-0.0001607405765239158
0.23772377831851751	-0.00016073992494497176
0.23961239721011024	-0.0001607392701649194
0.24151045919616082	-0.00016073861217058325
0.24341801149214168	-0.00016073795094865775
0.24533510154960245	-0.00016073728648571665
0.24726177705735047	-0.0001607366187684359
0.2491980859426373	-0.00016073594778314034
0.25114407637235053	-0.00016073527351626656
0.2530997967542124	-0.000160734595954122
0.2550652957379834	-0.0001607339150827728
0.2570406222166734	-0.00016073323088843243
0.25902582532775686	-0.00016073254335710805
0.26102095445439577	-0.00016073185247463814
0.2630260592266676	-0.00016073115822687567
0.26504118952280104	-0.00016073046059947055
0.26706639547041516	-0.0001607297595781268
0.26910172744776706	-0.0001607290551481892
0.27114723608500574	-0.00016072834729510024
0.2732029722654309	-0.00016072763600419383
0.2752689871267581	-0.0001607269212604615
0.2773453320623917	-0.00016072620304899657
0.2794320587227036	-0.00016072548135479735
0.281529219016317	-0.00016072475616257684
0.2836368651113984	-0.00016072402745693283
0.28575504943695557	-0.00016072329522253464
0.28788382468414025	-0.00016072255944360114
0.2900232438075611	-0.00016072182010451542
0.29217336002659877	-0.00016072107718935098
0.29433422682673194	-0.00016072033068209777
0.29650589796086546	-0.00016071958056653376
0.29868842745066976	-0.0001607188268264628
0.30088186958792296	-0.0001607180694453115
0.30308627893586265	-0.0001607173084065033
0.305301710330542	-0.00016071654369328062
0.3075282188821948	-0.0001607157752886509
0.30976585997660583	-0.00016071500317546748
0.31201468927648873	-0.0001607142273366016
0.31427476272287097	-0.00016071344775438507
0.3165461365364855	-0.00016071266441139008
0.318828867219168	-0.0001607118772897465
0.3211230115552639	-0.00016071108637149948
0.32342862661304006	-0.00016071029163845834
0.3257457697461053	-0.00016070949307228638
0.32807449859483556	-0.0001607086906543277
0.33041487108780954	-0.00016070788436600044
0.3327669454432486	-0.00016070707418818744
0.33513078017046477	-0.0001607062601018185
0.33750643407131686	-0.0001607054420875519
0.33989396624167323	-0.00016070462012572989
0.3422934360728816	-0.0001607037941967068
0.34470490325324576	-0.00016070296428031373
0.3471284277695118	-0.0001607021303564398
0.34956406990835936	-0.00016070129240448815
0.3520118902579012	-0.00016070045040387848
0.3544719497091907	-0.00016069960433360428
0.35694430945773664	-0.00016069875417250746
0.3594290310050252	-0.00016069789989916786
0.36192617616005013	-0.000160697041491984
0.3644358070408504	-0.00016069617892902716
0.36695798607605457	-0.00016069531218798467
0.36949277600643504	-0.00016069444124655345
0.37204023988646695	-0.00016069356608203853
0.374600441085899	-0.00016069268667139744
0.3771734432913285	-0.0001606918029913992
0.379759310507785	-0.00016069091501863075
0.3823581070603237	-0.00016069002272913903
0.3849698975956254	-0.0001606891260989182
0.3875947470836033	-0.00016068822510356847
0.39023272081902133	-0.00016068731971845
0.3928838844231162	-0.000160686409918607
0.39554830384523165	-0.0001606854956786749
0.3982260453644579	-0.0001606845769731869
0.4009171755912802	-0.00016068365377626292
0.4036217614692367	-0.00016068272606165908
0.4063398702765827	-0.00016068179380288185
0.40907156962796565	-0.00016068085697307092
0.41181692747610543	-0.00016067991554504255
0.41457601211348605	-0.00016067896949141636
0.4173488921740533	-0.0001606780187842938
0.4201356366349237	-0.00016067706339556405
0.42293631481809807	-0.0001606761032966178
0.4257509963921885	-0.00016067513845875638
0.42857975137414944	-0.00016067416885264899
0.4314226501310203	-0.00016067319444885438
0.43427976338167545	-0.0001606722152175267
0.43715116219858396	-0.00016067123112830498
0.440036918009577	-0.0001606702421506397
0.44293710259962477	-0.000160669248253582
0.4458517881126228	-0.00016066824940573444
0.4487810470531859	-0.00016066724557540788
0.45172495228845155	-0.00016066623673055298
0.45468357704989376	-0.0001606652228386804
0.45765699493514306	-0.00016066420386705034
0.46064527990981863	-0.00016066317978226613
0.4636485063093676	-0.00016066215055093663
0.4666667488409145	-0.00016066111613897123
0.4697000825851191	-0.00016066007651213232
0.4727485829980444	-0.00016065903163549707
0.4758123259130346	-0.00016065798147402621
0.47889138754259974	-0.00016065692599221974
0.4819858444803126	-0.0001606558651540594
0.4850957737027142	-0.0001606547989233616
0.48822125257122767	-0.00016065372726323718
0.49136235883408375	-0.0001606526501366989
0.49451917062825407	-0.00016065156750622253
0.49769176648139524	-0.00016065047933384343
0.5008802253138022	-0.00016064938558131285
0.5040846264403713	-0.00016064828620986573
0.5073050495725733	-0.00016064718118047368
0.510541574820436	-0.0001606460704534542
0.5137942826945383	-0.0001606449539889704
0.5170632541080108	-0.0001606438317466966
0.520348570378551	-0.00016064270368585523
0.5236503132304436	-0.00016064156976536696
0.5269685647965956	-0.00016064042994357307
0.5303034076205784	-0.0001606392841785823
0.5336549246586811	-0.0001606381324279961
0.5370231992819746	-0.00016063697464898
0.5404083152783844	-0.0001606358107984416
0.5438103568547764	-0.00016063464083256097
0.5472294086390501	-0.00016063346470742603
0.5506655556822453	-0.00016063228237855157
0.5541188834606565	-0.0001606310938011094
0.5575894778779599	-0.00016062989892965394
0.5610774252673494	-0.0001606286977185002
0.564582812393686	-0.00016062749012145234
0.5681057264556543	-0.00016062627609193835
0.5716462550879327	-0.00016062505558272813
0.5752044863633723	-0.0001606238285464529
0.578780508795189	-0.0001606225949350034
0.5823744113391649	-0.0001606213546999172
0.5859862833958606	-0.00016062010779225685
0.5896162148128399	-0.00016061885416256697
0.5932642958869042	-0.0001606175937608593
0.5969306173663387	-0.0001606163265365864
0.6006152704531702	-0.00016061505243877798
0.6043183468054361	-0.00016061377141574846
0.6080399385394633	-0.00016061248341531342
0.6117801382321605	-0.00016061118838474531
0.615539038923321	-0.00016060988627047032
0.6193167341179376	-0.0001606085770183907
0.6231133177885273	-0.00016060726057377285
0.6269288843774701	-0.00016060593688086862
0.6307635287993573	-0.00016060460588348478
0.6346173464433539	-0.0001606032675243954
0.6384904331755705	-0.00016060192174546095
0.6423828853414483	-0.00016060056848772
0.6462947997681555	-0.00016059920769119967
0.6502262737669962	-0.00016059783929491442
0.6541774051358311	-0.00016059646323655523
0.6581482921615099	-0.00016059507945280393
0.6621390336223173	-0.00016059368787886132
0.6661497287904288	-0.00016059228844875122
0.6701804774343807	-0.00016059088109491362
0.6742313798215525	-0.0001605894657480478
0.6783025367206603	-0.00016058804233732733
0.6823940494042636	-0.000160586610790107
0.6865060196512851	-0.0001605851710314122
0.6906385497495416	-0.00016058372298452753
0.6947917424982893	-0.00016058226657005597
0.6989657012107808	-0.00016058080170659988
0.7031605297168348	-0.00016057932830954952
0.7073763323654189	-0.00016057784629170917
0.7116132140272461	-0.00016057635556276822
0.715871280097382	-0.00016057485602884023
0.7201506364978687	-0.00016057334759266554
0.7244513896803577	-0.00016057183015304245
0.7287736466287593	-0.00016057030360435844
0.733117514861903	-0.00016056876783678803
0.7374831024362126	-0.00016056722273533552
0.7418705179483935	-0.00016056566818008845
0.7462798705381356	-0.00016056410404501517
0.7507112698908263	-0.0001605625301984115
0.7551648262402804	-0.00016056094650148984
0.759640650371482	-0.00016055935280914445
0.7641388536233394	-0.00016055774896765596
0.7686595478914561	-0.00016055613481608406
0.7732028456309133	-0.0001605545101836267
0.7777688598590677	-0.0001605528748907646
0.7823577041583629	-0.00016055122874706576
0.7869694926791548	-0.00016054957155125745
0.7916043401425507	-0.0001605479030900351
0.7962623618432633	-0.00016054622313712612
0.8009436736524796	-0.00016054453145238325
0.805648392020742	-0.0001605428277805063
0.8103766339808457	-0.00016054111184995754
0.81512851715075	-0.0001605393833714176
0.8199041597365035	-0.00016053764203692854
0.8247036805351862	-0.00016053588751773387
0.8295271989378621	-0.0001605341194627194
0.8343748349325514	-0.00016053233749694406
0.8392467091072142	-0.00016053054121902588
0.8441429426527504	-0.0001605287301991322
0.849063657366014	-0.00016052690397685764
0.8540089756528442	-0.00016052506205781157
0.8589790205311084	-0.00016052320391154808
0.863973915633764	-0.00016052132896717593
0.8689739156337638	-0.00016051944087937486
0.8739739156337636	-0.0001605175434387705
0.8789739156337634	-0.00016051563696180786
0.8839739156337632	-0.00016051372089074335
0.8889739156337629	-0.0001605117946249535
0.8939739156337627	-0.00016050985752045547
0.8989739156337626	-0.00016050790888449325
0.9039739156337624	-0.00016050594797287755
0.9089739156337622	-0.00016050397398384477
0.913973915633762	-0.00016050198605377047
0.9189739156337617	-0.00016049998324991468
0.9239739156337615	-0.00016049796456449336
0.9289739156337613	-0.00016049592890654866
0.9339739156337611	-0.00016049387509260772
0.938973915633761	-0.00016049180183755126
0.9439739156337608	-0.0001604897077421806
0.9489739156337605	-0.00016048759128079685
0.9539739156337603	-0.00016048545078553407
0.9589739156337601	-0.0001604832844291341
0.9639739156337599	-0.0001604810902051811
0.9689739156337597	-0.00016047886590482503
0.9739739156337595	-0.00016047660908881777
0.9789739156337594	-0.00016047431705831726
0.9839739156337591	-0.0001604719868169583
0.9889739156337589	-0.00016046961502853705
0.9939739156337587	-0.0001604671979678078
0.9989739156337585	-0.0001604647314622096
1.0039739156337584	-0.00016046221082301329
1.008973915633758	-0.0001604596307651088
1.013973915633758	-0.00016045698531240644
1.0189739156337576	-0.00016045426768570336
1.0239739156337575	-0.00016045147016982797
1.0289739156337572	-0.0001604485839581395
1.033973915633757	-0.00016044559896483015
1.038973915633757	-0.0001604425036055941
1.0439739156337566	-0.0001604392845345656
1.0489739156337565	-0.00016043592633200256
1.0539739156337562	-0.0001604324111320243
1.058973915633756	-0.00016042871817906798
1.0639739156337558	-0.00016042482329704566
1.0689739156337557	-0.00016042069825762393
1.0739739156337553	-0.00016041631002163825
1.0789739156337552	-0.00016041161983439259
1.0839739156337551	-0.00016040658214039788
1.0889739156337548	-0.00016040114328477075
1.0939739156337547	-0.0001603952399551081
1.0989739156337544	-0.0001603887973144421
1.1039739156337542	-0.0001603817267603944
1.108973915633754	-0.0001603739232361315
1.1139739156337538	-0.0001603652620019437
1.1189739156337537	-0.00016035559475925199
1.1239739156337534	-0.00016034474499344062
1.1289739156337533	-0.00016033250238077333
1.133973915633753	-0.0001603186160672934
1.1389739156337528	-0.0001603027865924346
1.1439739156337525	-0.00016028465618512293
1.1489739156337524	-0.0001602637971005471
1.153973915633752	-0.00016023969760459552
1.158973915633752	-0.0001602117451311142
1.1639739156337519	-0.0001601792060420716
1.1689739156337515	-0.0001601412013046141
1.1739739156337514	-0.00016009667726566513
1.178973915633751	-0.0001600443705301691
1.183973915633751	-0.00015998276575819348
1.1889739156337507	-0.00015991004494274563
1.1939739156337505	-0.00015982402644456781
1.1989739156337504	-0.00015972209169358014
1.2039739156337501	-0.00015960109703918205
1.20897391563375	-0.00015945726768976985
1.2139739156337497	-0.00015928607004272986
1.2189739156337496	-0.0001590820579030622
1.2239739156337492	-0.00015883868712914174
1.2289739156337491	-0.0001585480920588146
1.2339739156337488	-0.00015820081563662887
1.2389739156337487	-0.00015778548342867453
1.2439739156337486	-0.00015728840960537265
1.2489739156337483	-0.00015669312045086427
1.2539739156337482	-0.0001559797779136572
1.2589739156337478	-0.00015512448206639987
1.2639739156337477	-0.0001540984269650075
1.2689739156337474	-0.00015286687913442727
1.2739739156337473	-0.00015138794159735958
1.2789739156337472	-0.00014961105874919934
1.2839739156337469	-0.00014747520824799705
1.2889739156337467	-0.00014490671510354193
1.2939739156337464	-0.00014181660999295
1.2989739156337463	-0.00013809743812550135
1.303973915633746	-0.00013361940632161527
1.3089739156337459	-0.0001282257339178734
1.3139739156337455	-0.00012172704722289693
1.3189739156337454	-0.00011389462706929962
1.3239739156337453	-0.00010445228415567515
1.328973915633745	-9.306659704906368e-5
1.333973915633745	-7.933520290536379e-5
1.3389739156337446	-6.277278147212512e-5
1.3439739156337445	-4.279431975536054e-5
1.3489739156337441	-1.8695189740428755e-5
1.353973915633744	1.0372481915107676e-5
1.358973915633744	4.542772002487731e-5
1.3639739156337436	8.769348260468374e-5
1.3689739156337435	0.00013863492350888745
1.3739739156337432	0.00020000370411044942
1.378973915633743	0.00027388882012538564
1.3839739156337427	0.0003627742139933806
1.3879804367253072	0.0004469664732544187
1.3919869578168715	0.0005442617644406557
1.395993478908436	0.0006568229748799242
1.4	0.0007869196093878974
