0.0006999999999999628	-0.00017581461916319862
0.001403500000000035	-0.00017580513413118626
0.0021105174999999296	-0.0001758034933507007
0.0028210700874998964	-0.0001758019446775918
0.003535175437937438	-0.00017580038812187962
0.004252851315127062	-0.00017579882224126687
0.004974115571702636	-0.0001757972469445447
0.005698986149561044	-0.00017579566216078938
0.006427481080308875	-0.00017579406781961885
0.007159618485710418	-0.00017579246385063908
0.007895416578138905	-0.00017579085018317776
0.008634893661029494	-0.0001757892267463388
0.00937806812933463	-0.0001757875934689312
0.010124958469981361	-0.00017578595027924817
0.010875583262331262	-0.00017578429710510512
0.01162996117864295	-0.00017578263387405807
0.012388110984536127	-0.00017578096051287505
0.013150051539458866	-0.00017577927694794666
0.013915801797156208	-0.00017577758310505456
0.014685380806142003	-0.0001757758789094442
0.015458807710172712	-0.00017577416428566882
0.01623610174872358	-0.00017577243915779388
0.017017282257467212	-0.000175770703449143
0.017802368668754516	-0.00017576895708252773
0.01859138051209827	-0.00017576719997998273
0.019384337414658823	-0.0001757654320629178
0.020181259101732015	-0.00017576365325212666
0.020982165397240727	-0.00017576186346764385
0.02178707622422691	-0.00017576006262884773
0.02259601160534814	-0.00017575825065436915
0.02340899166337483	-0.0001757564274621589
0.024226036621691812	-0.0001757545929694041
0.02504716680480027	-0.00017575274709263355
0.025872402638824326	-0.00017575088974749128
0.02670176465201842	-0.00017574902084894578
0.02753527347527842	-0.00017574714031119061
0.028372949842654864	-0.00017574524804761662
0.0292148145918682	-0.00017574334397080674
0.03006088866482743	-0.00017574142799267926
0.03091119310815165	-0.00017573950002407472
0.0317657490736924	-0.0001757375599752397
0.03262457781906081	-0.00017573560775553575
0.03348770070815601	-0.00017573364327344533
0.034355139211696875	-0.00017573166643656098
0.035226914907755424	-0.00017572967715170692
0.03610304948229413	-0.0001757276753247659
0.03698356472970569	-0.00017572566086073555
0.03786848255335419	-0.00017572363366369953
0.038757824966120964	-0.00017572159363691547
0.03965161409095162	-0.00017571954068266565
0.04054987216140643	-0.00017571747470229048
0.04145262152221345	-0.0001757153955961808
0.04235988462982453	-0.00017571330326379207
0.04327168405297366	-0.00017571119760359307
0.0441880424732386	-0.00017570907851310714
0.04510898268560485	-0.0001757069458888576
0.046034527599032954	-0.00017570479962634967
0.04696470023702812	-0.00017570263962001417
0.04789952373821329	-0.00017570046576335243
0.048839021356904266	-0.0001756982779488014
0.04978321646368884	-0.00017569607606770732
0.05073213254600732	-0.00017569386001032043
0.05168579320873729	-0.00017569162966590233
0.052644222174780875	-0.00017568938492252366
0.05360744328565471	-0.00017568712566718575
0.054575480502083065	-0.00017568485178577712
0.055548357904593434	-0.00017568256316304262
0.056526099694116344	-0.00017568025968252928
0.0575087301925869	-0.000175677941226676
0.05849627384354973	-0.00017567560767668932
0.05948875521276744	-0.0001756732589126342
0.06048619898883127	-0.00017567089481329698
0.061488629983775384	-0.00017566851525627043
0.06249607313369419	-0.0001756661201179042
0.06350855349936275	-0.00017566370927323845
0.06452609626685958	-0.00017566128259610786
0.06554872674819387	-0.00017565883995894672
0.06657647038193484	-0.00017565638123309246
0.06760935273384447	-0.00017565390628824257
0.06864739949751365	-0.00017565141499302375
0.0696906364950013	-0.00017564890721447594
0.07073908967747639	-0.00017564638281846495
0.07179278512586384	-0.0001756438416693011
0.07285174905149322	-0.00017564128362989242
0.0739160077967507	-0.00017563870856184043
0.07498558783573436	-0.0001756361163251105
0.07606051577491299	-0.0001756335067782802
0.07714081835378758	-0.00017563087977845874
0.07822652244555647	-0.00017562823518112896
0.07931765505778425	-0.00017562557284034802
0.0804142433330731	-0.00017562289260860802
0.08151631454973848	-0.00017562019433664137
0.08262389612248718	-0.0001756174778738636
0.0837370156030995	-0.00017561474306786772
0.0848557006811149	-0.00017561198976463017
0.0859799791845205	-0.0001756092178084887
0.08710987908044313	-0.00017560642704208876
0.08824542847584534	-0.00017560361730636957
0.08938665561822454	-0.00017560078844045
0.09053358889631567	-0.00017559794028183578
0.09168625684079722	-0.0001755950726660491
0.09284468812500112	-0.00017559218542700908
0.09400891156562617	-0.00017558927839666125
0.0951789561234543	-0.00017558635140506657
0.09635485090407148	-0.00017558340428051248
0.09753662515859184	-0.00017558043684929466
0.0987243082843847	-0.00017557744893573898
0.09991792982580656	-0.0001755744403622381
0.10111751947493569	-0.00017557141094919656
0.10232310707231031	-0.0001755683605149878
0.1035347226076718	-0.0001755652888758691
0.10475239622071016	-0.00017556219584604656
0.10597615820181366	-0.00017555908123768264
0.10720603899282274	-0.00017555594486064294
0.10844206918778684	-0.00017555278652271581
0.10968427953372567	-0.00017554960602946505
0.1109327009313943	-0.00017554640318419187
0.11218736443605135	-0.0001755431777879213
0.11344830125823162	-0.00017553992963933941
0.11471554276452282	-0.00017553665853483686
0.11598912047834534	-0.00017553336426848207
0.11726906608073695	-0.00017553004663176846
0.11855541141114062	-0.00017552670541383334
0.11984818846819621	-0.00017552334040136692
0.12114742941053713	-0.0001755199513784183
0.12245316655758978	-0.00017551653812657888
0.1237654323903777	-0.00017551310042480202
0.12508425955232963	-0.0001755096380493863
0.12640968085009122	-0.00017550615077396734
0.1277417292543416	-0.00017550263836950034
0.1290804379006133	-0.0001754991006040903
0.13042584009011637	-0.00017549553724307106
0.1317779692905669	-0.00017549194804893163
0.13313685913701961	-0.0001754883327813284
0.13450254343270476	-0.00017548469119688199
0.13587505614986833	-0.00017548102304929615
0.13725443143061763	-0.00017547732808920188
0.13864070358777073	-0.00017547360606422034
0.14003390710570945	-0.0001754698567188079
0.14143407664123803	-0.00017546607979421552
0.1428412470244442	-0.00017546227502855533
0.1442554532595664	-0.00017545844215652269
0.14567673052586416	-0.00017545458090969068
0.1471051141784935	-0.0001754506910160826
0.14854063974938603	-0.00017544677220033628
0.149983342948133	-0.00017544282418368738
0.15143325966287374	-0.000175438846683741
0.15289042596118813	-0.00017543483941448194
0.15435487809099402	-0.00017543080208627735
0.15582665248144906	-0.0001754267344058351
0.1573057857438562	-0.00017542263607598241
0.15879231467257537	-0.00017541850679576848
0.16028627624593816	-0.0001754143462603212
0.16178770762716785	-0.00017541015416079917
0.16329664616530362	-0.00017540593018435644
0.16481312939613008	-0.0001754016740140203
0.1663371950431107	-0.00017539738532860397
0.16786888101832628	-0.0001753930638028899
0.1694082254234178	-0.00017538870910704184
0.1709552665505349	-0.000175384320907118
0.17251004288328747	-0.00017537989886455167
0.17407259309770393	-0.00017537544263638457
0.17564295606319252	-0.0001753709518749597
0.17722117084350858	-0.00017536642622795266
0.17880727669772617	-0.0001753618653382659
0.18040131308121476	-0.00017535726884407925
0.18200331964662084	-0.00017535263637849256
0.18361333624485401	-0.00017534796756964264
0.18523140292607826	-0.00017534326204061526
0.18685755994070874	-0.00017533851940926363
0.1884918477404122	-0.00017533373928823128
0.19013430697911424	-0.00017532892128462843
0.1917849785140098	-0.00017532406500036867
0.19344390340657974	-0.00017531917003157292
0.19511112292361268	-0.00017531423596885818
0.1967866785382308	-0.00017530926239694641
0.19847061193092203	-0.00017530424889480325
0.20016296499057665	-0.0001752991950355193
0.20186377981552947	-0.00017529410038583167
0.2035730987146071	-0.00017528896450662992
0.20529096420818022	-0.00017528378695224933
0.20701741902922113	-0.0001752785672708385
0.20875250612436722	-0.00017527330500383977
0.210496268654989	-0.00017526799968619412
0.21224874999826396	-0.00017526265084601692
0.21400999374825516	-0.00017525725800452988
0.21578004371699644	-0.0001752518206760277
0.21755894393558148	-0.0001752463383675725
0.2193467386552594	-0.00017524081057907308
0.22114347234853576	-0.00017523523680285292
0.22294918971027836	-0.0001752296165238272
0.2247639356588297	-0.00017522394921923543
0.2265877553371239	-0.00017521823435840458
0.2284206941138094	-0.00017521247140270607
0.23026279758437848	-0.00017520665980538949
0.23211411157230027	-0.00017520079901149678
0.23397468213016168	-0.00017519488845744148
0.23584455554081238	-0.00017518892757120922
0.23772377831851643	-0.0001751829157719183
0.23961239721010893	-0.00017517685246979943
0.24151045919615952	-0.00017517073706594324
0.24341801149214037	-0.00017516456895210183
0.24533510154960114	-0.00017515834751063742
0.24726177705734917	-0.00017515207211420548
0.24919808594263576	-0.00017514574212561316
0.251144076372349	-0.00017513935689760489
0.2530997967542107	-0.0001751329157726875
0.2550652957379817	-0.0001751264180829673
0.2570406222166717	-0.00017511986314980272
0.2590258253277551	-0.00017511325028374367
0.26102095445439405	-0.00017510657878424147
0.2630260592266659	-0.00017509984793936026
0.2650411895227993	-0.000175093057025691
0.2670663954704134	-0.0001750862053079971
0.26910172744776534	-0.0001750792920390235
0.27114723608500396	-0.00017507231645923219
0.27320297226542917	-0.00017506527779650535
0.27526898712675635	-0.00017505817526605678
0.27734533206239	-0.00017505100806996078
0.2794320587227019	-0.00017504377539693535
0.2815292190163153	-0.0001750364764221197
0.2836368651113967	-0.00017502911030670232
0.28575504943695385	-0.00017502167619773805
0.28788382468413853	-0.00017501417322773533
0.29002324380755934	-0.00017500660051440384
0.29217336002659705	-0.00017499895716033154
0.29433422682673016	-0.00017499124225264505
0.29650589796086374	-0.00017498345486263153
0.29868842745066804	-0.00017497559404546553
0.30088186958792124	-0.00017496765883988352
0.3030862789358609	-0.00017495964826764684
0.30530171033054027	-0.00017495156133342943
0.307528218882193	-0.00017494339702412486
0.30976585997660405	-0.00017493515430879643
0.312014689276487	-0.00017492683213796137
0.31427476272286925	-0.0001749184294434068
0.3165461365364837	-0.00017490994513757373
0.3188288672191662	-0.00017490137811332682
0.32112301155526213	-0.00017489272724327637
0.32342862661303834	-0.00017488399137959452
0.3257457697461036	-0.0001748751693532067
0.32807449859483384	-0.00017486625997355113
0.3304148710878078	-0.00017485726202799722
0.33276694544324686	-0.00017484817428139874
0.33513078017046305	-0.00017483899547538555
0.33750643407131514	-0.0001748297243280581
0.3398939662416715	-0.0001748203595331725
0.3422934360728799	-0.0001748108997597951
0.34470490325324404	-0.00017480134365155378
0.3471284277695101	-0.00017479168982614257
0.34956406990835764	-0.00017478193687450527
0.3520118902578995	-0.00017477208336043735
0.354471949709189	-0.00017476212781974398
0.3569443094577349	-0.00017475206875966045
0.3594290310050235	-0.00017474190465801152
0.3619261761600484	-0.0001747316339626174
0.3644358070408486	-0.00017472125509047484
0.36695798607605284	-0.00017471076642699762
0.36949277600643327	-0.00017470016632530945
0.37204023988646523	-0.00017468945310519145
0.3746004410858973	-0.0001746786250525543
0.3771734432913268	-0.00017466768041834516
0.3797593105077832	-0.00017465661741769347
0.3823581070603219	-0.00017464543422895633
0.38496989759562367	-0.00017463412899291136
0.3875947470836016	-0.00017462269981163934
0.3902327208190196	-0.00017461114474753847
0.3928838844231145	-0.00017459946182231916
0.39554830384522993	-0.00017458764901586576
0.3982260453644561	-0.00017457570426506115
0.4009171755912785	-0.00017456362546290939
0.40362176146923495	-0.00017455141045704368
0.40633987027658097	-0.00017453905704857217
0.4090715696279639	-0.00017452656299094725
0.4118169274761037	-0.00017451392598854694
0.4145760121134843	-0.00017450114369531292
0.4173488921740515	-0.00017448821371340593
0.4201356366349219	-0.00017447513359166263
0.42293631481809635	-0.0001744619008243274
0.4257509963921868	-0.00017444851284919376
0.42857975137414767	-0.00017443496704634305
0.43142265013101855	-0.00017442126073620378
0.43427976338167373	-0.00017440739117791177
0.43715116219858224	-0.00017439335556783674
0.44003691800957523	-0.000174379151037236
0.44293710259962304	-0.00017436477465079375
0.4458517881126211	-0.00017435022340457287
0.44878104705318417	-0.00017433549422377173
0.45172495228844983	-0.00017432058396090245
0.45468357704989204	-0.00017430548939332933
0.4576569949351413	-0.00017429020722141997
0.46064527990981685	-0.00017427473406573678
0.4636485063093658	-0.00017425906646500764
0.4666667488409128	-0.0001742432008733574
0.4697000825851173	-0.00017422713365784304
0.4727485829980427	-0.0001742108610957565
0.47581232591303285	-0.00017419437937173866
0.478891387542598	-0.00017417768457496022
0.48198584448031084	-0.0001741607726960333
0.4850957737027124	-0.000174143639623997
0.48822125257122595	-0.00017412628114299778
0.49136235883408197	-0.00017410869292882233
0.4945191706282523	-0.00017409087054570256
0.4976917664813935	-0.00017407280944233534
0.5008802253138004	-0.0001740545049483173
0.5040846264403696	-0.00017403595227010753
0.5073050495725715	-0.00017401714648713834
0.5105415748204343	-0.00017399808254732853
0.5137942826945365	-0.00017397875526279537
0.517063254108009	-0.0001739591593053484
0.5203485703785492	-0.0001739392892015443
0.5236503132304419	-0.0001739191393279473
0.5269685647965939	-0.00017389870390572152
0.5303034076205766	-0.00017387797699547686
0.5336549246586795	-0.00017385695249141127
0.5370231992819728	-0.00017383562411579816
0.5404083152783826	-0.00017381398541268657
0.5438103568547747	-0.00017379202974160065
0.5472294086390483	-0.0001737697502710551
0.5506655556822436	-0.00017374713997156497
0.5541188834606549	-0.00017372419160843901
0.5575894778779582	-0.0001737008977345054
0.5610774252673477	-0.00017367725068203658
0.5645828123936844	-0.00017365324255480769
0.5681057264556525	-0.00017362886521956846
0.5716462550879309	-0.00017360411029694538
0.5752044863633705	-0.00017357896915249304
0.5787805087951873	-0.00017355343288676282
0.5823744113391631	-0.00017352749232538639
0.5859862833958588	-0.0001735011380081576
0.5896162148128381	-0.00017347436017835674
0.5932642958869024	-0.00017344714877090442
0.5969306173663369	-0.00017341949340035666
0.6006152704531684	-0.00017339138334822145
0.6043183468054344	-0.00017336280754975885
0.6080399385394615	-0.00017333375457992167
0.6117801382321587	-0.00017330421263896505
0.6155390389233192	-0.00017327416953724238
0.6193167341179359	-0.00017324361267902788
0.6231133177885255	-0.0001732125290460767
0.6269288843774683	-0.00017318090517990704
0.6307635287993556	-0.000173148727163467
0.6346173464433522	-0.00017311598060174133
0.6384904331755688	-0.00017308265060172624
0.6423828853414466	-0.0001730487217509636
0.6462947997681537	-0.0001730141780954516
0.6502262737669944	-0.00017297900311600357
0.6541774051358293	-0.00017294317970394945
0.6581482921615082	-0.00017290669013500054
0.6621390336223156	-0.00017286951604229736
0.6661497287904271	-0.0001728316383877022
0.6701804774343789	-0.00017279303743192748
0.6742313798215507	-0.00017275369270296423
0.6783025367206585	-0.00017271358296257663
0.682394049404262	-0.00017267268617152627
0.6865060196512833	-0.00017263097945258537
0.6906385497495399	-0.00017258843905168528
0.6947917424982876	-0.00017254504029697653
0.6989657012107791	-0.00017250075755533519
0.7031605297168331	-0.00017245556418683987
0.7073763323654171	-0.00017240943249664288
0.7116132140272443	-0.00017236233368347155
0.7158712800973803	-0.00017231423778586033
0.7201506364978669	-0.00017226511362490205
0.724451389680356	-0.00017221492874323397
0.7287736466287575	-0.00017216364934077998
0.7331175148619014	-0.00017211124020588022
0.737483102436211	-0.00017205766464205318
0.7418705179483918	-0.00017200288439030164
0.7462798705381338	-0.00017194685954541244
0.7507112698908246	-0.0001718895484665197
0.7551648262402787	-0.00017183090768124892
0.7596406503714802	-0.0001717708917822071
0.7641388536233378	-0.00017170945331552325
0.7686595478914543	-0.00017164654265987224
0.7732028456309116	-0.00017158210789539372
0.777768859859066	-0.00017151609466036923
0.7823577041583611	-0.00017144844599479837
0.7869694926791531	-0.00017137910216853135
0.7916043401425489	-0.00017130800049158746
0.7962623618432616	-0.00017123507510438243
0.8009436736524779	-0.00017116025674443234
0.8056483920207402	-0.0001710834724862458
0.8103766339808439	-0.00017100464544951647
0.8151285171507483	-0.00017092369447141353
0.8199041597365018	-0.0001708405337363978
0.8247036805351844	-0.0001707550723571974
0.8295271989378604	-0.00017066721389918398
0.8343748349325497	-0.000170576855838478
0.8392467091072124	-0.0001704838889441764
0.8441429426527486	-0.00017038819657196058
0.8490636573660123	-0.0001702896538564125
0.8540089756528424	-0.00017018812678512988
0.8589790205311068	-0.0001700834711395505
0.8639739156337622	-0.0001699755312800909
0.868973915633762	-0.00016986458281623842
0.8739739156337618	-0.00016975060286711238
0.8789739156337616	-0.0001696334472953548
0.8839739156337615	-0.00016951295883000338
0.8889739156337613	-0.00016938896631453493
0.893973915633761	-0.0001692612830863099
0.8989739156337608	-0.00016912970517617124
0.9039739156337606	-0.00016899400931087702
0.9089739156337604	-0.00016885395070061402
0.9139739156337602	-0.00016870926058648562
0.91897391563376	-0.00016855964352169382
0.9239739156337599	-0.0001684047743518455
0.9289739156337596	-0.00016824429485614185
0.9339739156337594	-0.0001680778100004057
0.9389739156337592	-0.00016790488374467
0.943973915633759	-0.00016772503433717112
0.9489739156337588	-0.00016753772901263982
0.9539739156337586	-0.000167342377997025
0.9589739156337583	-0.000167138327706183
0.9639739156337582	-0.00016692485300078724
0.968973915633758	-0.00016670114834089553
0.9739739156337578	-0.00016646631765215473
0.9789739156337576	-0.00016621936268558082
0.9839739156337574	-0.0001659591696130612
0.9889739156337571	-0.00016568449355596138
0.9939739156337569	-0.00016539394069194256
0.9989739156337567	-0.00016508594751944272
1.0039739156337566	-0.00016475875678545292
1.0089739156337563	-0.00016441038949210955
1.0139739156337562	-0.00016403861229059803
1.0189739156337558	-0.00016364089944329537
1.0239739156337557	-0.00016321438838569677
1.0289739156337556	-0.00016275582773540018
1.0339739156337553	-0.00016226151638696395
1.0389739156337552	-0.00016172723207152323
1.0439739156337549	-0.000161148147460031
1.0489739156337547	-0.00016051873153006855
1.0539739156337544	-0.00015983263348735271
1.0589739156337543	-0.00015908254603059924
1.0639739156337542	-0.0001582600441495245
1.0689739156337539	-0.00015735539493794007
1.0739739156337538	-0.00015635733307376394
1.0789739156337534	-0.00015525279563596457
1.0839739156337533	-0.0001540266087807292
1.088973915633753	-0.0001526611174541365
1.093973915633753	-0.00015113574775824684
1.0989739156337526	-0.00014942648977202602
1.1039739156337525	-0.00014750528654821368
1.1089739156337524	-0.00014533931261805815
1.113973915633752	-0.0001428901226440587
1.118973915633752	-0.00014011264783322724
1.1239739156337516	-0.0001369540144015558
1.1289739156337515	-0.0001333521547726741
1.1339739156337512	-0.0001292341784153112
1.138973915633751	-0.00012451446538506427
1.143973915633751	-0.00011909244198249863
1.1489739156337506	-0.00011284999478974733
1.1539739156337505	-0.00010564847717306984
1.1589739156337502	-9.732526179290458e-5
1.16397391563375	-8.768979456544573e-5
1.1689739156337497	-7.651911094497206e-5
1.1739739156337496	-6.355278555117991e-5
1.1789739156337493	-4.848730239809083e-5
1.1839739156337492	-3.096985651115944e-5
1.187980436725312	-1.4887807087451895e-5
1.1919869578168745	3.2670983064540508e-6
1.1959934789084372	2.3764735306177805e-5
1.2	4.690392532506451e-5
