0.0006999999999999628	-0.00017755066417646546
0.001403500000000035	-0.00017754118183671468
0.0021105174999999296	-0.00017754091201039593
0.0028210700874998964	-0.00017754076155546809
0.003535175437937438	-0.00017754061202237615
0.004252851315127062	-0.00017754046180290542
0.004974115571702636	-0.00017754031086849274
0.005698986149561044	-0.00017754015921317705
0.006427481080308875	-0.0001775400068319601
0.007159618485710418	-0.000177539853719937
0.007895416578138905	-0.00017753969987246702
0.008634893661029494	-0.0001775395452849672
0.00937806812933463	-0.0001775393899530143
0.010124958469981361	-0.00017753923387227232
0.010875583262331262	-0.00017753907703842454
0.01162996117864295	-0.00017753891944725017
0.012388110984536127	-0.0001775387610945768
0.013150051539458866	-0.00017753860197620603
0.013915801797156208	-0.0001775384420880072
0.014685380806142003	-0.00017753828142584132
0.015458807710172712	-0.00017753811998563838
0.01623610174872358	-0.00017753795776328726
0.017017282257467212	-0.00017753779475469087
0.017802368668754516	-0.00017753763095570515
0.01859138051209827	-0.0001775374663623445
0.019384337414658823	-0.0001775373009704612
0.020181259101732015	-0.00017753713477600892
0.020982165397240727	-0.00017753696777484103
0.02178707622422691	-0.0001775367999628288
0.02259601160534814	-0.0001775366313359738
0.02340899166337483	-0.00017753646189009567
0.024226036621691812	-0.00017753629162101992
0.02504716680480027	-0.0001775361205246767
0.025872402638824326	-0.00017753594859687844
0.02670176465201842	-0.00017753577583347837
0.02753527347527842	-0.00017753560223031427
0.028372949842654864	-0.00017753542778310434
0.0292148145918682	-0.00017753525248783136
0.03006088866482743	-0.00017753507634007634
0.03091119310815165	-0.00017753489933573498
0.0317657490736924	-0.00017753472147050776
0.03262457781906081	-0.00017753454274016593
0.03348770070815601	-0.00017753436314036443
0.034355139211696875	-0.00017753418266689823
0.035226914907755424	-0.0001775340013153538
0.03610304948229413	-0.0001775338190814277
0.03698356472970569	-0.0001775336359608589
0.03786848255335419	-0.0001775334519492112
0.038757824966120964	-0.00017753326704203362
0.03965161409095162	-0.00017753308123503938
0.04054987216140643	-0.0001775328945237568
0.04145262152221345	-0.0001775327069037557
0.04235988462982453	-0.00017753251837052388
0.04327168405297366	-0.00017753232891963368
0.0441880424732386	-0.00017753213854659593
0.04510898268560485	-0.00017753194724685618
0.046034527599032954	-0.00017753175501592226
0.04696470023702812	-0.0001775315618491761
0.04789952373821329	-0.00017753136774206052
0.048839021356904266	-0.00017753117269000068
0.04978321646368884	-0.00017753097668834794
0.05073213254600732	-0.00017753077973249042
0.05168579320873729	-0.00017753058181773436
0.052644222174780875	-0.00017753038293942598
0.05360744328565471	-0.00017753018309284597
0.054575480502083065	-0.00017752998227330233
0.05554835790459365	-0.0001775297804759042
0.05652609969411678	-0.00017752957769611946
0.05750873019258755	-0.0001775293739289855
0.05849627384355038	-0.00017752916916972285
0.05948875521276831	-0.00017752896341351497
0.060486198988831924	-0.00017752875665551
0.061488629983776036	-0.0001775285488908371
0.062496073133695054	-0.0001775283401145257
0.06350855349936363	-0.00017752813032171526
0.06452609626686023	-0.00017752791950744097
0.06554872674819473	-0.00017752770766673974
0.0665764703819355	-0.0001775274947945561
0.06760935273384511	-0.00017752728088591882
0.06864739949751451	-0.00017752706593582656
0.06969063649500218	-0.0001775268499391453
0.07073908967747725	-0.00017752663289077395
0.07179278512586448	-0.00017752641478568524
0.07285174905149387	-0.00017752619561865892
0.07391600779675113	-0.00017752597538452688
0.07498558783573481	-0.00017752575407821983
0.07606051577491364	-0.0001775255316943794
0.07714081835378801	-0.00017752530822777077
0.0782265224455569	-0.00017752508367323676
0.07931765505778446	-0.00017752485802544228
0.08041424333307354	-0.00017752463127901642
0.08151631454973869	-0.00017752440342870326
0.08262389612248718	-0.00017752417446909697
0.08373701560309972	-0.00017752394439478537
0.08485570068111534	-0.00017752371320040082
0.08597997918452092	-0.0001775234808804639
0.08710987908044335	-0.00017752324742951228
0.08824542847584554	-0.00017752301284205247
0.08938665561822474	-0.0001775227771125611
0.0905335888963159	-0.00017752254023545451
0.09168625684079766	-0.00017752230220516432
0.09284468812500156	-0.00017752206301620168
0.09400891156562662	-0.00017752182266279141
0.09517895612345495	-0.00017752158113930536
0.09635485090407213	-0.00017752133844008044
0.09753662515859228	-0.0001775210945594123
0.09872430828438533	-0.00017752084949147862
0.09991792982580742	-0.00017752060323066954
0.10111751947493633	-0.0001775203557709785
0.10232310707231096	-0.00017752010710673455
0.10353472260767245	-0.00017751985723201338
0.1047523962207106	-0.00017751960614093145
0.1059761582018141	-0.00017751935382763403
0.10720603899282295	-0.00017751910028605074
0.10844206918778705	-0.00017751884551031873
0.10968427953372589	-0.00017751858949439177
0.11093270093139453	-0.00017751833223223027
0.11218736443605157	-0.00017751807371784294
0.11344830125823162	-0.00017751781394501702
0.11471554276452282	-0.00017751755290768107
0.11598912047834534	-0.00017751729059973536
0.11726906608073716	-0.00017751702701487623
0.11855541141114084	-0.0001775167621470486
0.11984818846819666	-0.00017751649598984632
0.12114742941053756	-0.00017751622853709483
0.12245316655759021	-0.00017751595978239586
0.12376543239037813	-0.0001775156897194957
0.12508425955233007	-0.00017751541834200397
0.12640968085009188	-0.00017751514564349517
0.12774172925434224	-0.0001775148716174908
0.12908043790061416	-0.0001775145962575925
0.13042584009011704	-0.00017751431955726605
0.13177796929056776	-0.00017751404150999583
0.1331368591370207	-0.0001775137621092033
0.13450254343270562	-0.00017751348134825
0.13587505614986897	-0.00017751319922051673
0.1372544314306183	-0.0001775129157194292
0.13864070358777136	-0.00017751263083812043
0.14003390710571012	-0.00017751234457001638
0.14143407664123844	-0.00017751205690823117
0.14284124702444484	-0.00017751176784601872
0.14425545325956707	-0.00017751147737653236
0.1456767305258648	-0.00017751118549292822
0.14710511417849395	-0.0001775108921882304
0.14854063974938644	-0.00017751059745549876
0.14998334294813345	-0.00017751030128781867
0.1514332596628742	-0.0001775100036781641
0.15289042596118857	-0.00017750970461945505
0.15435487809099444	-0.00017750940410462727
0.15582665248144925	-0.00017750910212650705
0.15730578574385642	-0.00017750879867802402
0.1587923146725756	-0.00017750849375197897
0.1602862762459386	-0.00017750818734101027
0.1617877076271685	-0.0001775078794380001
0.16329664616530448	-0.00017750757003559108
0.16481312939613094	-0.00017750725912642166
0.16633719504311156	-0.00017750694670314949
0.16786888101832692	-0.00017750663275830977
0.16940822542341866	-0.00017750631728453623
0.17095526655053575	-0.00017750600027424215
0.17251004288328856	-0.00017750568171990343
0.1740725930977048	-0.0001775053616140288
0.1756429560631934	-0.00017750503994892208
0.17722117084350925	-0.00017750471671696888
0.17880727669772659	-0.00017750439191054992
0.18040131308121543	-0.00017750406552185998
0.18200331964662148	-0.0001775037375431532
0.18361333624485465	-0.00017750340796657003
0.18523140292607912	-0.00017750307678432513
0.18685755994070938	-0.0001775027439886136
0.18849184774041308	-0.0001775024095713796
0.19013430697911532	-0.00017750207352471684
0.19178497851401088	-0.00017750173584060716
0.19344390340658082	-0.00017750139651092912
0.19511112292361377	-0.00017750105552781108
0.1967866785382319	-0.00017750071288289568
0.19847061193092289	-0.00017750036856808155
0.2001629649905775	-0.00017750002257521742
0.20186377981553055	-0.0001774996748960239
0.20357309871460819	-0.00017749932552212346
0.2052909642081813	-0.0001774989744452438
0.207017419029222	-0.00017749862165702845
0.20875250612436788	-0.00017749826714898577
0.21049626865498966	-0.00017749791091272818
0.21224874999826462	-0.0001774975529396553
0.21400999374825602	-0.00017749719322129022
0.2157800437169973	-0.00017749683174897248
0.21755894393558234	-0.00017749646851409408
0.21934673865526005	-0.0001774961035079876
0.2211434723485364	-0.000177495736721872
0.22294918971027902	-0.00017749536814698933
0.22476393565883038	-0.0001774949977745594
0.22658775533712455	-0.00017749462559573778
0.22842069411381005	-0.00017749425160148354
0.23026279758437915	-0.00017749387578294148
0.23211411157230094	-0.00017749349813110294
0.23397468213016254	-0.00017749311863694885
0.23584455554081346	-0.00017749273729133824
0.23772377831851751	-0.00017749235408517648
0.23961239721011024	-0.00017749196900921954
0.24151045919616082	-0.00017749158205428958
0.24341801149214168	-0.00017749119321106333
0.24533510154960245	-0.00017749080247029132
0.24726177705735047	-0.00017749040982252613
0.2491980859426373	-0.0001774900152584605
0.25114407637235053	-0.00017748961876853716
0.2530997967542124	-0.00017748922034320673
0.2550652957379834	-0.00017748881997301015
0.2570406222166734	-0.0001774884176482508
0.25902582532775686	-0.00017748801335932832
0.26102095445439577	-0.0001774876070965891
0.2630260592266676	-0.0001774871988501684
0.26504118952280104	-0.00017748678861030187
0.26706639547041516	-0.00017748637636715226
0.26910172744776706	-0.0001774859621107902
0.27114723608500574	-0.0001774855458313497
0.2732029722654309	-0.00017748512751870725
0.2752689871267581	-0.0001774847071629163
0.2773453320623917	-0.0001774842847538634
0.2794320587227036	-0.00017748386028126664
0.281529219016317	-0.00017748343373511104
0.2836368651113984	-0.00017748300510501792
0.28575504943695557	-0.00017748257438070944
0.28788382468414025	-0.00017748214155191994
0.2900232438075611	-0.00017748170660813228
0.29217336002659877	-0.0001774812695389267
0.29433422682673194	-0.00017748083033377625
0.29650589796086546	-0.00017748038898211007
0.29868842745066976	-0.00017747994547336412
0.30088186958792296	-0.00017747949979685025
0.30308627893586265	-0.00017747905194176512
0.305301710330542	-0.00017747860189742888
0.3075282188821948	-0.000177478149652999
0.30976585997660583	-0.00017747769519757016
0.31201468927648873	-0.00017747723852021692
0.31427476272287097	-0.0001774767796098974
0.3165461365364855	-0.0001774763184555813
0.318828867219168	-0.0001774758550461551
0.3211230115552639	-0.0001774753893704917
0.32342862661304006	-0.00017747492141732336
0.3257457697461053	-0.00017747445117544396
0.32807449859483556	-0.00017747397863338382
0.33041487108780954	-0.00017747350377992507
0.3327669454432486	-0.00017747302660347985
0.33513078017046477	-0.00017747254709262543
0.33750643407131686	-0.00017747206523570827
0.33989396624167323	-0.0001774715810210871
0.3422934360728816	-0.00017747109443719088
0.34470490325324576	-0.00017747060547212864
0.3471284277695118	-0.00017747011411412746
0.34956406990835936	-0.0001774696203513241
0.3520118902579012	-0.0001774691241716885
0.3544719497091907	-0.0001774686255633362
0.35694430945773664	-0.00017746812451413592
0.3594290310050252	-0.00017746762101184763
0.36192617616005013	-0.00017746711504436325
0.3644358070408504	-0.00017746660659938895
0.36695798607605457	-0.00017746609566451378
0.36949277600643504	-0.00017746558222734928
0.37204023988646695	-0.00017746506627539608
0.374600441085899	-0.00017746454779605142
0.3771734432913285	-0.00017746402677669767
0.379759310507785	-0.0001774635032046625
0.3823581070603237	-0.0001774629770669749
0.3849698975956254	-0.00017746244835088398
0.3875947470836033	-0.00017746191704334357
0.39023272081902133	-0.00017746138313145022
0.3928838844231162	-0.00017746084660185725
0.39554830384523165	-0.00017746030744147
0.3982260453644579	-0.00017745976563698714
0.4009171755912802	-0.00017745922117488077
0.4036217614692367	-0.00017745867404170388
0.4063398702765827	-0.00017745812422396154
0.40907156962796565	-0.00017745757170778653
0.41181692747610543	-0.0001774570164794573
0.41457601211348605	-0.00017745645852510893
0.4173488921740533	-0.00017745589783062904
0.4201356366349237	-0.00017745533438193975
0.42293631481809807	-0.0001774547681647593
0.4257509963921885	-0.00017745419916476702
0.42857975137414944	-0.0001774536273674997
0.4314226501310203	-0.00017745305275827003
0.43427976338167545	-0.000177452475322347
0.43715116219858396	-0.0001774518950448227
0.440036918009577	-0.000177451311910756
0.44293710259962477	-0.00017745072590485435
0.4458517881126228	-0.00017745013701193278
0.4487810470531859	-0.00017744954521635315
0.45172495228845155	-0.00017744895050257817
0.45468357704989376	-0.00017744835285489648
0.45765699493514306	-0.00017744775225707194
0.46064527990981863	-0.00017744714869309325
0.4636485063093676	-0.0001774465421466192
0.4666667488409145	-0.00017744593260099315
0.4697000825851191	-0.00017744532003956677
0.4727485829980444	-0.00017744470444529812
0.4758123259130346	-0.00017744408580093926
0.47889138754259974	-0.00017744346408923026
0.4819858444803126	-0.0001774428392923929
0.4850957737027142	-0.00017744221139255262
0.48822125257122767	-0.00017744158037152894
0.49136235883408375	-0.0001774409462106781
0.49451917062825407	-0.00017744030889158045
0.49769176648139524	-0.00017743966839501085
0.5008802253138022	-0.00017743902470177127
0.5040846264403713	-0.00017743837779198745
0.5073050495725733	-0.00017743772764587673
0.510541574820436	-0.00017743707424290508
0.5137942826945383	-0.00017743641756244575
0.5170632541080108	-0.00017743575758341268
0.520348570378551	-0.00017743509428427834
0.5236503132304436	-0.0001774344276431222
0.5269685647965956	-0.0001774337576375341
0.5303034076205784	-0.00017743308424470445
0.5336549246586811	-0.0001774324074413563
0.5370231992819746	-0.00017743172720360062
0.5404083152783844	-0.00017743104350726276
0.5438103568547764	-0.00017743035632727272
0.5472294086390501	-0.00017742966563833248
0.5506655556822453	-0.00017742897141425859
0.5541188834606565	-0.00017742827362842502
0.5575894778779599	-0.00017742757225339478
0.5610774252673494	-0.00017742686726132217
0.564582812393686	-0.00017742615862321589
0.5681057264556543	-0.00017742544630965684
0.5716462550879327	-0.00017742473029035366
0.5752044863633723	-0.00017742401053413905
0.578780508795189	-0.00017742328700895475
0.5823744113391649	-0.00017742255968183432
0.5859862833958606	-0.00017742182851901114
0.5896162148128399	-0.00017742109348540977
0.5932642958869042	-0.00017742035454523927
0.5969306173663387	-0.00017741961166146177
0.6006152704531702	-0.00017741886479568045
0.6043183468054361	-0.00017741811390865677
0.6080399385394633	-0.0001774173589596928
0.6117801382321605	-0.0001774165999065975
0.615539038923321	-0.00017741583670613086
0.6193167341179376	-0.00017741506931330878
0.6231133177885273	-0.00017741429768162843
0.6269288843774701	-0.00017741352176316635
0.6307635287993573	-0.00017741274150792817
0.6346173464433539	-0.00017741195686453497
0.6384904331755705	-0.00017741116777952607
0.6423828853414483	-0.00017741037419734794
0.6462947997681555	-0.00017740957606077074
0.6502262737669962	-0.00017740877330983047
0.6541774051358311	-0.00017740796588271477
0.6581482921615099	-0.00017740715371502143
0.6621390336223173	-0.00017740633673977594
0.6661497287904288	-0.0001774055148873125
0.6701804774343807	-0.0001774046880852478
0.6742313798215525	-0.00017740385625832254
0.6783025367206603	-0.0001774030193277579
0.6823940494042636	-0.00017740217721186197
0.6865060196512851	-0.00017740132982522913
0.6906385497495416	-0.00017740047707901104
0.6947917424982893	-0.00017739961888023042
0.6989657012107808	-0.00017739875513204833
0.7031605297168348	-0.00017739788573318483
0.7073763323654189	-0.00017739701057772146
0.7116132140272461	-0.00017739612955514812
0.715871280097382	-0.00017739524254957627
0.7201506364978687	-0.00017739434944009374
0.7244513896803577	-0.00017739345009967512
0.7287736466287593	-0.00017739254439536634
0.733117514861903	-0.00017739163218806974
0.7374831024362126	-0.00017739071333150103
0.7418705179483935	-0.00017738978767237062
0.7462798705381356	-0.00017738885504978985
0.7507112698908263	-0.0001773879152944981
0.7551648262402804	-0.00017738696822887042
0.759640650371482	-0.00017738601366589968
0.7641388536233394	-0.00017738505140889711
0.7686595478914561	-0.00017738408125065152
0.7732028456309133	-0.00017738310297286765
0.7777688598590677	-0.00017738211634562835
0.7823577041583629	-0.0001773811211260052
0.7869694926791548	-0.00017738011705775724
0.7916043401425507	-0.00017737910387015463
0.7962623618432633	-0.00017737808127709495
0.8009436736524796	-0.00017737704897589053
0.805648392020742	-0.00017737600664592717
0.8103766339808457	-0.00017737495394802252
0.81512851715075	-0.00017737389052177992
0.8199041597365035	-0.00017737281598565426
0.8247036805351862	-0.00017737172993365896
0.8295271989378621	-0.00017737063193492354
0.8343748349325514	-0.00017736952153052404
0.8392467091072142	-0.00017736839823218143
0.8441429426527504	-0.0001773672615192124
0.849063657366014	-0.00017736611083634215
0.8540089756528442	-0.00017736494559009522
0.8589790205311084	-0.00017736376514626887
0.863973915633764	-0.00017736256882608134
0.8689739156337638	-0.00017736135887990373
0.8739739156337636	-0.00017736013726755366
0.8789739156337634	-0.00017735890384339037
0.8839739156337632	-0.0001773576579477691
0.8889739156337629	-0.00017735639887643979
0.8939739156337627	-0.00017735512587801046
0.8989739156337626	-0.00017735383814933948
0.9039739156337624	-0.00017735253483147973
0.9089739156337622	-0.00017735121500449616
0.913973915633762	-0.000177349877680906
0.9189739156337617	-0.00017734852180015053
0.9239739156337615	-0.0001773471462204008
0.9289739156337613	-0.000177345749711022
0.9339739156337611	-0.0001773443309426128
0.938973915633761	-0.00017734288847677857
0.9439739156337608	-0.0001773414207536999
0.9489739156337605	-0.00017733992607842788
0.9539739156337603	-0.00017733840260554092
0.9589739156337601	-0.00017733684832000625
0.9639739156337599	-0.00017733526101742616
0.9689739156337597	-0.00017733363827935963
0.9739739156337595	-0.00017733197744583483
0.9789739156337594	-0.00017733027558275392
0.9839739156337591	-0.00017732852944504863
0.9889739156337589	-0.00017732673543271394
0.9939739156337587	-0.00017732488954022647
0.9989739156337585	-0.00017732298729690763
1.0039739156337584	-0.0001773210236974588
1.008973915633758	-0.00017731899312020596
1.013973915633758	-0.00017731688923083578
1.0189739156337576	-0.00017731470486886426
1.0239739156337575	-0.00017731243191456507
1.0289739156337572	-0.00017731006112960178
1.033973915633757	-0.00017730758197109705
1.038973915633757	-0.00017730498236789524
1.0439739156337566	-0.00017730224845862792
1.0489739156337565	-0.00017729936427685633
1.0539739156337562	-0.00017729631137838032
1.058973915633756	-0.00017729306839666333
1.0639739156337558	-0.0001772896105129932
1.0689739156337557	-0.00017728590882212247
1.0739739156337553	-0.00017728192957835244
1.0789739156337552	-0.00017727763328879008
1.0839739156337551	-0.0001772729736325783
1.0889739156337548	-0.00017726789616536118
1.0939739156337547	-0.00017726233676627583
1.0989739156337544	-0.000177256219777534
1.1039739156337542	-0.00017724945577235192
1.108973915633754	-0.00017724193887680648
1.1139739156337538	-0.0001772335435556292
1.1189739156337537	-0.00017722412075219085
1.1239739156337534	-0.00017721349325145903
1.1289739156337533	-0.0001772014501102281
1.133973915633753	-0.00017718773996266851
1.1389739156337528	-0.0001771720629743474
1.1439739156337525	-0.0001771540611698742
1.1489739156337524	-0.00017713330680439236
1.153973915633752	-0.00017710928838013805
1.158973915633752	-0.00017708139383477287
1.1639739156337519	-0.00017704889032092497
1.1689739156337515	-0.00017701089989193312
1.1739739156337514	-0.00017696637025869458
1.178973915633751	-0.00017691403961930493
1.183973915633751	-0.00017685239435623212
1.1889739156337507	-0.00017677961815064594
1.1939739156337505	-0.00017669353076614605
1.1989739156337504	-0.0001765915143906446
1.2039739156337501	-0.0001764704249891319
1.20897391563375	-0.00017632648559114385
1.2139739156337497	-0.00017615515778490607
1.2189739156337496	-0.00017595098690992238
1.2239739156337492	-0.0001757074154809081
1.2289739156337491	-0.00017541655821737214
1.2339739156337488	-0.00017506893063537403
1.2389739156337487	-0.00017465312145455215
1.2439739156337486	-0.00017415539699066314
1.2489739156337483	-0.00017355922320269404
1.2539739156337482	-0.00017284468803187964
1.2589739156337478	-0.00017198780303042353
1.2639739156337477	-0.00017095965888547316
1.2689739156337474	-0.0001697254041755587
1.2739739156337473	-0.00016824301037001655
1.2789739156337472	-0.0001664617784964778
1.2839739156337469	-0.00016432053382272325
1.2889739156337467	-0.00016174544406277955
1.2939739156337464	-0.00015864738370868276
1.2989739156337463	-0.00015491875178168138
1.303973915633746	-0.00015042963223172205
1.3089739156337459	-0.00014502316501087086
1.3139739156337455	-0.0001385099711629253
1.3189739156337454	-0.00013066144679299265
1.3239739156337453	-0.00012120170833228999
1.328973915633745	-0.00010979793512507332
1.333973915633745	-9.604881543005674e-5
1.3389739156337446	-7.9470759401085e-5
1.3439739156337445	-5.948149930658627e-5
1.3489739156337441	-3.538065615211496e-5
1.353973915633744	-6.3268177946760095e-6
1.358973915633744	2.8689346372602952e-5
1.3639739156337436	7.087640470063795e-5
1.3689739156337435	0.0001216783441130019
1.3739739156337432	0.00018281593938485448
1.378973915633743	0.000256333454877354
1.3839739156337427	0.00034465052761450894
1.3879804367253072	0.0004281762958353366
1.3919869578168715	0.0005245583425017305
1.395993478908436	0.0006358702011241316
1.4	0.0007642711568645682
