0.0006999999999999628	-0.00017543742632829124
0.001403500000000035	-0.00017542709857515864
0.0021105174999999296	-0.00017542688308615765
0.0028210700874998964	-0.0001754268049442533
0.003535175437937438	-0.0001754267283426174
0.004252851315127062	-0.00017542665140970922
0.004974115571702636	-0.0001754265741158171
0.005698986149561044	-0.00017542649645743938
0.006427481080308875	-0.0001754264184316585
0.007159618485710418	-0.00017542634003563359
0.007895416578138905	-0.00017542626126691878
0.008634893661029494	-0.00017542618212282383
0.00937806812933463	-0.00017542610260104193
0.010124958469981361	-0.00017542602269920098
0.010875583262331262	-0.00017542594241492154
0.01162996117864295	-0.00017542586174603496
0.012388110984536127	-0.0001754257806901961
0.013150051539458866	-0.00017542569924521077
0.013915801797156208	-0.00017542561740889863
0.014685380806142003	-0.0001754255351791075
0.015458807710172712	-0.00017542545255364646
0.01623610174872358	-0.00017542536953035694
0.017017282257467212	-0.0001754252861071318
0.017802368668754516	-0.0001754252022817823
0.01859138051209827	-0.00017542511805221923
0.019384337414658823	-0.00017542503341632949
0.020181259101732015	-0.0001754249483719145
0.020982165397240727	-0.00017542486291691856
0.02178707622422691	-0.00017542477704921987
0.02259601160534814	-0.0001754246907666674
0.02340899166337483	-0.0001754246040670747
0.024226036621691812	-0.00017542451694837384
0.02504716680480027	-0.00017542442940846856
0.025872402638824326	-0.00017542434144513484
0.02670176465201842	-0.00017542425305627386
0.02753527347527842	-0.00017542416423974778
0.028372949842654864	-0.00017542407499340594
0.0292148145918682	-0.00017542398531506434
0.03006088866482743	-0.00017542389520257281
0.03091119310815165	-0.0001754238046537596
0.0317657490736924	-0.00017542371366643803
0.03262457781906081	-0.00017542362223843725
0.03348770070815601	-0.0001754235303675757
0.034355139211696875	-0.0001754234380515912
0.035226914907755424	-0.00017542334528840157
0.03610304948229413	-0.0001754232520756606
0.03698356472970569	-0.0001754231584112544
0.03786848255335419	-0.00017542306429290058
0.038757824966120964	-0.00017542296971839104
0.03965161409095162	-0.00017542287468544612
0.04054987216140643	-0.00017542277919183728
0.04145262152221345	-0.000175422683235283
0.04235988462982453	-0.0001754225868135013
0.04327168405297366	-0.00017542248992434193
0.0441880424732386	-0.00017542239256528597
0.04510898268560485	-0.00017542229473422235
0.046034527599032954	-0.00017542219642876407
0.04696470023702812	-0.00017542209764663161
0.04789952373821329	-0.00017542199838549614
0.048839021356904266	-0.00017542189864302015
0.04978321646368884	-0.00017542179841684895
0.05073213254600732	-0.00017542169770458309
0.05168579320873729	-0.00017542159650399755
0.052644222174780875	-0.00017542149481258952
0.05360744328565471	-0.00017542139262800082
0.054575480502083065	-0.0001754212899479318
0.05554835790459365	-0.00017542118676983025
0.05652609969411678	-0.00017542108309142934
0.05750873019258755	-0.00017542097891018682
0.05849627384355038	-0.0001754208742237211
0.05948875521276831	-0.0001754207690296062
0.060486198988831924	-0.00017542066332529692
0.061488629983776036	-0.00017542055710852722
0.062496073133695054	-0.00017542045037664288
0.06350855349936363	-0.00017542034312720162
0.06452609626686023	-0.00017542023535772379
0.06554872674819473	-0.0001754201270656861
0.0665764703819355	-0.00017542001824859163
0.06760935273384511	-0.00017541990890394555
0.06864739949751451	-0.00017541979902908677
0.06969063649500218	-0.00017541968862158964
0.07073908967747725	-0.00017541957767879562
0.07179278512586448	-0.0001754194661982504
0.07285174905149387	-0.00017541935417724955
0.07391600779675113	-0.0001754192416132619
0.07498558783573481	-0.00017541912850366394
0.07606051577491364	-0.00017541901484578794
0.07714081835378801	-0.00017541890063709444
0.0782265224455569	-0.00017541878587488884
0.07931765505778446	-0.00017541867055656125
0.08041424333307354	-0.00017541855467935287
0.08151631454973869	-0.00017541843824064518
0.08262389612248718	-0.00017541832123779073
0.08373701560309972	-0.00017541820366799785
0.08485570068111534	-0.0001754180855286071
0.08597997918452092	-0.00017541796681685832
0.08710987908044335	-0.00017541784753008274
0.08824542847584554	-0.00017541772766544033
0.08938665561822474	-0.00017541760722020194
0.0905335888963159	-0.00017541748619169246
0.09168625684079766	-0.00017541736457693177
0.09284468812500156	-0.00017541724237327277
0.09400891156562662	-0.0001754171195777902
0.09517895612345495	-0.0001754169961877671
0.09635485090407213	-0.00017541687220027307
0.09753662515859228	-0.00017541674761251168
0.09872430828438533	-0.00017541662242161836
0.09991792982580742	-0.00017541649662465572
0.10111751947493633	-0.00017541637021880897
0.10232310707231096	-0.0001754162432011106
0.10353472260767245	-0.00017541611556866322
0.1047523962207106	-0.000175415987318522
0.1059761582018141	-0.00017541585844781392
0.10720603899282295	-0.00017541572895349262
0.10844206918778705	-0.00017541559883262186
0.10968427953372589	-0.0001754154680821897
0.11093270093139453	-0.00017541533669924276
0.11218736443605157	-0.00017541520468066418
0.11344830125823162	-0.00017541507202358276
0.11471554276452282	-0.0001754149387248784
0.11598912047834534	-0.00017541480478145376
0.11726906608073716	-0.00017541467019025988
0.11855541141114084	-0.0001754145349482628
0.11984818846819666	-0.00017541439905226742
0.12114742941053756	-0.00017541426249927526
0.12245316655759021	-0.0001754141252860608
0.12376543239037813	-0.00017541398740954407
0.12508425955233007	-0.0001754138488665172
0.12640968085009188	-0.00017541370965382756
0.12774172925434224	-0.00017541356976821963
0.12908043790061416	-0.0001754134292065975
0.13042584009011704	-0.0001754132879657597
0.13177796929056776	-0.0001754131460423491
0.1331368591370207	-0.0001754130034331326
0.13450254343270562	-0.00017541286013493822
0.13587505614986897	-0.0001754127161444247
0.1372544314306183	-0.0001754125714582616
0.13864070358777136	-0.00017541242607314384
0.14003390710571012	-0.00017541227998585084
0.14143407664123844	-0.00017541213319290273
0.14284124702444484	-0.00017541198569092777
0.14425545325956707	-0.00017541183747664385
0.1456767305258648	-0.00017541168854665298
0.14710511417849395	-0.00017541153889742453
0.14854063974938644	-0.00017541138852559724
0.14998334294813345	-0.00017541123742777437
0.1514332596628742	-0.00017541108560041203
0.15289042596118857	-0.0001754109330400431
0.15435487809099444	-0.00017541077974319403
0.15582665248144925	-0.00017541062570635509
0.15730578574385642	-0.00017541047092596245
0.1587923146725756	-0.00017541031539842401
0.1602862762459386	-0.0001754101591202595
0.1617877076271685	-0.00017541000208782514
0.16329664616530448	-0.00017540984429752026
0.16481312939613094	-0.00017540968574569654
0.16633719504311156	-0.0001754095264287463
0.16786888101832692	-0.00017540936634296257
0.16940822542341866	-0.0001754092054847503
0.17095526655053575	-0.00017540904385026813
0.17251004288328856	-0.00017540888143587622
0.1740725930977048	-0.00017540871823781964
0.1756429560631934	-0.0001754085542523837
0.17722117084350925	-0.00017540838947569868
0.17880727669772659	-0.0001754082239040327
0.18040131308121543	-0.00017540805753347042
0.18200331964662148	-0.0001754078903602568
0.18361333624485465	-0.00017540772238054192
0.18523140292607912	-0.0001754075535903583
0.18685755994070938	-0.00017540738398584514
0.18849184774041308	-0.00017540721356303735
0.19013430697911532	-0.00017540704231801862
0.19178497851401088	-0.00017540687024681376
0.19344390340658082	-0.00017540669734541882
0.19511112292361377	-0.00017540652360980612
0.1967866785382319	-0.00017540634903590204
0.19847061193092289	-0.00017540617361972685
0.2001629649905775	-0.00017540599735712352
0.20186377981553055	-0.00017540582024400887
0.20357309871460819	-0.00017540564227625587
0.2052909642081813	-0.000175405463449624
0.207017419029222	-0.00017540528376008805
0.20875250612436788	-0.00017540510320332924
0.21049626865498966	-0.00017540492177501877
0.21224874999826462	-0.0001754047394711318
0.21400999374825602	-0.000175404556287172
0.2157800437169973	-0.00017540437221892616
0.21755894393558234	-0.00017540418726203624
0.21934673865526005	-0.00017540400141211908
0.2211434723485364	-0.0001754038146648444
0.22294918971027902	-0.0001754036270156569
0.22476393565883038	-0.0001754034384602584
0.22658775533712455	-0.00017540324899409441
0.22842069411381005	-0.00017540305861266198
0.23026279758437915	-0.000175402867311426
0.23211411157230094	-0.00017540267508580847
0.23397468213016254	-0.00017540248193125577
0.23584455554081346	-0.0001754022878430718
0.23772377831851751	-0.00017540209281667856
0.23961239721011024	-0.00017540189684728805
0.24151045919616082	-0.00017540169993032168
0.24341801149214168	-0.00017540150206088974
0.24533510154960245	-0.00017540130323424817
0.24726177705735047	-0.00017540110344556393
0.2491980859426373	-0.00017540090269004788
0.25114407637235053	-0.0001754007009627317
0.2530997967542124	-0.0001754004982586686
0.2550652957379834	-0.00017540029457299906
0.2570406222166734	-0.00017540008990069969
0.25902582532775686	-0.00017539988423656864
0.26102095445439577	-0.0001753996775757802
0.2630260592266676	-0.00017539946991308942
0.26504118952280104	-0.00017539926124331235
0.26706639547041516	-0.0001753990515612897
0.26910172744776706	-0.00017539884086190412
0.27114723608500574	-0.0001753986291396934
0.2732029722654309	-0.00017539841638948035
0.2752689871267581	-0.00017539820260580938
0.2773453320623917	-0.00017539798778338502
0.2794320587227036	-0.00017539777191664745
0.281529219016317	-0.0001753975550001427
0.2836368651113984	-0.0001753973370283549
0.28575504943695557	-0.00017539711799570743
0.28788382468414025	-0.0001753968978964323
0.2900232438075611	-0.00017539667672508268
0.29217336002659877	-0.00017539645447569623
0.29433422682673194	-0.00017539623114260953
0.29650589796086546	-0.0001753960067199808
0.29868842745066976	-0.0001753957812018157
0.30088186958792296	-0.00017539555458233522
0.30308627893586265	-0.00017539532685537234
0.305301710330542	-0.00017539509801496595
0.3075282188821948	-0.00017539486805495723
0.30976585997660583	-0.00017539463696921343
0.31201468927648873	-0.00017539440475139692
0.31427476272287097	-0.00017539417139536065
0.3165461365364855	-0.00017539393689459368
0.318828867219168	-0.00017539370124274237
0.3211230115552639	-0.0001753934644333287
0.32342862661304006	-0.0001753932264597217
0.3257457697461053	-0.00017539298731533874
0.32807449859483556	-0.00017539274699343685
0.33041487108780954	-0.00017539250548728575
0.3327669454432486	-0.00017539226279004696
0.33513078017046477	-0.00017539201889471068
0.33750643407131686	-0.00017539177379437312
0.33989396624167323	-0.00017539152748185298
0.3422934360728816	-0.00017539127995001063
0.34470490325324576	-0.0001753910311916298
0.3471284277695118	-0.00017539078119942962
0.34956406990835936	-0.0001753905299657516
0.3520118902579012	-0.00017539027748339524
0.3544719497091907	-0.0001753900237444975
0.35694430945773664	-0.00017538976874149152
0.3594290310050252	-0.0001753895124664473
0.36192617616005013	-0.00017538925491165542
0.3644358070408504	-0.0001753889960689759
0.36695798607605457	-0.00017538873593031672
0.36949277600643504	-0.00017538847448745636
0.37204023988646695	-0.0001753882117321062
0.374600441085899	-0.0001753879476558409
0.3771734432913285	-0.00017538768224996393
0.379759310507785	-0.00017538741550589515
0.3823581070603237	-0.00017538714741483015
0.3849698975956254	-0.00017538687796786622
0.3875947470836033	-0.0001753866071558969
0.39023272081902133	-0.00017538633496970253
0.3928838844231162	-0.0001753860613999885
0.39554830384523165	-0.00017538578643722726
0.3982260453644579	-0.00017538551007187326
0.4009171755912802	-0.00017538523229412433
0.4036217614692367	-0.00017538495309400877
0.4063398702765827	-0.00017538467246150743
0.40907156962796565	-0.0001753843903862498
0.41181692747610543	-0.00017538410685799514
0.41457601211348605	-0.0001753838218660211
0.4173488921740533	-0.00017538353539960793
0.4201356366349237	-0.0001753832474477971
0.42293631481809807	-0.00017538295799939395
0.4257509963921885	-0.00017538266704309228
0.42857975137414944	-0.00017538237456734675
0.4314226501310203	-0.00017538208056042625
0.43427976338167545	-0.00017538178501037559
0.43715116219858396	-0.00017538148790500034
0.440036918009577	-0.00017538118923180504
0.44293710259962477	-0.00017538088897822466
0.4458517881126228	-0.00017538058713142816
0.4487810470531859	-0.00017538028367809866
0.45172495228845155	-0.00017537997860496765
0.45468357704989376	-0.0001753796718983793
0.45765699493514306	-0.00017537936354432957
0.46064527990981863	-0.0001753790535285526
0.4636485063093676	-0.0001753787418366309
0.4666667488409145	-0.0001753784284537196
0.4697000825851191	-0.00017537811336459762
0.4727485829980444	-0.00017537779655389096
0.4758123259130346	-0.0001753774780057891
0.47889138754259974	-0.00017537715770410075
0.4819858444803126	-0.0001753768356324366
0.4850957737027142	-0.0001753765117737279
0.48822125257122767	-0.00017537618611083102
0.49136235883408375	-0.00017537585862613907
0.49451917062825407	-0.0001753755293014603
0.49769176648139524	-0.00017537519811832559
0.5008802253138022	-0.0001753748650579629
0.5040846264403713	-0.00017537453010072474
0.5073050495725733	-0.00017537419322682203
0.510541574820436	-0.00017537385441596494
0.5137942826945383	-0.00017537351364720364
0.5170632541080108	-0.00017537317089927194
0.520348570378551	-0.00017537282614998423
0.5236503132304436	-0.00017537247937695854
0.5269685647965956	-0.00017537213055717426
0.5303034076205784	-0.00017537177966673808
0.5336549246586811	-0.0001753714266813594
0.5370231992819746	-0.00017537107157607383
0.5404083152783844	-0.00017537071432501165
0.5438103568547764	-0.00017537035490196922
0.5472294086390501	-0.00017536999327961045
0.5506655556822453	-0.00017536962943008206
0.5541188834606565	-0.00017536926332463226
0.5575894778779599	-0.0001753688949336405
0.5610774252673494	-0.0001753685242267509
0.564582812393686	-0.00017536815117258985
0.5681057264556543	-0.0001753677757389002
0.5716462550879327	-0.0001753673978923114
0.5752044863633723	-0.00017536701759865244
0.578780508795189	-0.0001753666348224994
0.5823744113391649	-0.000175366249527461
0.5859862833958606	-0.00017536586167593148
0.5896162148128399	-0.00017536547122911462
0.5932642958869042	-0.00017536507814683267
0.5969306173663387	-0.00017536468238775818
0.6006152704531702	-0.00017536428390910807
0.6043183468054361	-0.000175363882666804
0.6080399385394633	-0.00017536347861507717
0.6117801382321605	-0.0001753630717066279
0.615539038923321	-0.00017536266189273358
0.6193167341179376	-0.00017536224912274585
0.6231133177885273	-0.00017536183334408942
0.6269288843774701	-0.0001753614145028398
0.6307635287993573	-0.0001753609925426323
0.6346173464433539	-0.00017536056740523185
0.6384904331755705	-0.0001753601390303692
0.6423828853414483	-0.00017535970735508196
0.6462947997681555	-0.00017535927231467327
0.6502262737669962	-0.00017535883384153125
0.6541774051358311	-0.0001753583918655719
0.6581482921615099	-0.00017535794631392022
0.6621390336223173	-0.00017535749711105724
0.6661497287904288	-0.0001753570441782858
0.6701804774343807	-0.0001753565874336143
0.6742313798215525	-0.0001753561267918814
0.6783025367206603	-0.00017535566216459223
0.6823940494042636	-0.00017535519345914392
0.6865060196512851	-0.0001753547205795127
0.6906385497495416	-0.00017535424342521384
0.6947917424982893	-0.0001753537618916586
0.6989657012107808	-0.00017535327586980739
0.7031605297168348	-0.00017535278524564017
0.7073763323654189	-0.0001753522898999406
0.7116132140272461	-0.0001753517897085625
0.715871280097382	-0.00017535128454139614
0.7201506364978687	-0.00017535077426255994
0.7244513896803577	-0.00017535025872948424
0.7287736466287593	-0.00017534973779342427
0.733117514861903	-0.00017534921129845458
0.7374831024362126	-0.00017534867908055899
0.7418705179483935	-0.00017534814096858956
0.7462798705381356	-0.00017534759678232908
0.7507112698908263	-0.00017534704633312363
0.7551648262402804	-0.00017534648942222348
0.759640650371482	-0.00017534592584130318
0.7641388536233394	-0.0001753453553708611
0.7686595478914561	-0.00017534477778005823
0.7732028456309133	-0.0001753441928260516
0.7777688598590677	-0.0001753436002524068
0.7823577041583629	-0.00017534299978960954
0.7869694926791548	-0.0001753423911524307
0.7916043401425507	-0.00017534177404054103
0.7962623618432633	-0.00017534114813613856
0.8009436736524796	-0.000175340513103366
0.805648392020742	-0.00017533986858713567
0.8103766339808457	-0.00017533921421114928
0.81512851715075	-0.0001753385495770404
0.8199041597365035	-0.0001753378742617599
0.8247036805351862	-0.00017533718781712342
0.8295271989378621	-0.0001753364897665922
0.8343748349325514	-0.00017533577960356865
0.8392467091072142	-0.0001753350567890631
0.8441429426527504	-0.00017533432074890302
0.849063657366014	-0.00017533357087101147
0.8540089756528442	-0.00017533280650244317
0.8589790205311084	-0.0001753320269448312
0.863973915633764	-0.0001753312314520612
0.8689739156337638	-0.00017533042131951185
0.8739739156337636	-0.00017532959751446903
0.8789739156337634	-0.00017532875965213578
0.8839739156337632	-0.00017532790701352472
0.8889739156337629	-0.00017532703883204757
0.8939739156337627	-0.00017532615429101565
0.8989739156337626	-0.0001753252525185429
0.9039739156337624	-0.00017532433258337835
0.9089739156337622	-0.0001753233934890796
0.913973915633762	-0.0001753224341681128
0.9189739156337617	-0.00017532145347513644
0.9239739156337615	-0.00017532045017927208
0.9289739156337613	-0.00017531942295629
0.9339739156337611	-0.0001753183703776909
0.938973915633761	-0.00017531729090135078
0.9439739156337608	-0.00017531618285787222
0.9489739156337605	-0.00017531504443719866
0.9539739156337603	-0.00017531387367235828
0.9589739156337601	-0.00017531266842157672
0.9639739156337599	-0.00017531142634609104
0.9689739156337597	-0.0001753101448875071
0.9739739156337595	-0.0001753088212380344
0.9789739156337594	-0.0001753074523097321
0.9839739156337591	-0.00017530603469584179
0.9889739156337589	-0.00017530456462781538
0.9939739156337587	-0.0001753030379245265
0.9989739156337585	-0.00017530144993222767
1.0039739156337584	-0.00017529979545619683
1.008973915633758	-0.00017529806867883823
1.013973915633758	-0.00017529626306331803
1.0189739156337576	-0.00017529437124262862
1.0239739156337575	-0.0001752923848850856
1.0289739156337572	-0.00017529029453843982
1.033973915633757	-0.00017528808944419023
1.038973915633757	-0.00017528575731696287
1.0439739156337566	-0.00017528328408486594
1.0489739156337565	-0.00017528065357734138
1.0539739156337562	-0.0001752778471581016
1.058973915633756	-0.0001752748432841964
1.0639739156337558	-0.00017527161698252435
1.0689739156337557	-0.0001752681392239847
1.0739739156337553	-0.00017526437617560218
1.0789739156337552	-0.00017526028830745926
1.0839739156337551	-0.00017525582932206269
1.0889739156337548	-0.00017525094487334984
1.0939739156337547	-0.00017524557103173408
1.0989739156337544	-0.00017523963244186764
1.1039739156337542	-0.0001752330401143773
1.108973915633754	-0.00017522568877211653
1.1139739156337538	-0.00017521745366575348
1.1189739156337537	-0.00017520818674504303
1.1239739156337534	-0.00017519771205856644
1.1289739156337533	-0.0001751858202204479
1.133973915633753	-0.00017517226175655146
1.1389739156337528	-0.00017515673909905308
1.1439739156337525	-0.0001751388969522874
1.1489739156337524	-0.00017511831069873398
1.153973915633752	-0.00017509447244151618
1.158973915633752	-0.00017506677420188704
1.1639739156337519	-0.0001750344876891495
1.1689739156337515	-0.00017499673994011703
1.1739739156337514	-0.00017495248398763721
1.178973915633751	-0.0001749004635394388
1.183973915633751	-0.00017483917044404883
1.1889739156337507	-0.00017476679347178472
1.1939739156337505	-0.0001746811566376798
1.1989739156337504	-0.0001745796449268475
1.2039739156337501	-0.00017445911485310423
1.20897391563375	-0.0001743157867465726
1.2139739156337497	-0.00017414511502979635
1.2189739156337496	-0.00017394163197135114
1.2239739156337492	-0.00017369875946601817
1.2289739156337491	-0.0001734085822594056
1.2339739156337488	-0.00017306157465088977
1.2389739156337487	-0.00017264627104244133
1.2439739156337486	-0.0001721488686605994
1.2489739156337483	-0.00017155274831459323
1.2539739156337482	-0.00017083789606250907
1.2589739156337478	-0.0001699802050314692
1.2639739156337477	-0.00016895063227486643
1.2689739156337474	-0.00016771418028928414
1.2739739156337473	-0.00016622866652453997
1.2789739156337472	-0.00016444323671005787
1.2839739156337469	-0.00016229656891983215
1.2889739156337467	-0.00015971470476579654
1.2939739156337464	-0.0001566084317638744
1.2989739156337463	-0.00015287012645700705
1.303973915633746	-0.00014836995113859028
1.3089739156337459	-0.00014295127773997202
1.3139739156337455	-0.00013642519054090304
1.3189739156337454	-0.00012856389486980062
1.3239739156337453	-0.00011909283216973575
1.328973915633745	-0.00010768127347830775
1.333973915633745	-9.393113481229182e-5
1.3389739156337446	-7.7363731443734e-5
1.3439739156337445	-5.740416704785374e-5
1.3489739156337441	-3.3363043398157794e-5
1.353973915633744	-4.41518407357712e-6
1.358973915633744	3.042489824026671e-5
1.3639739156337436	7.233098317771548e-5
1.3689739156337435	0.00012269662772247845
1.3739739156337432	0.00018316999185989232
1.378973915633743	0.00025569152016324684
1.3839739156337427	0.00034253354585006356
1.3879804367253072	0.00042438199623072556
1.3919869578168715	0.0005185149112746384
1.395993478908436	0.0006268088362946777
1.4	0.0007511840515803432
