0.0006999999999999628	-0.00016041360332521402
0.001403500000000035	-0.00016040377380832706
0.0021105174999999296	-0.00016040327829080532
0.0028210700874998964	-0.00016040290831187436
0.003535175437937438	-0.00016040253791618932
0.004252851315127062	-0.0001604021653380099
0.004974115571702636	-0.0001604017905324267
0.005698986149561044	-0.00016040141347960303
0.006427481080308875	-0.0001604010341604728
0.007159618485710418	-0.00016040065255632302
0.007895416578138905	-0.0001604002686486257
0.008634893661029494	-0.00016039988241894145
0.00937806812933463	-0.0001603994938489218
0.010124958469981361	-0.0001603991029202496
0.010875583262331262	-0.00016039870961453883
0.01162996117864295	-0.0001603983139133825
0.012388110984536127	-0.00016039791579834897
0.013150051539458866	-0.00016039751525087325
0.013915801797156208	-0.00016039711225233937
0.014685380806142003	-0.00016039670678398912
0.015458807710172712	-0.00016039629882699956
0.01623610174872358	-0.00016039588836240702
0.017017282257467212	-0.00016039547537106968
0.017802368668754516	-0.00016039505983381173
0.01859138051209827	-0.0001603946417312196
0.019384337414658823	-0.00016039422104378263
0.020181259101732015	-0.00016039379775181713
0.020982165397240727	-0.00016039337183547275
0.02178707622422691	-0.00016039294327475123
0.02259601160534814	-0.0001603925120495155
0.02340899166337483	-0.0001603920781393714
0.024226036621691812	-0.00016039164152385126
0.02504716680480027	-0.00016039120218225343
0.025872402638824326	-0.00016039076009366143
0.02670176465201842	-0.0001603903152370873
0.02753527347527842	-0.00016038986759119985
0.028372949842654864	-0.0001603894171346054
0.0292148145918682	-0.0001603889638456693
0.03006088866482743	-0.00016038850770251663
0.03091119310815165	-0.00016038804868312372
0.0317657490736924	-0.00016038758676524377
0.03262457781906081	-0.00016038712192643055
0.03348770070815601	-0.00016038665414398577
0.034355139211696875	-0.0001603861833950776
0.035226914907755424	-0.0001603857096565595
0.03610304948229413	-0.0001603852329051567
0.03698356472970569	-0.000160384753117255
0.03786848255335419	-0.00016038427026913781
0.038757824966120964	-0.00016038378433675044
0.03965161409095162	-0.00016038329529591356
0.04054987216140643	-0.00016038280312210087
0.04145262152221345	-0.00016038230779060576
0.04235988462982453	-0.00016038180927647764
0.04327168405297366	-0.0001603813075544909
0.0441880424732386	-0.0001603808025991742
0.04510898268560485	-0.0001603802943848464
0.046034527599032954	-0.00016037978288549107
0.04696470023702812	-0.0001603792680749186
0.04789952373821329	-0.00016037874992657505
0.048839021356904266	-0.000160378228413749
0.04978321646368884	-0.00016037770350931928
0.05073213254600732	-0.00016037717518605686
0.05168579320873729	-0.0001603766434162781
0.052644222174780875	-0.00016037610817215377
0.05360744328565471	-0.00016037556942553473
0.054575480502083065	-0.00016037502714789226
0.055548357904593434	-0.00016037448131051073
0.056526099694116344	-0.00016037393188429584
0.0575087301925869	-0.00016037337883993477
0.05849627384354973	-0.0001603728221477276
0.05948875521276744	-0.00016037226177768906
0.06048619898883127	-0.00016037169769952887
0.061488629983775384	-0.00016037112988263029
0.06249607313369419	-0.0001603705582960287
0.06350855349936275	-0.0001603699829084724
0.06452609626685958	-0.00016036940368833585
0.06554872674819387	-0.0001603688206036505
0.06657647038193484	-0.00016036823362216296
0.06760935273384447	-0.00016036764271119768
0.06864739949751365	-0.00016036704783777155
0.0696906364950013	-0.00016036644896851412
0.07073908967747639	-0.00016036584606972547
0.07179278512586384	-0.00016036523910726875
0.07285174905149322	-0.00016036462804673509
0.0739160077967507	-0.0001603640128532434
0.07498558783573436	-0.000160363393491586
0.07606051577491299	-0.00016036276992612274
0.07714081835378758	-0.000160362142120852
0.07822652244555647	-0.0001603615100393548
0.07931765505778425	-0.00016036087364478205
0.0804142433330731	-0.00016036023289991
0.08151631454973848	-0.00016035958776709276
0.08262389612248718	-0.0001603589382082251
0.0837370156030995	-0.00016035828418478756
0.0848557006811149	-0.000160357625657816
0.0859799791845205	-0.0001603569625879405
0.08710987908044313	-0.0001603562949352638
0.08824542847584534	-0.0001603556226595018
0.08938665561822454	-0.00016035494571987836
0.09053358889631567	-0.0001603542640751273
0.09168625684079722	-0.0001603535776835236
0.09284468812500112	-0.00016035288650287257
0.09400891156562617	-0.0001603521904904533
0.0951789561234543	-0.0001603514896030634
0.09635485090407148	-0.00016035078379696477
0.09753662515859184	-0.0001603500730279756
0.0987243082843847	-0.00016034935725129824
0.09991792982580656	-0.00016034863642165045
0.10111751947493569	-0.00016034791049320793
0.10232310707231031	-0.00016034717941959653
0.1035347226076718	-0.00016034644315386927
0.10475239622071016	-0.0001603457016485725
0.10597615820181366	-0.00016034495485558765
0.10720603899282274	-0.00016034420272628745
0.10844206918778684	-0.00016034344521138216
0.10968427953372567	-0.00016034268226109767
0.1109327009313943	-0.00016034191382491937
0.11218736443605135	-0.00016034113985179734
0.11344830125823162	-0.00016034036029000413
0.11471554276452282	-0.00016033957508718258
0.11598912047834534	-0.00016033878419034636
0.11726906608073695	-0.0001603379875458608
0.11855541141114062	-0.00016033718509936168
0.11984818846819621	-0.0001603363767958678
0.12114742941053713	-0.00016033556257961408
0.12245316655758978	-0.00016033474239428278
0.1237654323903777	-0.0001603339161826905
0.12508425955232963	-0.00016033308388698248
0.12640968085009122	-0.0001603322454486004
0.1277417292543416	-0.0001603314008081897
0.1290804379006133	-0.0001603305499056543
0.13042584009011637	-0.0001603296926801005
0.1317779692905669	-0.00016032882906988154
0.13313685913701961	-0.0001603279590125232
0.13450254343270476	-0.00016032708244474142
0.13587505614986833	-0.00016032619930240506
0.13725443143061763	-0.0001603253095205677
0.13864070358777073	-0.00016032441303343012
0.14003390710570945	-0.000160323509774323
0.14143407664123803	-0.00016032259967566973
0.1428412470244442	-0.0001603216826689906
0.1442554532595664	-0.00016032075868490855
0.14567673052586416	-0.00016031982765308883
0.1471051141784935	-0.0001603188895022987
0.14854063974938603	-0.00016031794416029112
0.149983342948133	-0.00016031699155386893
0.15143325966287374	-0.00016031603160886535
0.15289042596118813	-0.0001603150642499587
0.15435487809099402	-0.0001603140894009696
0.15582665248144906	-0.00016031310698461516
0.1573057857438562	-0.00016031211692245305
0.15879231467257537	-0.00016031111913508545
0.16028627624593816	-0.00016031011354187687
0.16178770762716785	-0.00016030910006121748
0.16329664616530362	-0.0001603080786101899
0.16481312939613008	-0.00016030704910479027
0.1663371950431107	-0.00016030601145984713
0.16786888101832628	-0.0001603049655889729
0.1694082254234178	-0.00016030391140449196
0.1709552665505349	-0.00016030284881749678
0.17251004288328747	-0.0001603017777378411
0.17407259309770393	-0.00016030069807402344
0.17564295606319252	-0.0001602996097332705
0.17722117084350858	-0.00016029851262142633
0.17880727669772617	-0.00016029740664293734
0.18040131308121476	-0.00016029629170096382
0.18200331964662084	-0.00016029516769706622
0.18361333624485401	-0.00016029403453151126
0.18523140292607826	-0.0001602928921029759
0.18685755994070874	-0.00016029174030867226
0.1884918477404122	-0.00016029057904430987
0.19013430697911424	-0.00016028940820399438
0.1917849785140098	-0.00016028822768023135
0.19344390340657974	-0.00016028703736391316
0.19511112292361268	-0.00016028583714425854
0.1967866785382308	-0.0001602846269088344
0.19847061193092203	-0.00016028340654343756
0.20016296499057665	-0.00016028217593218265
0.20186377981552947	-0.00016028093495728618
0.2035730987146071	-0.0001602796834992475
0.20529096420818022	-0.00016027842143665565
0.20701741902922113	-0.00016027714864616808
0.20875250612436722	-0.00016027586500255738
0.210496268654989	-0.00016027457037865063
0.21224874999826396	-0.00016027326464517264
0.21400999374825516	-0.00016027194767086536
0.21578004371699644	-0.00016027061932235198
0.21755894393558148	-0.00016026927946410463
0.2193467386552594	-0.00016026792795847004
0.22114347234853576	-0.00016026656466547781
0.22294918971027836	-0.0001602651894429566
0.2247639356588297	-0.0001602638021464213
0.2265877553371239	-0.00016026240262898163
0.2284206941138094	-0.00016026099074134708
0.23026279758437848	-0.00016025956633177173
0.23211411157230027	-0.00016025812924598705
0.23397468213016168	-0.0001602566793271343
0.23584455554081238	-0.00016025521641578857
0.23772377831851643	-0.00016025374034978578
0.23961239721010893	-0.00016025225096424415
0.24151045919615952	-0.00016025074809149039
0.24341801149214037	-0.00016024923156103465
0.24533510154960114	-0.00016024770119939927
0.24726177705734917	-0.00016024615683013981
0.24919808594263576	-0.00016024459827388392
0.251144076372349	-0.00016024302534792855
0.2530997967542107	-0.00016024143786663467
0.2550652957379817	-0.00016023983564093848
0.2570406222166717	-0.00016023821847850665
0.2590258253277551	-0.00016023658618365537
0.26102095445439405	-0.00016023493855721424
0.2630260592266659	-0.00016023327539639514
0.2650411895227993	-0.00016023159649488757
0.2670663954704134	-0.0001602299016425704
0.26910172744776534	-0.00016022819062563415
0.27114723608500396	-0.000160226463226317
0.27320297226542917	-0.00016022471922286726
0.27526898712675635	-0.00016022295838955311
0.27734533206239	-0.00016022118049646917
0.2794320587227019	-0.000160219385309408
0.2815292190163153	-0.00016021757258982152
0.2836368651113967	-0.00016021574209480378
0.28575504943695385	-0.0001602138935767217
0.28788382468413853	-0.0001602120267834644
0.29002324380755934	-0.00016021014145804473
0.29217336002659705	-0.00016020823733858095
0.29433422682673016	-0.00016020631415820198
0.29650589796086374	-0.00016020437164493716
0.29868842745066804	-0.00016020240952155856
0.30088186958792124	-0.00016020042750541764
0.3030862789358609	-0.0001601984253084189
0.30530171033054027	-0.0001601964026367527
0.307528218882193	-0.00016019435919090202
0.30976585997660405	-0.00016019229466532285
0.312014689276487	-0.00016019020874853907
0.31427476272286925	-0.00016018810112269647
0.3165461365364837	-0.00016018597146369364
0.3188288672191662	-0.0001601838194407686
0.32112301155526213	-0.0001601816447165009
0.32342862661303834	-0.00016017944694663155
0.3257457697461036	-0.000160177225779767
0.32807449859483384	-0.00016017498085727777
0.3304148710878078	-0.00016017271181319257
0.33276694544324686	-0.00016017041827385455
0.33513078017046305	-0.00016016809985777187
0.33750643407131514	-0.00016016575617545394
0.3398939662416715	-0.0001601633868291976
0.3422934360728799	-0.00016016099141276583
0.34470490325324404	-0.00016015856951133548
0.3471284277695101	-0.00016015612070110913
0.34956406990835764	-0.00016015364454914586
0.3520118902578995	-0.0001601511406131079
0.354471949709189	-0.00016014860844096575
0.3569443094577349	-0.00016014604757082072
0.3594290310050235	-0.00016014345753053818
0.3619261761600484	-0.00016014083783752117
0.3644358070408486	-0.0001601381879983951
0.36695798607605284	-0.0001601355075086649
0.36949277600643327	-0.00016013279585254929
0.37204023988646523	-0.00016013005250250983
0.3746004410858973	-0.00016012727691893966
0.3771734432913268	-0.00016012446854984125
0.3797593105077832	-0.0001601216268305926
0.3823581070603219	-0.00016011875118330921
0.38496989759562367	-0.00016011584101671626
0.3875947470836016	-0.00016011289572561633
0.3902327208190196	-0.00016010991469053801
0.3928838844231145	-0.00016010689727727933
0.39554830384522993	-0.00016010384283651606
0.3982260453644561	-0.00016010075070327522
0.4009171755912785	-0.00016009762019649715
0.40362176146923495	-0.00016009445061868297
0.40633987027658097	-0.0001600912412550982
0.4090715696279639	-0.0001600879913735291
0.4118169274761037	-0.00016008470022363673
0.4145760121134843	-0.0001600813670363084
0.4173488921740515	-0.00016007799102323662
0.4201356366349219	-0.0001600745713762367
0.42293631481809635	-0.00016007110726658515
0.4257509963921868	-0.00016006759784442814
0.42857975137414767	-0.00016006404223807506
0.43142265013101855	-0.000160060439553313
0.43427976338167373	-0.00016005678887266034
0.43715116219858224	-0.00016005308925465194
0.44003691800957523	-0.00016004933973297854
0.44293710259962304	-0.00016004553931581465
0.4458517881126211	-0.0001600416869847774
0.44878104705318417	-0.00016003778169415423
0.45172495228844983	-0.0001600338223700152
0.45468357704989204	-0.000160029807909221
0.4576569949351413	-0.00016002573717841193
0.46064527990981685	-0.00016002160901298142
0.4636485063093658	-0.00016001742221607133
0.4666667488409128	-0.00016001317555726228
0.4697000825851173	-0.000160008867771693
0.4727485829980427	-0.0001600044975586241
0.47581232591303285	-0.00016000006358023907
0.478891387542598	-0.0001599955644604287
0.48198584448031084	-0.0001599909987831706
0.4850957737027124	-0.00015998636509136467
0.48822125257122595	-0.00015998166188514263
0.49136235883408197	-0.00015997688762049472
0.4945191706282523	-0.00015997204070743501
0.4976917664813935	-0.0001599671195084709
0.5008802253138004	-0.00015996212233675174
0.5040846264403696	-0.00015995704745419562
0.5073050495725715	-0.0001599518930696351
0.5105415748204343	-0.00015994665733673445
0.5137942826945365	-0.00015994133835186246
0.517063254108009	-0.00015993593415199886
0.5203485703785492	-0.00015993044271219445
0.5236503132304419	-0.00015992486194338655
0.5269685647965939	-0.00015991918968973154
0.5303034076205766	-0.00015991342372600293
0.5336549246586795	-0.00015990756175472128
0.5370231992819728	-0.00015990160140347764
0.5404083152783826	-0.00015989554022150058
0.5438103568547747	-0.00015988937567688283
0.5472294086390483	-0.0001598831051528655
0.5506655556822436	-0.00015987672594456375
0.5541188834606549	-0.0001598702352551295
0.5575894778779582	-0.00015986363019190693
0.5610774252673477	-0.00015985690776239498
0.5645828123936844	-0.00015985006486994254
0.5681057264556525	-0.00015984309830919692
0.5716462550879309	-0.0001598360047613965
0.5752044863633705	-0.00015982878078950658
0.5787805087951873	-0.0001598214228327409
0.5823744113391631	-0.00015981392720122644
0.5859862833958588	-0.00015980629007016038
0.5896162148128381	-0.0001597985074736125
0.5932642958869024	-0.00015979057529807414
0.5969306173663369	-0.00015978248927585
0.6006152704531684	-0.00015977424497748473
0.6043183468054344	-0.00015976583780445474
0.6080399385394615	-0.00015975726298110356
0.6117801382321587	-0.0001597485155461243
0.6155390389233192	-0.00015973959034358505
0.6193167341179359	-0.0001597304820134367
0.6231133177885255	-0.00015972118498154035
0.6269288843774683	-0.0001597116934490053
0.6307635287993556	-0.00015970200138089186
0.6346173464433522	-0.00015969210249416852
0.6384904331755688	-0.00015968199024517712
0.6423828853414466	-0.00015967165781615513
0.6462947997681537	-0.00015966109810066552
0.6502262737669944	-0.00015965030368861292
0.6541774051358293	-0.0001596392668499439
0.6581482921615082	-0.00015962797951724414
0.6621390336223156	-0.00015961643326747345
0.6661497287904271	-0.00015960461930208334
0.6701804774343789	-0.000159592528426194
0.6742313798215507	-0.00015958015102593195
0.6783025367206585	-0.00015956747704441265
0.682394049404262	-0.00015955449595587512
0.6865060196512833	-0.00015954119673800853
0.6906385497495399	-0.00015952756784222175
0.6947917424982876	-0.00015951359716147315
0.6989657012107791	-0.00015949927199584833
0.7031605297168331	-0.00015948457901532345
0.7073763323654171	-0.00015946950421946935
0.7116132140272443	-0.0001594540328938869
0.7158712800973803	-0.000159438149563135
0.7201506364978669	-0.0001594218379393506
0.724451389680356	-0.00015940508086654696
0.7287736466287575	-0.0001593878602600078
0.7331175148619014	-0.00015937015703988762
0.737483102436211	-0.0001593519510589
0.7418705179483918	-0.00015933322102267014
0.7462798705381338	-0.00015931394440320127
0.7507112698908246	-0.00015929409734245653
0.7551648262402787	-0.00015927365454724023
0.7596406503714802	-0.0001592525891726374
0.7641388536233378	-0.00015923087269302942
0.7686595478914543	-0.00015920847475942677
0.7732028456309116	-0.00015918536304085975
0.777768859859066	-0.00015916150304802885
0.7823577041583611	-0.00015913685793663825
0.7869694926791531	-0.00015911138828779455
0.7916043401425489	-0.0001590850518625634
0.7962623618432616	-0.00015905780332646646
0.8009436736524779	-0.00015902959394093426
0.8056483920207402	-0.0001590003712156061
0.8103766339808439	-0.00015897007851736202
0.8151285171507483	-0.00015893865462918505
0.8199041597365018	-0.0001589060332521185
0.8247036805351844	-0.00015887214244215806
0.8295271989378604	-0.00015883690397265051
0.8343748349325497	-0.0001588002326116993
0.8392467091072124	-0.00015876203530303595
0.8441429426527486	-0.00015872221023502327
0.8490636573660123	-0.0001586806457837777
0.8540089756528424	-0.00015863721931069996
0.8589790205311068	-0.00015859179579496703
0.8639739156337622	-0.00015854422627642822
0.868973915633762	-0.00015849454666257989
0.8739739156337618	-0.0001584426582120913
0.8789739156337616	-0.00015838839955027468
0.8839739156337615	-0.0001583315928412828
0.8889739156337613	-0.00015827204224189574
0.893973915633761	-0.00015820953186000683
0.8989739156337608	-0.00015814382347845832
0.9039739156337606	-0.00015807465401929517
0.9089739156337604	-0.00015800173271651448
0.9139739156337602	-0.0001579247379633578
0.91897391563376	-0.00015784331379258966
0.9239739156337599	-0.00015775706594490748
0.9289739156337596	-0.00015766555747079755
0.9339739156337594	-0.00015756830380453678
0.9389739156337592	-0.00015746476723828534
0.943973915633759	-0.00015735435071260524
0.9489739156337588	-0.00015723639082682454
0.9539739156337586	-0.00015711014995547232
0.9589739156337583	-0.00015697480733921202
0.9639739156337582	-0.00015682944899675157
0.968973915633758	-0.0001566730562775355
0.9739739156337578	-0.0001565044928451548
0.9789739156337576	-0.0001563224898455355
0.9839739156337574	-0.00015612562897131266
0.9889739156337571	-0.00015591232308353792
0.9939739156337569	-0.00015568079399291615
0.9989739156337567	-0.00015542904693160124
1.0039739156337566	-0.0001551548411641612
1.0089739156337563	-0.00015485565608600334
1.0139739156337562	-0.00015452865204081115
1.0189739156337558	-0.0001541706249498054
1.0239739156337557	-0.00015377795367820419
1.0289739156337556	-0.00015334653887127785
1.0339739156337553	-0.0001528717317578745
1.0389739156337552	-0.00015234825114663394
1.0439739156337549	-0.00015177008651590432
1.0489739156337547	-0.00015113038471464634
1.0539739156337544	-0.0001504213173437431
1.0589739156337543	-0.00014963392535554507
1.0639739156337542	-0.00014875793679192367
1.0689739156337539	-0.00014778155285371668
1.0739739156337538	-0.00014669119665469113
1.0789739156337534	-0.0001454712180323553
1.0839739156337533	-0.00014410354666596656
1.088973915633753	-0.00014256728446407024
1.093973915633753	-0.0001408382267243449
1.0989739156337526	-0.0001388882999368252
1.1039739156337525	-0.00013668490229294095
1.1089739156337524	-0.00013419013100300723
1.113973915633752	-0.000131359878450997
1.118973915633752	-0.0001281427770960463
1.1239739156337516	-0.00012447897096825106
1.1289739156337515	-0.00012029868977545555
1.1339739156337512	-0.00011552060025871226
1.138973915633751	-0.0001100499088352343
1.143973915633751	-0.0001037761901648725
1.1489739156337506	-9.6570918615354e-5
1.1539739156337505	-8.82846843197262e-5
1.1589739156337502	-7.874408336069109e-5
1.16397391563375	-6.774828331303621e-5
1.1689739156337497	-5.5065281569492205e-5
1.1739739156337496	-4.042789482891784e-5
1.1789739156337493	-2.3529543462784487e-5
1.1839739156337492	-4.019922662298407e-6
1.187980436725312	1.3767121368113475e-5
1.1919869578168745	3.371213451879787e-5
1.1959934789084372	5.606937040118225e-5
1.2	8.111466070299422e-5
