0.0006999999999999628	-0.00016077490344323144
0.001403500000000035	-0.00016076542368596402
0.0021105174999999296	-0.00016076515504678525
0.0028210700874998964	-0.0001607650057470221
0.003535175437937438	-0.0001607648573749781
0.004252851315127062	-0.00016076470832340737
0.004974115571702636	-0.000160764558563825
0.005698986149561044	-0.0001607644080903721
0.006427481080308875	-0.00016076425689800136
0.007159618485710418	-0.0001607641049819315
0.007895416578138905	-0.00016076395233746918
0.008634893661029494	-0.00016076379896021254
0.00937806812933463	-0.00016076364484563757
0.010124958469981361	-0.00016076348998957804
0.010875583262331262	-0.00016076333438772182
0.01162996117864295	-0.00016076317803588957
0.012388110984536127	-0.00016076302092994307
0.013150051539458866	-0.00016076286306578285
0.013915801797156208	-0.00016076270443929255
0.014685380806142003	-0.00016076254504639775
0.015458807710172712	-0.000160762384883052
0.01623610174872358	-0.0001607622239452224
0.017017282257467212	-0.00016076206222887464
0.017802368668754516	-0.00016076189972993768
0.01859138051209827	-0.00016076173644443857
0.019384337414658823	-0.0001607615723682704
0.020181259101732015	-0.0001607614074974282
0.020982165397240727	-0.00016076124182791415
0.02178707622422691	-0.00016076107535561483
0.02259601160534814	-0.0001607609080765511
0.02340899166337483	-0.00016076073998657874
0.024226036621691812	-0.0001607605710816622
0.02504716680480027	-0.0001607604013577136
0.025872402638824326	-0.0001607602308106628
0.02670176465201842	-0.0001607600594363912
0.02753527347527842	-0.0001607598872307719
0.028372949842654864	-0.0001607597141897076
0.0292148145918682	-0.00016075954030901404
0.03006088866482743	-0.00016075936558455323
0.03091119310815165	-0.00016075919001219007
0.0317657490736924	-0.0001607590135876659
0.03262457781906081	-0.0001607588363068241
0.03348770070815601	-0.00016075865816543998
0.034355139211696875	-0.00016075847915928698
0.035226914907755424	-0.00016075829928407018
0.03610304948229413	-0.00016075811853562006
0.03698356472970569	-0.00016075793690956168
0.03786848255335419	-0.00016075775440163698
0.038757824966120964	-0.00016075757100750848
0.03965161409095162	-0.00016075738672280857
0.04054987216140643	-0.00016075720154324136
0.04145262152221345	-0.0001607570154644433
0.04235988462982453	-0.00016075682848199578
0.04327168405297366	-0.00016075664059145113
0.0441880424732386	-0.00016075645178843668
0.04510898268560485	-0.00016075626206847046
0.046034527599032954	-0.00016075607142708115
0.04696470023702812	-0.00016075587985982313
0.04789952373821329	-0.00016075568736215724
0.048839021356904266	-0.0001607554939295531
0.04978321646368884	-0.0001607552995575304
0.05073213254600732	-0.000160755104241435
0.05168579320873729	-0.00016075490797671705
0.052644222174780875	-0.00016075471075878124
0.05360744328565471	-0.00016075451258298546
0.054575480502083065	-0.00016075431344468417
0.05554835790459365	-0.0001607541133392301
0.05652609969411678	-0.00016075391226187105
0.05750873019258755	-0.00016075371020797487
0.05849627384355038	-0.00016075350717277686
0.05948875521276831	-0.00016075330315150994
0.060486198988831924	-0.00016075309813938637
0.061488629983776036	-0.00016075289213167415
0.062496073133695054	-0.00016075268512344098
0.06350855349936363	-0.00016075247710997895
0.06452609626686023	-0.00016075226808633672
0.06554872674819473	-0.00016075205804762498
0.0665764703819355	-0.00016075184698897453
0.06760935273384511	-0.00016075163490543128
0.06864739949751451	-0.00016075142179205
0.06969063649500218	-0.0001607512076438608
0.07073908967747725	-0.00016075099245581044
0.07179278512586448	-0.0001607507762229852
0.07285174905149387	-0.00016075055894020519
0.07391600779675113	-0.00016075034060248453
0.07498558783573481	-0.00016075012120471058
0.07606051577491364	-0.00016074990074173008
0.07714081835378801	-0.00016074967920845265
0.0782265224455569	-0.0001607494565996885
0.07931765505778446	-0.00016074923291024108
0.08041424333307354	-0.00016074900813491786
0.08151631454973869	-0.00016074878226841552
0.08262389612248718	-0.00016074855530555116
0.08373701560309972	-0.00016074832724095257
0.08485570068111534	-0.00016074809806939123
0.08597997918452092	-0.00016074786778547725
0.08710987908044335	-0.00016074763638382187
0.08824542847584554	-0.00016074740385910977
0.08938665561822474	-0.00016074717020580804
0.0905335888963159	-0.00016074693541860599
0.09168625684079766	-0.00016074669949193217
0.09284468812500156	-0.00016074646242032715
0.09400891156562662	-0.00016074622419826984
0.09517895612345495	-0.00016074598482025858
0.09635485090407213	-0.00016074574428062902
0.09753662515859228	-0.0001607455025738182
0.09872430828438533	-0.000160745259694268
0.09991792982580742	-0.00016074501563619054
0.10111751947493633	-0.00016074477039400604
0.10232310707231096	-0.00016074452396195688
0.10353472260767245	-0.0001607442763343484
0.1047523962207106	-0.00016074402750536205
0.1059761582018141	-0.0001607437774692777
0.10720603899282295	-0.00016074352622015128
0.10844206918778705	-0.00016074327375227823
0.10968427953372589	-0.0001607430200596727
0.11093270093139453	-0.00016074276513647606
0.11218736443605157	-0.0001607425089767825
0.11344830125823162	-0.00016074225157455504
0.11471554276452282	-0.00016074199292389
0.11598912047834534	-0.00016074173301863618
0.11726906608073716	-0.0001607414718528807
0.11855541141114084	-0.00016074120942052077
0.11984818846819666	-0.00016074094571538077
0.12114742941053756	-0.00016074068073136194
0.12245316655759021	-0.00016074041446227785
0.12376543239037813	-0.0001607401469019495
0.12508425955233007	-0.0001607398780441068
0.12640968085009188	-0.00016073960788259034
0.12774172925434224	-0.0001607393364109449
0.12908043790061416	-0.00016073906362305365
0.13042584009011704	-0.00016073878951238955
0.13177796929056776	-0.00016073851407266224
0.1331368591370207	-0.00016073823729739666
0.13450254343270562	-0.0001607379591802247
0.13587505614986897	-0.00016073767971458224
0.1372544314306183	-0.00016073739889402205
0.13864070358777136	-0.00016073711671198666
0.14003390710571012	-0.0001607368331618976
0.14143407664123844	-0.00016073654823716552
0.14284124702444484	-0.0001607362619311096
0.14425545325956707	-0.00016073597423711398
0.1456767305258648	-0.00016073568514845938
0.14710511417849395	-0.00016073539465841046
0.14854063974938644	-0.00016073510276011488
0.14998334294813345	-0.00016073480944692406
0.1514332596628742	-0.00016073451471186742
0.15289042596118857	-0.00016073421854815803
0.15435487809099444	-0.00016073392094888406
0.15582665248144925	-0.00016073362190704798
0.15730578574385642	-0.00016073332141567322
0.1587923146725756	-0.00016073301946787434
0.1602862762459386	-0.00016073271605652732
0.1617877076271685	-0.00016073241117452755
0.16329664616530448	-0.00016073210481480245
0.16481312939613094	-0.0001607317969702108
0.16633719504311156	-0.0001607314876335978
0.16786888101832692	-0.00016073117679769847
0.16940822542341866	-0.00016073086445527837
0.17095526655053575	-0.00016073055059905055
0.17251004288328856	-0.0001607302352216777
0.1740725930977048	-0.00016072991831584277
0.1756429560631934	-0.0001607295998741429
0.17722117084350925	-0.00016072927988908185
0.17880727669772659	-0.00016072895835331355
0.18040131308121543	-0.00016072863525918812
0.18200331964662148	-0.00016072831059928448
0.18361333624485465	-0.00016072798436596842
0.18523140292607912	-0.0001607276565516734
0.18685755994070938	-0.0001607273271486159
0.18849184774041308	-0.00016072699614923567
0.19013430697911532	-0.00016072666354577194
0.19178497851401088	-0.00016072632933048273
0.19344390340658082	-0.00016072599349546964
0.19511112292361377	-0.00016072565603303182
0.1967866785382319	-0.00016072531693518604
0.19847061193092289	-0.0001607249761940437
0.2001629649905775	-0.00016072463380163734
0.20186377981553055	-0.0001607242897499707
0.20357309871460819	-0.00016072394403105392
0.2052909642081813	-0.00016072359663674835
0.207017419029222	-0.00016072324755899865
0.20875250612436788	-0.00016072289678959226
0.21049626865498966	-0.00016072254432037298
0.21224874999826462	-0.00016072219014309116
0.21400999374825602	-0.00016072183424951393
0.2157800437169973	-0.00016072147663129618
0.21755894393558234	-0.00016072111728011147
0.21934673865526005	-0.00016072075618752112
0.2211434723485364	-0.00016072039334516665
0.22294918971027902	-0.00016072002874450148
0.22476393565883038	-0.00016071966237702354
0.22658775533712455	-0.0001607192942342447
0.22842069411381005	-0.00016071892430745473
0.23026279758437915	-0.00016071855258815334
0.23211411157230094	-0.000160718179067533
0.23397468213016254	-0.00016071780373694514
0.23584455554081346	-0.0001607174265876527
0.23772377831851751	-0.00016071704761080787
0.23961239721011024	-0.0001607166667975485
0.24151045919616082	-0.000160716284139042
0.24341801149214168	-0.00016071589962631056
0.24533510154960245	-0.00016071551325044103
0.24726177705735047	-0.00016071512500242112
0.2491980859426373	-0.00016071473487313593
0.25114407637235053	-0.00016071434285351398
0.2530997967542124	-0.00016071394893441533
0.2550652957379834	-0.00016071355310666867
0.2570406222166734	-0.00016071315536105008
0.25902582532775686	-0.00016071275568824565
0.26102095445439577	-0.00016071235407901166
0.2630260592266676	-0.00016071195052393922
0.26504118952280104	-0.00016071154501373506
0.26706639547041516	-0.0001607111375387642
0.26910172744776706	-0.0001607107280897204
0.27114723608500574	-0.00016071031665703905
0.2732029722654309	-0.00016070990323106656
0.2752689871267581	-0.00016070948780221744
0.2773453320623917	-0.0001607090703609153
0.2794320587227036	-0.00016070865089734383
0.281529219016317	-0.00016070822940185574
0.2836368651113984	-0.00016070780586457695
0.28575504943695557	-0.00016070738027571712
0.28788382468414025	-0.00016070695262536904
0.2900232438075611	-0.0001607065229036122
0.29217336002659877	-0.0001607060911004211
0.29433422682673194	-0.00016070565720593277
0.29650589796086546	-0.00016070522120991464
0.29868842745066976	-0.00016070478310236628
0.30088186958792296	-0.00016070434287306166
0.30308627893586265	-0.00016070390051186665
0.305301710330542	-0.00016070345600848162
0.3075282188821948	-0.00016070300935265878
0.30976585997660583	-0.00016070256053403535
0.31201468927648873	-0.00016070210954224017
0.31427476272287097	-0.0001607016563668538
0.3165461365364855	-0.00016070120099731882
0.318828867219168	-0.00016070074342324956
0.3211230115552639	-0.0001607002836339194
0.32342862661304006	-0.00016069982161886722
0.3257457697461053	-0.00016069935736730162
0.32807449859483556	-0.00016069889086853804
0.33041487108780954	-0.00016069842211178481
0.3327669454432486	-0.0001606979510863086
0.33513078017046477	-0.0001606974777811582
0.33750643407131686	-0.00016069700218553537
0.33989396624167323	-0.00016069652428833006
0.3422934360728816	-0.0001606960440785857
0.34470490325324576	-0.0001606955615452686
0.3471284277695118	-0.00016069507667728573
0.34956406990835936	-0.00016069458946338
0.3520118902579012	-0.0001606940998923565
0.3544719497091907	-0.00016069360795291785
0.35694430945773664	-0.00016069311363382208
0.3594290310050252	-0.00016069261692361518
0.36192617616005013	-0.00016069211781088324
0.3644358070408504	-0.0001606916162840641
0.36695798607605457	-0.000160691112331691
0.36949277600643504	-0.0001606906059420982
0.37204023988646695	-0.00016069009710361688
0.374600441085899	-0.0001606895858045584
0.3771734432913285	-0.00016068907203301784
0.379759310507785	-0.0001606885557772759
0.3823581070603237	-0.00016068803702529624
0.3849698975956254	-0.0001606875157651975
0.3875947470836033	-0.00016068699198485027
0.39023272081902133	-0.00016068646567219536
0.3928838844231162	-0.00016068593681496578
0.39554830384523165	-0.0001606854054009993
0.3982260453644579	-0.00016068487141783527
0.4009171755912802	-0.00016068433485313285
0.4036217614692367	-0.00016068379569445472
0.4063398702765827	-0.00016068325392915985
0.40907156962796565	-0.00016068270954462015
0.41181692747610543	-0.0001606821625281503
0.41457601211348605	-0.00016068161286686568
0.4173488921740533	-0.00016068106054785734
0.4201356366349237	-0.00016068050555823903
0.42293631481809807	-0.00016067994788487367
0.4257509963921885	-0.00016067938751445748
0.42857975137414944	-0.00016067882443378048
0.4314226501310203	-0.00016067825862948508
0.43427976338167545	-0.00016067769008798363
0.43715116219858396	-0.00016067711879571702
0.440036918009577	-0.0001606765447389251
0.44293710259962477	-0.00016067596790371094
0.4458517881126228	-0.0001606753882762159
0.4487810470531859	-0.00016067480584226697
0.45172495228845155	-0.00016067422058748914
0.45468357704989376	-0.0001606736324976662
0.45765699493514306	-0.0001606730415581716
0.46064527990981863	-0.00016067244775430723
0.4636485063093676	-0.00016067185107128642
0.4666667488409145	-0.00016067125149399648
0.4697000825851191	-0.00016067064900731286
0.4727485829980444	-0.00016067004359580003
0.4758123259130346	-0.00016066943524395083
0.47889138754259974	-0.0001606688239359678
0.4819858444803126	-0.00016066820965591103
0.4850957737027142	-0.00016066759238756505
0.48822125257122767	-0.0001606669721146041
0.49136235883408375	-0.00016066634882025297
0.49451917062825407	-0.0001606657224876638
0.49769176648139524	-0.00016066509309969437
0.5008802253138022	-0.00016066446063898763
0.5040846264403713	-0.00016066382508776457
0.5073050495725733	-0.00016066318642810257
0.510541574820436	-0.0001606625446415798
0.5137942826945383	-0.000160661899709597
0.5170632541080108	-0.00016066125161329597
0.520348570378551	-0.0001606606003331607
0.5236503132304436	-0.0001606599458496958
0.5269685647965956	-0.0001606592881426424
0.5303034076205784	-0.00016065862719172953
0.5336549246586811	-0.00016065796297582232
0.5370231992819746	-0.00016065729547366732
0.5404083152783844	-0.0001606566246634023
0.5438103568547764	-0.0001606559505225743
0.5472294086390501	-0.0001606552730285033
0.5506655556822453	-0.0001606545921577985
0.5541188834606565	-0.0001606539078863287
0.5575894778779599	-0.0001606532201896493
0.5610774252673494	-0.00016065252904263634
0.564582812393686	-0.00016065183441930106
0.5681057264556543	-0.00016065113629331248
0.5716462550879327	-0.00016065043463729694
0.5752044863633723	-0.000160649729423307
0.578780508795189	-0.000160649020622483
0.5823744113391649	-0.00016064830820525458
0.5859862833958606	-0.0001606475921411192
0.5896162148128399	-0.00016064687239859994
0.5932642958869042	-0.0001606461489453241
0.5969306173663387	-0.0001606454217479692
0.6006152704531702	-0.00016064469077193825
0.6043183468054361	-0.00016064395598169005
0.6080399385394633	-0.00016064321734048556
0.6117801382321605	-0.0001606424748103769
0.615539038923321	-0.00016064172835194893
0.6193167341179376	-0.00016064097792473724
0.6231133177885273	-0.00016064022348654766
0.6269288843774701	-0.0001606394649937009
0.6307635287993573	-0.00016063870240114078
0.6346173464433539	-0.00016063793566207396
0.6384904331755705	-0.0001606371647278052
0.6423828853414483	-0.00016063638954801293
0.6462947997681555	-0.00016063561007025745
0.6502262737669962	-0.0001606348262401382
0.6541774051358311	-0.00016063403800116343
0.6581482921615099	-0.0001606332452943351
0.6621390336223173	-0.0001606324480587166
0.6661497287904288	-0.0001606316462303671
0.6701804774343807	-0.0001606308397430947
0.6742313798215525	-0.0001606300285274826
0.6783025367206603	-0.00016062921251175667
0.6823940494042636	-0.00016062839162051703
0.6865060196512851	-0.00016062756577533836
0.6906385497495416	-0.0001606267348941967
0.6947917424982893	-0.00016062589889145624
0.6989657012107808	-0.0001606250576777869
0.7031605297168348	-0.00016062421115955075
0.7073763323654189	-0.0001606233592388883
0.7116132140272461	-0.00016062250181321183
0.715871280097382	-0.00016062163877550317
0.7201506364978687	-0.0001606207700131043
0.7244513896803577	-0.000160619895408252
0.7287736466287593	-0.00016061901483737455
0.733117514861903	-0.0001606181281708293
0.7374831024362126	-0.00016061723527224938
0.7418705179483935	-0.00016061633599871318
0.7462798705381356	-0.00016061543019976434
0.7507112698908263	-0.00016061451771749103
0.7551648262402804	-0.00016061359838511236
0.759640650371482	-0.00016061267202784182
0.7641388536233394	-0.00016061173846090336
0.7686595478914561	-0.0001606107974896673
0.7732028456309133	-0.00016060984890911353
0.7777688598590677	-0.00016060889250260122
0.7823577041583629	-0.000160607928041359
0.7869694926791548	-0.00016060695528382005
0.7916043401425507	-0.0001606059739743069
0.7962623618432633	-0.00016060498384226044
0.8009436736524796	-0.00016060398460148045
0.805648392020742	-0.0001606029759482321
0.8103766339808457	-0.00016060195756068628
0.81512851715075	-0.0001606009290971266
0.8199041597365035	-0.00016059989019466333
0.8247036805351862	-0.00016059884046756194
0.8295271989378621	-0.00016059777950512655
0.8343748349325514	-0.0001605967068703088
0.8392467091072142	-0.00016059562209692075
0.8441429426527504	-0.00016059452468814226
0.849063657366014	-0.00016059341411250562
0.8540089756528442	-0.000160592289802368
0.8589790205311084	-0.0001605911511502276
0.863973915633764	-0.00016058999750479043
0.8689739156337638	-0.00016058883097516723
0.8739739156337636	-0.00016058765349408018
0.8789739156337634	-0.00016058646493433156
0.8839739156337632	-0.00016058526465628566
0.8889739156337629	-0.00016058405197685378
0.8939739156337627	-0.00016058282616605423
0.8989739156337626	-0.00016058158644355686
0.9039739156337624	-0.0001605803319739808
0.9089739156337622	-0.00016057906186147113
0.913973915633762	-0.00016057777514472235
0.9189739156337617	-0.0001605764707896385
0.9239739156337615	-0.00016057514768240728
0.9289739156337613	-0.0001605738046215677
0.9339739156337611	-0.00016057244030833173
0.938973915633761	-0.00016057105333644329
0.9439739156337608	-0.00016056964217934413
0.9489739156337605	-0.00016056820517752182
0.9539739156337603	-0.00016056674052250481
0.9589739156337601	-0.00016056524623819473
0.9639739156337599	-0.00016056372016117908
0.9689739156337597	-0.0001605621599161736
0.9739739156337595	-0.0001605605628884064
0.9789739156337594	-0.00016055892619219603
0.9839739156337591	-0.0001605572466332765
0.9889739156337589	-0.0001605555206654105
0.9939739156337587	-0.00016055374434003993
0.9989739156337585	-0.0001605519132473732
1.0039739156337584	-0.00016055002244661133
1.008973915633758	-0.0001605480663850479
1.013973915633758	-0.00016054603880168142
1.0189739156337576	-0.00016054393261495472
1.0239739156337575	-0.00016054173978893163
1.0289739156337572	-0.00016053945117645274
1.033973915633757	-0.00016053705633152604
1.038973915633757	-0.00016053454328892683
1.0439739156337566	-0.0001605318983001758
1.0489739156337565	-0.0001605291055226596
1.0539739156337562	-0.00016052614664611864
1.058973915633756	-0.00016052300045018794
1.0639739156337558	-0.00016051964227520933
1.0689739156337557	-0.00016051604339160778
1.0739739156337553	-0.00016051217024483927
1.0789739156337552	-0.0001605079835533528
1.0839739156337551	-0.00016050343723063274
1.0889739156337548	-0.00016049847709028616
1.0939739156337547	-0.0001604930392990103
1.0989739156337544	-0.00016048704851888293
1.1039739156337542	-0.00016048041568047911
1.108973915633754	-0.0001604730353102376
1.1139739156337538	-0.00016046478232195673
1.1189739156337537	-0.00016045550816458606
1.1239739156337534	-0.00016044503619401445
1.1289739156337533	-0.0001604331561120215
1.133973915633753	-0.00016041961728412212
1.1389739156337528	-0.0001604041207065262
1.1439739156337525	-0.00016038630934881213
1.1489739156337524	-0.000160365756543091
1.153973915633752	-0.0001603419520222745
1.158973915633752	-0.00016031428513028036
1.1639739156337519	-0.00016028202462994154
1.1689739156337515	-0.00016024429442106455
1.1739739156337514	-0.0001602000443323025
1.178973915633751	-0.00016014801499503694
1.183973915633751	-0.00016008669558780904
1.1889739156337507	-0.00016001427300874554
1.1939739156337505	-0.00015992857072306258
1.1989739156337504	-0.00015982697518098697
1.2039739156337501	-0.00015970634725840274
1.20897391563375	-0.00015956291564484185
1.2139739156337497	-0.00015939214845643463
1.2189739156337496	-0.00015918859856473843
1.2239739156337492	-0.00015894571718264364
1.2289739156337491	-0.00015865562908088285
1.2339739156337488	-0.0001583088614037684
1.2389739156337487	-0.0001578940163377113
1.2439739156337486	-0.0001573973758173177
1.2489739156337483	-0.00015680242394520408
1.2539739156337482	-0.00015608926977976202
1.2589739156337478	-0.00015523394950260594
1.2639739156337477	-0.0001542075825975456
1.2689739156337474	-0.0001529753513970302
1.2739739156337473	-0.0001514952670457531
1.2789739156337472	-0.00014971667733878935
1.2839739156337469	-0.00014757846282794886
1.2889739156337467	-0.0001450068567544696
1.2939739156337464	-0.0001419128114707597
1.2989739156337463	-0.00013818881870382855
1.303973915633746	-0.00013370507296445416
1.3089739156337459	-0.00012830484620138802
1.3139739156337455	-0.00012179891712253845
1.3189739156337454	-0.00011395887013728436
1.3239739156337453	-0.0001045090464219612
1.328973915633745	-9.311689322919052e-5
1.333973915633745	-7.938141762566649e-5
1.3389739156337446	-6.281940831051949e-5
1.3439739156337445	-4.284904584070787e-5
1.3489739156337441	-1.8770480473072558e-5
1.353973915633744	1.0257077306065114e-5
1.358973915633744	4.524222857112309e-5
1.3639739156337436	8.739269082905624e-5
1.3689739156337435	0.00013815146394362653
1.3739739156337432	0.00019923818466342617
1.378973915633743	0.00027269581472872653
1.3839739156337427	0.0003609425128271318
1.3879804367253072	0.00044440317113146914
1.3919869578168715	0.0005407114068429324
1.395993478908436	0.0006519397066250831
1.4	0.0007802462771166799
