0.0006999999999999628	-0.0001745100305383778
0.001403500000000035	-0.00017449998227072502
0.0021105174999999296	-0.00017449931503326136
0.0028210700874998964	-0.00017449877422561332
0.003535175437937438	-0.00017449823191142372
0.004252851315127062	-0.00017449768627964926
0.004974115571702636	-0.0001744971372761707
0.005698986149561044	-0.00017449658487218113
0.006427481080308875	-0.00017449602903962897
0.007159618485710418	-0.0001744954697506599
0.007895416578138905	-0.00017449490697746606
0.008634893661029494	-0.00017449434069231458
0.00937806812933463	-0.00017449377086732387
0.010124958469981361	-0.00017449319747461463
0.010875583262331262	-0.00017449262048611726
0.01162996117864295	-0.0001744920398736243
0.012388110984536127	-0.00017449145560883411
0.013150051539458866	-0.00017449086766316722
0.013915801797156208	-0.00017449027600792782
0.014685380806142003	-0.0001744896806141494
0.015458807710172712	-0.000174489081452697
0.01623610174872358	-0.00017448847849412452
0.017017282257467212	-0.00017448787170886408
0.017802368668754516	-0.00017448726106700522
0.01859138051209827	-0.00017448664653845744
0.019384337414658823	-0.00017448602809275957
0.020181259101732015	-0.00017448540569934802
0.020982165397240727	-0.0001744847793271938
0.02178707622422691	-0.00017448414894514266
0.02259601160534814	-0.00017448351452170298
0.02340899166337483	-0.0001744828760250892
0.024226036621691812	-0.0001744822334231908
0.02504716680480027	-0.00017448158668368022
0.025872402638824326	-0.00017448093577380046
0.02670176465201842	-0.0001744802806606106
0.02753527347527842	-0.00017447962131075722
0.028372949842654864	-0.00017447895769065567
0.0292148145918682	-0.00017447828976632502
0.03006088866482743	-0.00017447761750344768
0.03091119310815165	-0.00017447694086743858
0.0317657490736924	-0.00017447625982331758
0.03262457781906081	-0.00017447557433576905
0.03348770070815601	-0.0001744748843691724
0.034355139211696875	-0.00017447418988746638
0.035226914907755424	-0.00017447349085432715
0.03610304948229413	-0.00017447278723295973
0.03698356472970569	-0.00017447207898629955
0.03786848255335419	-0.0001744713660768662
0.038757824966120964	-0.00017447064846676694
0.03965161409095162	-0.00017446992611779211
0.04054987216140643	-0.0001744691989912675
0.04145262152221345	-0.00017446846704815
0.04235988462982453	-0.00017446773024911398
0.04327168405297366	-0.0001744669885541678
0.0441880424732386	-0.00017446624192314598
0.04510898268560485	-0.0001744654903153303
0.046034527599032954	-0.000174464733689681
0.04696470023702812	-0.00017446397200463637
0.04789952373821329	-0.0001744632052182657
0.048839021356904266	-0.0001744624332881191
0.04978321646368884	-0.00017446165617140106
0.05073213254600732	-0.00017446087382475044
0.05168579320873729	-0.0001744600862044428
0.052644222174780875	-0.00017445929326625852
0.05360744328565471	-0.00017445849496549166
0.054575480502083065	-0.00017445769125693075
0.055548357904593434	-0.00017445688209496757
0.056526099694116344	-0.00017445606743341305
0.0575087301925869	-0.00017445524722562185
0.05849627384354973	-0.00017445442142442516
0.05948875521276744	-0.0001744535899821327
0.06048619898883127	-0.00017445275285057806
0.061488629983775384	-0.00017445190998102776
0.06249607313369419	-0.00017445106132423828
0.06350855349936275	-0.0001744502068303829
0.06452609626685958	-0.000174449346449147
0.06554872674819387	-0.0001744484801295958
0.06657647038193484	-0.00017444760782027896
0.06760935273384447	-0.00017444672946913975
0.06864739949751365	-0.00017444584502354586
0.0696906364950013	-0.00017444495443031297
0.07073908967747639	-0.0001744440576355757
0.07179278512586384	-0.0001744431545849418
0.07285174905149322	-0.00017444224522335307
0.0739160077967507	-0.0001744413294951699
0.07498558783573436	-0.00017444040734409234
0.07606051577491299	-0.00017443947871318273
0.07714081835378758	-0.00017443854354485944
0.07822652244555647	-0.00017443760178082276
0.07931765505778425	-0.00017443665336221528
0.0804142433330731	-0.00017443569822937942
0.08151631454973848	-0.0001744347363220709
0.08262389612248718	-0.00017443376757924568
0.0837370156030995	-0.00017443279193921313
0.0848557006811149	-0.00017443180933954431
0.0859799791845205	-0.00017443081971707584
0.08710987908044313	-0.00017442982300790963
0.08824542847584534	-0.0001744288191473863
0.08938665561822454	-0.00017442780807007537
0.09053358889631567	-0.00017442678970976203
0.09168625684079722	-0.00017442576399945625
0.09284468812500112	-0.00017442473087138065
0.09400891156562617	-0.0001744236902569144
0.0951789561234543	-0.0001744226420866466
0.09635485090407148	-0.00017442158629029053
0.09753662515859184	-0.0001744205227967061
0.0987243082843847	-0.0001744194515339411
0.09991792982580656	-0.00017441837242912855
0.10111751947493569	-0.00017441728540850521
0.10232310707231031	-0.00017441619039740446
0.1035347226076718	-0.0001744150873202718
0.10475239622071016	-0.00017441397610057542
0.10597615820181366	-0.00017441285666092458
0.10720603899282274	-0.000174411728922818
0.10844206918778684	-0.0001744105928069182
0.10968427953372567	-0.00017440944823279028
0.1109327009313943	-0.00017440829511908566
0.11218736443605135	-0.00017440713338338893
0.11344830125823162	-0.00017440596294220507
0.11471554276452282	-0.0001744047837110581
0.11598912047834534	-0.0001744035956043037
0.11726906608073695	-0.00017440239853529452
0.11855541141114062	-0.00017440119241625898
0.11984818846819621	-0.00017439997715829595
0.12114742941053713	-0.0001743987526712826
0.12245316655758978	-0.00017439751886403243
0.1237654323903777	-0.00017439627564416388
0.12508425955232963	-0.00017439502291799084
0.12640968085009122	-0.00017439376059077987
0.1277417292543416	-0.0001743924885664248
0.1290804379006133	-0.0001743912067475583
0.13042584009011637	-0.00017438991503561333
0.1317779692905669	-0.00017438861333065017
0.13313685913701961	-0.00017438730153146323
0.13450254343270476	-0.00017438597953541601
0.13587505614986833	-0.0001743846472385846
0.13725443143061763	-0.0001743833045355465
0.13864070358777073	-0.00017438195131961535
0.14003390710570945	-0.00017438058748253592
0.14143407664123803	-0.0001743792129146558
0.1428412470244442	-0.00017437782750476447
0.1442554532595664	-0.00017437643114020333
0.14567673052586416	-0.0001743750237067654
0.1471051141784935	-0.00017437360508859985
0.14854063974938603	-0.0001743721751683757
0.149983342948133	-0.00017437073382706186
0.15143325966287374	-0.0001743692809439912
0.15289042596118813	-0.00017436781639680192
0.15435487809099402	-0.0001743663400614435
0.15582665248144906	-0.00017436485181216712
0.1573057857438562	-0.00017436335152131853
0.15879231467257537	-0.00017436183905963554
0.16028627624593816	-0.00017436031429583307
0.16178770762716785	-0.00017435877709689508
0.16329664616530362	-0.0001743572273278189
0.16481312939613008	-0.00017435566485174227
0.1663371950431107	-0.00017435408952974326
0.16786888101832628	-0.0001743525012209732
0.1694082254234178	-0.00017435089978252785
0.1709552665505349	-0.00017434928506940785
0.17251004288328747	-0.0001743476569345031
0.17407259309770393	-0.00017434601522854247
0.17564295606319252	-0.0001743443598000551
0.17722117084350858	-0.00017434269049537872
0.17880727669772617	-0.00017434100715855292
0.18040131308121476	-0.00017433930963124878
0.18200331964662084	-0.0001743375977528349
0.18361333624485401	-0.00017433587136024334
0.18523140292607826	-0.00017433413028798234
0.18685755994070874	-0.00017433237436805682
0.1884918477404122	-0.0001743306034298933
0.19013430697911424	-0.00017432881730035024
0.1917849785140098	-0.00017432701580369017
0.19344390340657974	-0.00017432519876136346
0.19511112292361268	-0.00017432336599216116
0.1967866785382308	-0.00017432151731210959
0.19847061193092203	-0.00017431965253429508
0.20016296499057665	-0.00017431777146893496
0.20186377981552947	-0.00017431587392328517
0.2035730987146071	-0.0001743139597016183
0.20529096420818022	-0.0001743120286050189
0.20701741902922113	-0.00017431008043155695
0.20875250612436722	-0.00017430811497597565
0.210496268654989	-0.0001743061320298135
0.21224874999826396	-0.00017430413138131822
0.21400999374825516	-0.00017430211281525807
0.21578004371699644	-0.0001743000761129946
0.21755894393558148	-0.0001742980210522633
0.2193467386552594	-0.00017429594740729388
0.22114347234853576	-0.0001742938549485481
0.22294918971027836	-0.0001742917434427751
0.2247639356588297	-0.00017428961265285832
0.2265877553371239	-0.00017428746233782316
0.2284206941138094	-0.00017428529225262218
0.23026279758437848	-0.0001742831021481888
0.23211411157230027	-0.00017428089177125059
0.23397468213016168	-0.00017427866086427697
0.23584455554081238	-0.00017427640916546053
0.23772377831851643	-0.00017427413640851857
0.23961239721010893	-0.0001742718423225983
0.24151045919615952	-0.00017426952663231085
0.24341801149214037	-0.00017426718905748197
0.24533510154960114	-0.00017426482931320097
0.24726177705734917	-0.00017426244710941967
0.24919808594263576	-0.00017426004215136522
0.251144076372349	-0.00017425761413888703
0.2530997967542107	-0.00017425516276661307
0.2550652957379817	-0.00017425268772396245
0.2570406222166717	-0.00017425018869464176
0.2590258253277551	-0.00017424766535692108
0.26102095445439405	-0.00017424511738323658
0.2630260592266659	-0.0001742425444402341
0.2650411895227993	-0.00017423994618852854
0.2670663954704134	-0.00017423732228258757
0.26910172744776534	-0.0001742346723706943
0.27114723608500396	-0.00017423199609464907
0.27320297226542917	-0.00017422929308974426
0.27526898712675635	-0.0001742265629845441
0.27734533206239	-0.00017422380540079677
0.2794320587227019	-0.00017422101995319416
0.2815292190163153	-0.00017421820624929013
0.2836368651113967	-0.00017421536388928334
0.28575504943695385	-0.00017421249246584225
0.28788382468413853	-0.00017420959156399924
0.29002324380755934	-0.00017420666076083517
0.29217336002659705	-0.00017420369962549117
0.29433422682673016	-0.00017420070771871613
0.29650589796086374	-0.00017419768459296677
0.29868842745066804	-0.00017419462979193417
0.30088186958792124	-0.00017419154285051478
0.3030862789358609	-0.00017418842329453932
0.30530171033054027	-0.0001741852706404953
0.307528218882193	-0.00017418208439546118
0.30976585997660405	-0.00017417886405661902
0.312014689276487	-0.00017417560911133206
0.31427476272286925	-0.00017417231903654498
0.3165461365364837	-0.00017416899329886792
0.3188288672191662	-0.00017416563135405592
0.32112301155526213	-0.00017416223264691722
0.32342862661303834	-0.00017415879661088687
0.3257457697461036	-0.00017415532266788569
0.32807449859483384	-0.000174151810227838
0.3304148710878078	-0.00017414825868863838
0.33276694544324686	-0.00017414466743552812
0.33513078017046305	-0.00017414103584104676
0.33750643407131514	-0.00017413736326448605
0.3398939662416715	-0.0001741336490516721
0.3422934360728799	-0.00017412989253463873
0.34470490325324404	-0.00017412609303106178
0.3471284277695101	-0.000174122249844145
0.34956406990835764	-0.00017411836226207935
0.3520118902578995	-0.00017411442955764426
0.354471949709189	-0.00017411045098777978
0.3569443094577349	-0.0001741064257933825
0.3594290310050235	-0.0001741023531984271
0.3619261761600484	-0.0001740982324099567
0.3644358070408486	-0.00017409406261736427
0.36695798607605284	-0.00017408984299196176
0.36949277600643327	-0.00017408557268647058
0.37204023988646523	-0.00017408125083458436
0.3746004410858973	-0.00017407687655027535
0.3771734432913268	-0.0001740724489273914
0.3797593105077832	-0.00017406796703901093
0.3823581070603219	-0.00017406342993693
0.38496989759562367	-0.0001740588366508849
0.3875947470836016	-0.0001740541861881036
0.3902327208190196	-0.00017404947753253702
0.3928838844231145	-0.00017404470964423987
0.39554830384522993	-0.00017403988145869425
0.3982260453644561	-0.0001740349918859748
0.4009171755912785	-0.0001740300398101327
0.40362176146923495	-0.0001740250240883042
0.40633987027658097	-0.00017401994355001734
0.4090715696279639	-0.00017401479699631815
0.4118169274761037	-0.00017400958319882482
0.4145760121134843	-0.00017400430089901277
0.4173488921740515	-0.00017399894880709035
0.4201356366349219	-0.00017399352560126927
0.42293631481809635	-0.0001739880299264581
0.4257509963921868	-0.00017398246039364423
0.42857975137414767	-0.000173976815578426
0.43142265013101855	-0.0001739710940201535
0.43427976338167373	-0.00017396529422073774
0.43715116219858224	-0.00017395941464337568
0.44003691800957523	-0.0001739534537113759
0.44293710259962304	-0.00017394740980688516
0.4458517881126211	-0.00017394128126959067
0.44878104705318417	-0.0001739350663951519
0.45172495228844983	-0.00017392876343402558
0.45468357704989204	-0.00017392237058972914
0.4576569949351413	-0.00017391588601753169
0.46064527990981685	-0.00017390930782258196
0.4636485063093658	-0.00017390263405839067
0.4666667488409128	-0.00017389586272510446
0.4697000825851173	-0.0001738889917675302
0.4727485829980427	-0.000173882019073481
0.47581232591303285	-0.00017387494247148857
0.478891387542598	-0.000173867759729162
0.48198584448031084	-0.0001738604685506358
0.4850957737027124	-0.00017385306657473573
0.48822125257122595	-0.00017384555137236926
0.49136235883408197	-0.00017383792044420096
0.4945191706282523	-0.00017383017121824104
0.4976917664813935	-0.00017382230104709547
0.5008802253138004	-0.0001738143072053064
0.5040846264403696	-0.00017380618688646172
0.5073050495725715	-0.0001737979372002389
0.5105415748204343	-0.00017378955516928762
0.5137942826945365	-0.0001737810377260136
0.517063254108009	-0.00017377238170910905
0.5203485703785492	-0.0001737635838601304
0.5236503132304419	-0.00017375464081969272
0.5269685647965939	-0.00017374554912370438
0.5303034076205766	-0.00017373630519914912
0.5336549246586795	-0.00017372690536004943
0.5370231992819728	-0.00017371734580293887
0.5404083152783826	-0.00017370762260221918
0.5438103568547747	-0.00017369773170530862
0.5472294086390483	-0.0001736876689276361
0.5506655556822436	-0.0001736774299471555
0.5541188834606549	-0.00017366701029886887
0.5575894778779582	-0.0001736564053689476
0.5610774252673477	-0.00017364561038857402
0.5645828123936844	-0.00017363462042748712
0.5681057264556525	-0.00017362343038723467
0.5716462550879309	-0.00017361203499394314
0.5752044863633705	-0.00017360042879112367
0.5787805087951873	-0.00017358860613137818
0.5823744113391631	-0.00017357656116858688
0.5859862833958588	-0.00017356428784900968
0.5896162148128381	-0.00017355177990201122
0.5932642958869024	-0.00017353903083069556
0.5969306173663369	-0.0001735260339015883
0.6006152704531684	-0.0001735127821340422
0.6043183468054344	-0.00017349926828897562
0.6080399385394615	-0.00017348548485684545
0.6117801382321587	-0.00017347142404534622
0.6155390389233192	-0.00017345707776592309
0.6193167341179359	-0.00017344243762010438
0.6231133177885255	-0.00017342749488443167
0.6269288843774683	-0.00017341224049502682
0.6307635287993556	-0.00017339666503097417
0.6346173464433522	-0.00017338075869701198
0.6384904331755688	-0.0001733645113047938
0.6423828853414466	-0.00017334791225353673
0.6462947997681537	-0.0001733309505088727
0.6502262737669944	-0.00017331361458126625
0.6541774051358293	-0.00017329589250222627
0.6581482921615082	-0.00017327777179958735
0.6621390336223156	-0.00017325923947104333
0.6661497287904271	-0.00017324028195611936
0.6701804774343789	-0.00017322088510616317
0.6742313798215507	-0.0001732010341524295
0.6783025367206585	-0.00017318071367230413
0.682394049404262	-0.0001731599075526521
0.6865060196512833	-0.00017313859895160815
0.6906385497495399	-0.00017311677025664526
0.6947917424982876	-0.0001730944030406022
0.6989657012107791	-0.00017307147801407804
0.7031605297168331	-0.00017304797497462497
0.7073763323654171	-0.00017302387275186924
0.7116132140272443	-0.00017299914914926094
0.7158712800973803	-0.00017297378088033732
0.7201506364978669	-0.0001729477435008675
0.724451389680356	-0.00017292101133549925
0.7287736466287575	-0.00017289355739800064
0.7331175148619014	-0.00017286535330553377
0.737483102436211	-0.00017283636918556864
0.7418705179483918	-0.0001728065735745423
0.7462798705381338	-0.0001727759333078638
0.7507112698908246	-0.0001727444134004066
0.7551648262402787	-0.00017271197691536285
0.7596406503714802	-0.000172678584821239
0.7641388536233378	-0.00017264419583537096
0.7686595478914543	-0.00017260876625179486
0.7732028456309116	-0.000172572249751925
0.777768859859066	-0.00017253459719589274
0.7823577041583611	-0.000172495756392147
0.7869694926791531	-0.0001724556718420744
0.7916043401425489	-0.0001724142844568782
0.7962623618432616	-0.0001723715312425634
0.8009436736524779	-0.00017232734494866184
0.8056483920207402	-0.00017228165367639953
0.8103766339808439	-0.00017223438043921258
0.8151285171507483	-0.00017218544267028462
0.8199041597365018	-0.00017213475166849083
0.8247036805351844	-0.00017208221197426808
0.8295271989378604	-0.00017202772066494037
0.8343748349325497	-0.00017197116655774048
0.8392467091072124	-0.00017191242930645215
0.8441429426527486	-0.00017185137837620924
0.8490636573660123	-0.00017178787187807575
0.8540089756528424	-0.00017172175524211248
0.8589790205311068	-0.00017165285970439524
0.8639739156337622	-0.00017158100058148267
0.868973915633762	-0.00017150627709085474
0.8739739156337618	-0.00017142858668477511
0.8789739156337616	-0.0001713477381908099
0.8839739156337615	-0.00017126352219805493
0.8889739156337613	-0.00017117570921870335
0.893973915633761	-0.00017108404736821965
0.8989739156337608	-0.00017098825976895305
0.9039739156337606	-0.0001708880416471232
0.9089739156337604	-0.00017078305709012154
0.9139739156337602	-0.00017067293542492762
0.91897391563376	-0.00017055726717481366
0.9239739156337599	-0.0001704355995465572
0.9289739156337596	-0.00017030743139168973
0.9339739156337594	-0.0001701722075795241
0.9389739156337592	-0.00017002931270817422
0.943973915633759	-0.0001698780640690294
0.9489739156337588	-0.00016971770376701556
0.9539739156337586	-0.00016954738988130582
0.9589739156337583	-0.00016936618653340477
0.9639739156337582	-0.00016917305270528643
0.968973915633758	-0.00016896682962528055
0.9739739156337578	-0.0001687462265057353
0.9789739156337576	-0.0001685098043807038
0.9839739156337574	-0.00016825595774836585
0.9889739156337571	-0.00016798289366998527
0.9939739156337569	-0.00016768860791702844
0.9989739156337567	-0.0001673708576878253
1.0039739156337566	-0.00016702713032611276
1.0089739156337563	-0.00016665460737914713
1.0139739156337562	-0.0001662501232085221
1.0189739156337558	-0.00016581011723159852
1.0239739156337557	-0.00016533057869965397
1.0289739156337556	-0.0001648069827272529
1.0339739156337553	-0.00016423421605128854
1.0389739156337552	-0.00016360649072396695
1.0439739156337549	-0.00016291724362107825
1.0489739156337547	-0.00016215901926425292
1.0539739156337544	-0.00016132333300888175
1.0589739156337543	-0.00016040051112441931
1.0639739156337542	-0.0001593795036820603
1.0689739156337539	-0.00015824766545319673
1.0739739156337538	-0.00015699049920136075
1.0789739156337534	-0.00015559135480123696
1.0839739156337533	-0.00015403107654456363
1.088973915633753	-0.00015228758976943015
1.093973915633753	-0.00015033541658581955
1.0989739156337526	-0.00014814510896765188
1.1039739156337525	-0.00014568258585461773
1.1089739156337524	-0.0001429083591866856
1.113973915633752	-0.00013977663204867654
1.118973915633752	-0.0001362342504058244
1.1239739156337516	-0.0001322194884142026
1.1289739156337515	-0.00012766064616816374
1.1339739156337512	-0.00012247443827645963
1.138973915633751	-0.00011656415216598796
1.143973915633751	-0.00010981755694840713
1.1489739156337506	-0.00010210454755407167
1.1539739156337505	-9.327451523792439e-5
1.1589739156337502	-8.315344508555323e-5
1.16397391563375	-7.154075428115382e-5
1.1689739156337497	-5.820590188501115e-5
1.1739739156337496	-4.2884821373494866e-5
1.1789739156337493	-2.5276250053710648e-5
1.1839739156337492	-5.038052185354242e-6
1.187980436725312	1.3338329627418434e-5
1.1919869578168745	3.386885313247291e-5
1.1959934789084372	5.679763025278241e-5
1.2	8.238787179012186e-5
