0.0006999999999999628	-0.00016084733999454027
0.001403500000000035	-0.00016083792802911714
0.0021105174999999296	-0.0001608376143982347
0.0028210700874998964	-0.0001608374296950164
0.003535175437937438	-0.00016083724573688393
0.004252851315127062	-0.00016083706069209931
0.004974115571702636	-0.0001608368745235851
0.005698986149561044	-0.00016083668722011602
0.006427481080308875	-0.00016083649877125672
0.007159618485710418	-0.00016083630916676148
0.007895416578138905	-0.00016083611839656144
0.008634893661029494	-0.00016083592645063045
0.00937806812933463	-0.00016083573331906174
0.010124958469981361	-0.00016083553899190166
0.010875583262331262	-0.0001608353434592944
0.01162996117864295	-0.0001608351467112794
0.012388110984536127	-0.0001608349487379604
0.013150051539458866	-0.0001608347495293062
0.013915801797156208	-0.00016083454907536555
0.014685380806142003	-0.00016083434736606392
0.015458807710172712	-0.0001608341443912828
0.01623610174872358	-0.00016083394014086274
0.017017282257467212	-0.0001608337346045621
0.017802368668754516	-0.00016083352777208535
0.01859138051209827	-0.00016083331963304213
0.019384337414658823	-0.00016083311017697695
0.020181259101732015	-0.0001608328993933545
0.020982165397240727	-0.00016083268727154924
0.02178707622422691	-0.0001608324738008534
0.02259601160534814	-0.0001608322589704496
0.02340899166337483	-0.00016083204276947752
0.024226036621691812	-0.000160831825186897
0.02504716680480027	-0.0001608316062116436
0.025872402638824326	-0.00016083138583251365
0.02670176465201842	-0.0001608311640382373
0.02753527347527842	-0.00016083094081741938
0.028372949842654864	-0.00016083071615852657
0.0292148145918682	-0.0001608304900499521
0.03006088866482743	-0.00016083026247996364
0.03091119310815165	-0.00016083003343674517
0.0317657490736924	-0.00016082980290829112
0.03262457781906081	-0.00016082957088257773
0.03348770070815601	-0.0001608293373473843
0.034355139211696875	-0.00016082910229039585
0.035226914907755424	-0.00016082886569917956
0.03610304948229413	-0.00016082862756117437
0.03698356472970569	-0.00016082838786369747
0.03786848255335419	-0.00016082814659390085
0.038757824966120964	-0.00016082790373885103
0.03965161409095162	-0.0001608276592854467
0.04054987216140643	-0.00016082741322048465
0.04145262152221345	-0.0001608271655306146
0.04235988462982453	-0.00016082691620231072
0.04327168405297366	-0.00016082666522193237
0.0441880424732386	-0.00016082641257575569
0.04510898268560485	-0.00016082615824977245
0.046034527599032954	-0.00016082590222995505
0.04696470023702812	-0.00016082564450208188
0.04789952373821329	-0.00016082538505175854
0.048839021356904266	-0.00016082512386443308
0.04978321646368884	-0.00016082486092546653
0.05073213254600732	-0.00016082459621999474
0.05168579320873729	-0.0001608243297329883
0.052644222174780875	-0.00016082406144929965
0.05360744328565471	-0.00016082379135359565
0.054575480502083065	-0.00016082351943032825
0.055548357904593434	-0.00016082324566388408
0.056526099694116344	-0.00016082297003834476
0.0575087301925869	-0.00016082269253777005
0.05849627384354973	-0.00016082241314588897
0.05948875521276744	-0.00016082213184637697
0.06048619898883127	-0.0001608218486225906
0.061488629983775384	-0.00016082156345785599
0.06249607313369419	-0.00016082127633518733
0.06350855349936275	-0.00016082098723745598
0.06452609626685958	-0.0001608206961473727
0.06554872674819387	-0.00016082040304735742
0.06657647038193484	-0.0001608201079197119
0.06760935273384447	-0.00016081981074653003
0.06864739949751365	-0.00016081951150964904
0.0696906364950013	-0.00016081921019073234
0.07073908967747639	-0.00016081890677123274
0.07179278512586384	-0.00016081860123236204
0.07285174905149322	-0.00016081829355515988
0.0739160077967507	-0.00016081798372039283
0.07498558783573436	-0.00016081767170861478
0.07606051577491299	-0.0001608173575001738
0.07714081835378758	-0.00016081704107519414
0.07822652244555647	-0.0001608167224134971
0.07931765505778425	-0.00016081640149473062
0.0804142433330731	-0.0001608160782982558
0.08151631454973848	-0.00016081575280323031
0.08262389612248718	-0.00016081542498854812
0.0837370156030995	-0.00016081509483281778
0.0848557006811149	-0.00016081476231440754
0.0859799791845205	-0.0001608144274114568
0.08710987908044313	-0.00016081409010175265
0.08824542847584534	-0.00016081375036289939
0.08938665561822454	-0.00016081340817220664
0.09053358889631567	-0.00016081306350665503
0.09168625684079722	-0.00016081271634298954
0.09284468812500112	-0.00016081236665763433
0.09400891156562617	-0.00016081201442677778
0.0951789561234543	-0.00016081165962627056
0.09635485090407148	-0.00016081130223160537
0.09753662515859184	-0.00016081094221807055
0.0987243082843847	-0.00016081057956057125
0.09991792982580656	-0.00016081021423373828
0.10111751947493569	-0.0001608098462118659
0.10232310707231031	-0.00016080947546885603
0.1035347226076718	-0.00016080910197841314
0.10475239622071016	-0.00016080872571376436
0.10597615820181366	-0.00016080834664790563
0.10720603899282274	-0.00016080796475337426
0.10844206918778684	-0.00016080758000244801
0.10968427953372567	-0.00016080719236700758
0.1109327009313943	-0.00016080680181850817
0.11218736443605135	-0.00016080640832812066
0.11344830125823162	-0.0001608060118666338
0.11471554276452282	-0.000160805612404362
0.11598912047834534	-0.00016080520991127115
0.11726906608073695	-0.00016080480435695996
0.11855541141114062	-0.00016080439571060967
0.11984818846819621	-0.0001608039839409578
0.12114742941053713	-0.00016080356901635581
0.12245316655758978	-0.00016080315090465666
0.1237654323903777	-0.00016080272957338354
0.12508425955232963	-0.0001608023049895416
0.12640968085009122	-0.0001608018771197033
0.1277417292543416	-0.0001608014459300251
0.1290804379006133	-0.00016080101138608898
0.13042584009011637	-0.0001608005734531356
0.1317779692905669	-0.0001608001320958394
0.13313685913701961	-0.0001607996872784067
0.13450254343270476	-0.0001607992389645185
0.13587505614986833	-0.00016079878711739438
0.13725443143061763	-0.00016079833169971625
0.13864070358777073	-0.00016079787267359833
0.14003390710570945	-0.0001607974100006785
0.14143407664123803	-0.00016079694364201104
0.1428412470244442	-0.0001607964735581269
0.1442554532595664	-0.00016079599970895294
0.14567673052586416	-0.00016079552205384726
0.1471051141784935	-0.00016079504055158816
0.14854063974938603	-0.00016079455516037404
0.149983342948133	-0.00016079406583775996
0.15143325966287374	-0.00016079357254072227
0.15289042596118813	-0.00016079307522553116
0.15435487809099402	-0.00016079257384790855
0.15582665248144906	-0.00016079206836284212
0.1573057857438562	-0.00016079155872470002
0.15879231467257537	-0.0001607910448871448
0.16028627624593816	-0.00016079052680313812
0.16178770762716785	-0.00016079000442497027
0.16329664616530362	-0.0001607894777041873
0.16481312939613008	-0.00016078894659157493
0.1663371950431107	-0.0001607884110372638
0.16786888101832628	-0.0001607878709904974
0.1694082254234178	-0.00016078732639981168
0.1709552665505349	-0.00016078677721294716
0.17251004288328747	-0.00016078622337683794
0.17407259309770393	-0.0001607856648375766
0.17564295606319252	-0.00016078510154042254
0.17722117084350858	-0.0001607845334297708
0.17880727669772617	-0.00016078396044918493
0.18040131308121476	-0.00016078338254126715
0.18200331964662084	-0.00016078279964778738
0.18361333624485401	-0.00016078221170952927
0.18523140292607826	-0.00016078161866631715
0.18685755994070874	-0.00016078102045711086
0.1884918477404122	-0.00016078041701977116
0.19013430697911424	-0.00016077980829121394
0.1917849785140098	-0.00016077919420734197
0.19344390340657974	-0.0001607785747029263
0.19511112292361268	-0.00016077794971182532
0.1967866785382308	-0.00016077731916662967
0.19847061193092203	-0.0001607766829989658
0.20016296499057665	-0.00016077604113919002
0.20186377981552947	-0.0001607753935166669
0.2035730987146071	-0.00016077474005939604
0.20529096420818022	-0.00016077408069431338
0.20701741902922113	-0.000160773415347023
0.20875250612436722	-0.00016077274394191596
0.210496268654989	-0.0001607720664020962
0.21224874999826396	-0.00016077138264932969
0.21400999374825516	-0.00016077069260405944
0.21578004371699644	-0.00016076999618533266
0.21755894393558148	-0.0001607692933108077
0.2193467386552594	-0.00016076858389672688
0.22114347234853576	-0.00016076786785783437
0.22294918971027836	-0.00016076714510740206
0.2247639356588297	-0.00016076641555716123
0.2265877553371239	-0.00016076567911728218
0.2284206941138094	-0.0001607649356963271
0.23026279758437848	-0.00016076418520122833
0.23211411157230027	-0.00016076342753726093
0.23397468213016168	-0.0001607626626079603
0.23584455554081238	-0.0001607618903151187
0.23772377831851643	-0.00016076111055880223
0.23961239721010893	-0.00016076032323719252
0.24151045919615952	-0.00016075952824653718
0.24341801149214037	-0.0001607587254812803
0.24533510154960114	-0.00016075791483387592
0.24726177705734917	-0.0001607570961947537
0.24919808594263576	-0.00016075626945225656
0.251144076372349	-0.00016075543449274742
0.2530997967542107	-0.0001607545912002925
0.2550652957379817	-0.00016075373945685938
0.2570406222166717	-0.0001607528791421266
0.2590258253277551	-0.0001607520101334523
0.26102095445439405	-0.00016075113230589174
0.2630260592266659	-0.000160750245531975
0.2650411895227993	-0.00016074934968185274
0.2670663954704134	-0.00016074844462311873
0.26910172744776534	-0.00016074753022070093
0.27114723608500396	-0.00016074660633691836
0.27320297226542917	-0.00016074567283138033
0.27526898712675635	-0.00016074472956083827
0.27734533206239	-0.00016074377637922458
0.2794320587227019	-0.0001607428131374571
0.2815292190163153	-0.0001607418396835619
0.2836368651113967	-0.0001607408558623594
0.28575504943695385	-0.00016073986151553414
0.28788382468413853	-0.00016073885648157252
0.29002324380755934	-0.0001607378405955335
0.29217336002659705	-0.00016073681368911796
0.29433422682673016	-0.00016073577559052302
0.29650589796086374	-0.00016073472612431502
0.29868842745066804	-0.00016073366511134865
0.30088186958792124	-0.00016073259236875812
0.3030862789358609	-0.00016073150770969772
0.30530171033054027	-0.00016073041094341798
0.307528218882193	-0.00016072930187494924
0.30976585997660405	-0.00016072818030523316
0.312014689276487	-0.0001607270460308018
0.31427476272286925	-0.0001607258988437923
0.3165461365364837	-0.00016072473853170498
0.3188288672191662	-0.00016072356487745122
0.32112301155526213	-0.00016072237765903547
0.32342862661303834	-0.0001607211766495225
0.3257457697461036	-0.00016071996161696995
0.32807449859483384	-0.00016071873232408558
0.3304148710878078	-0.0001607174885282773
0.33276694544324686	-0.0001607162299813615
0.33513078017046305	-0.00016071495642954416
0.33750643407131514	-0.0001607136676131231
0.3398939662416715	-0.00016071236326635257
0.3422934360728799	-0.0001607110431173341
0.34470490325324404	-0.0001607097068878177
0.3471284277695101	-0.00016070835429294925
0.34956406990835764	-0.0001607069850411553
0.3520118902578995	-0.00016070559883388062
0.354471949709189	-0.00016070419536542432
0.3569443094577349	-0.00016070277432273818
0.3594290310050235	-0.00016070133538519213
0.3619261761600484	-0.00016069987822425562
0.3644358070408486	-0.00016069840250342217
0.36695798607605284	-0.00016069690787786568
0.36949277600643327	-0.00016069539399421898
0.37204023988646523	-0.00016069386049026704
0.3746004410858973	-0.00016069230699468213
0.3771734432913268	-0.0001606907331268292
0.3797593105077832	-0.00016068913849634107
0.3823581070603219	-0.000160687522702938
0.38496989759562367	-0.0001606858853359692
0.3875947470836016	-0.00016068422597422953
0.3902327208190196	-0.00016068254418553308
0.3928838844231145	-0.0001606808395264275
0.39554830384522993	-0.000160679111541705
0.3982260453644561	-0.00016067735976411823
0.4009171755912785	-0.0001606755837140005
0.40362176146923495	-0.0001606737828988059
0.40633987027658097	-0.0001606719568126803
0.4090715696279639	-0.00016067010493606273
0.4118169274761037	-0.0001606682267351244
0.4145760121134843	-0.00016066632166145996
0.4173488921740515	-0.00016066438915138687
0.4201356366349219	-0.00016066242862556972
0.42293631481809635	-0.00016066043948844154
0.4257509963921868	-0.00016065842112768597
0.42857975137414767	-0.00016065637291345848
0.43142265013101855	-0.000160654294198009
0.43427976338167373	-0.00016065218431499613
0.43715116219858224	-0.00016065004257870554
0.44003691800957523	-0.00016064786828345168
0.44293710259962304	-0.0001606456607029271
0.4458517881126211	-0.00016064341908924887
0.44878104705318417	-0.0001606411426724233
0.45172495228844983	-0.00016063883065931702
0.45468357704989204	-0.00016063648223294934
0.4576569949351413	-0.0001606340965515622
0.46064527990981685	-0.00016063167274766275
0.4636485063093658	-0.00016062920992704054
0.4666667488409128	-0.00016062670716786377
0.4697000825851173	-0.00016062416351955922
0.4727485829980427	-0.00016062157800163476
0.47581232591303285	-0.0001606189496026337
0.478891387542598	-0.00016061627727893889
0.48198584448031084	-0.00016061355995336405
0.4850957737027124	-0.00016061079651401135
0.48822125257122595	-0.0001606079858127691
0.49136235883408197	-0.00016060512666393176
0.4945191706282523	-0.00016060221784263367
0.4976917664813935	-0.00016059925808331488
0.5008802253138004	-0.00016059624607803167
0.5040846264403696	-0.00016059318047465716
0.5073050495725715	-0.000160590059875213
0.5105415748204343	-0.00016058688283374377
0.5137942826945365	-0.0001605836478544005
0.517063254108009	-0.0001605803533895135
0.5203485703785492	-0.0001605769978369187
0.5236503132304419	-0.00016057357953814827
0.5269685647965939	-0.00016057009677564676
0.5303034076205766	-0.0001605665477702296
0.5336549246586795	-0.00016056293067858075
0.5370231992819728	-0.00016055924359011429
0.5404083152783826	-0.0001605554845242602
0.5438103568547747	-0.0001605516514270971
0.5472294086390483	-0.00016054774216808736
0.5506655556822436	-0.00016054375453672948
0.5541188834606549	-0.00016053968623864392
0.5575894778779582	-0.00016053553489178566
0.5610774252673477	-0.0001605312980223657
0.5645828123936844	-0.00016052697306046692
0.5681057264556525	-0.0001605225573355192
0.5716462550879309	-0.0001605180480714157
0.5752044863633705	-0.00016051344238147028
0.5787805087951873	-0.00016050873726293477
0.5823744113391631	-0.00016050392959133166
0.5859862833958588	-0.00016049901611448226
0.5896162148128381	-0.0001604939934459188
0.5932642958869024	-0.00016048885805823693
0.5969306173663369	-0.00016048360627593348
0.6006152704531684	-0.00016047823426763232
0.6043183468054344	-0.00016047273803806864
0.6080399385394615	-0.00016046711341947186
0.6117801382321587	-0.0001604613560624512
0.6155390389233192	-0.00016045546142620307
0.6193167341179359	-0.00016044942476819686
0.6231133177885255	-0.00016044324113318609
0.6269288843774683	-0.0001604369053413882
0.6307635287993556	-0.0001604304119760071
0.6346173464433522	-0.00016042375536982762
0.6384904331755688	-0.0001604169295910793
0.6423828853414466	-0.0001604099284278273
0.6462947997681537	-0.0001604027453719939
0.6502262737669944	-0.00016039537360180918
0.6541774051358293	-0.00016038780596276314
0.6581482921615082	-0.00016038003494780372
0.6621390336223156	-0.00016037205267568124
0.6661497287904271	-0.00016036385086750656
0.6701804774343789	-0.00016035542082191783
0.6742313798215507	-0.00016034675338803724
0.6783025367206585	-0.00016033783893655944
0.682394049404262	-0.00016032866732794862
0.6865060196512833	-0.0001603192278789123
0.6906385497495399	-0.00016030950932528323
0.6947917424982876	-0.00016029949978209153
0.6989657012107791	-0.00016028918670037633
0.7031605297168331	-0.00016027855681981947
0.7073763323654171	-0.00016026759611736274
0.7116132140272443	-0.0001602562897512504
0.7158712800973803	-0.00016024462199931512
0.7201506364978669	-0.00016023257619232224
0.724451389680356	-0.000160220134639658
0.7287736466287575	-0.0001602072785488996
0.7331175148619014	-0.00016019398793620343
0.737483102436211	-0.00016018024152813544
0.7418705179483918	-0.00016016601665278633
0.7462798705381338	-0.00016015128911943063
0.7507112698908246	-0.00016013603308458047
0.7551648262402787	-0.00016012022090380242
0.7596406503714802	-0.0001601038229656381
0.7641388536233378	-0.00016008680750700398
0.7686595478914543	-0.00016006914040616582
0.7732028456309116	-0.00016005078495109914
0.777768859859066	-0.00016003170157890946
0.7823577041583611	-0.00016001184758322528
0.7869694926791531	-0.00015999117678361222
0.7916043401425489	-0.0001599696391531332
0.7962623618432616	-0.00015994718039629235
0.8009436736524779	-0.00015992374147133593
0.8056483920207402	-0.00015989925804801432
0.8103766339808439	-0.00015987365989155917
0.8151285171507483	-0.00015984687016117968
0.8199041597365018	-0.0001598188046116965
0.8247036805351844	-0.00015978937068194559
0.8295271989378604	-0.00015975846645473627
0.8343748349325497	-0.00015972597946769485
0.8392467091072124	-0.0001596917853531451
0.8441429426527486	-0.00015965574628163542
0.8490636573660123	-0.00015961770917848173
0.8540089756528424	-0.00015957750368075552
0.8589790205311068	-0.00015953493979432013
0.8639739156337622	-0.00015948980520630467
0.868973915633762	-0.00015944205699150967
0.8739739156337618	-0.00015939151800871377
0.8789739156337616	-0.00015933794141593082
0.8839739156337615	-0.00015928105260915615
0.8889739156337613	-0.00015922054594341006
0.893973915633761	-0.00015915608095665298
0.8989739156337608	-0.00015908727813838448
0.9039739156337606	-0.00015901371418898687
0.9089739156337604	-0.00015893491671043215
0.9139739156337602	-0.00015885035826009546
0.91897391563376	-0.00015875944969113572
0.9239739156337599	-0.0001586615326941771
0.9289739156337596	-0.00015855587144349126
0.9339739156337594	-0.0001584416432383478
0.9389739156337592	-0.000158317928017794
0.943973915633759	-0.00015818369660912013
0.9489739156337588	-0.0001580377975555975
0.9539739156337586	-0.00015787894234789784
0.9589739156337583	-0.0001577056888601887
0.9639739156337582	-0.000157516422769821
0.968973915633758	-0.0001573093367083682
0.9739739156337578	-0.0001570824068610484
0.9789739156337576	-0.0001568333666952229
0.9839739156337574	-0.00015655967745553843
0.9889739156337571	-0.00015625849501792926
0.9939739156337569	-0.00015592663263831063
0.9989739156337567	-0.0001555605190697459
1.0039739156337566	-0.00015515615144862406
1.0089739156337563	-0.00015470904226675056
1.0139739156337562	-0.00015421415964755818
1.0189739156337558	-0.00015366586002952471
1.0239739156337557	-0.00015305781222777945
1.0289739156337556	-0.0001523829116858719
1.0339739156337553	-0.0001516331835471275
1.0389739156337552	-0.00015079967296249036
1.0439739156337549	-0.00014987232079633015
1.0489739156337547	-0.0001488398226073259
1.0539739156337544	-0.00014768946843967795
1.0589739156337543	-0.00014640696057797816
1.0639739156337542	-0.00014497620597951914
1.0689739156337539	-0.00014337907960657322
1.0739739156337538	-0.0001415951543414038
1.0789739156337534	-0.00013960139257904454
1.0839739156337533	-0.0001373717939816507
1.088973915633753	-0.00013487699325884765
1.093973915633753	-0.00013208380124699623
1.0989739156337526	-0.00012895468205754475
1.1039739156337525	-0.00012544715870150855
1.1089739156337524	-0.00012151313948423791
1.113973915633752	-0.00011709815769493927
1.118973915633752	-0.00011214051784483083
1.1239739156337516	-0.00010657034306351995
1.1289739156337515	-0.00010030852043637767
1.1339739156337512	-9.32655441727025e-5
1.138973915633751	-8.534026066816719e-5
1.143973915633751	-7.641852476142123e-5
1.1489739156337506	-6.637178265034414e-5
1.1539739156337505	-5.5055603652492204e-5
1.1589739156337502	-4.230818956002239e-5
1.16397391563375	-2.794889563622338e-5
1.1689739156337497	-1.1776799784661484e-5
1.1739739156337496	6.430645867218889e-6
1.1789739156337493	2.6918855894979008e-5
1.1839739156337492	4.995723783523499e-5
1.187980436725312	7.045879992624025e-5
1.1919869578168745	9.294726468654296e-5
1.1959934789084372	0.00011759978284671478
1.2	0.0001446023783583935
