0.0006999999999999628	-0.0001607669247776853
0.001403500000000035	-0.0001607567381375006
0.0021105174999999296	-0.00016075650976211906
0.0028210700874998964	-0.00016075641451604135
0.003535175437937438	-0.00016075632065498026
0.004252851315127062	-0.00016075622637855811
0.004974115571702636	-0.0001607561316575361
0.005698986149561044	-0.0001607560364877659
0.006427481080308875	-0.00016075594086571905
0.007159618485710418	-0.0001607558447881426
0.007895416578138905	-0.00016075574825187032
0.008634893661029494	-0.00016075565125386388
0.00937806812933463	-0.0001607555537912722
0.010124958469981361	-0.00016075545586117056
0.010875583262331262	-0.0001607553574607398
0.01162996117864295	-0.0001607552585872278
0.012388110984536127	-0.00016075515923795526
0.013150051539458866	-0.0001607550594101923
0.013915801797156208	-0.0001607549591012779
0.014685380806142003	-0.00016075485830851805
0.015458807710172712	-0.0001607547570293624
0.01623610174872358	-0.00016075465526114012
0.017017282257467212	-0.0001607545530011919
0.017802368668754516	-0.00016075445024699207
0.01859138051209827	-0.00016075434699589687
0.019384337414658823	-0.00016075424324527414
0.020181259101732015	-0.0001607541389925462
0.020982165397240727	-0.00016075403423516067
0.02178707622422691	-0.00016075392897044795
0.02259601160534814	-0.00016075382319587773
0.02340899166337483	-0.00016075371690879673
0.024226036621691812	-0.0001607536101065901
0.02504716680480027	-0.0001607535027866184
0.025872402638824326	-0.00016075339494637316
0.02670176465201842	-0.00016075328658312596
0.02753527347527842	-0.00016075317769432139
0.028372949842654864	-0.00016075306827726096
0.0292148145918682	-0.00016075295832929681
0.03006088866482743	-0.00016075284784780982
0.03091119310815165	-0.00016075273683012893
0.0317657490736924	-0.00016075262527361601
0.03262457781906081	-0.00016075251317555783
0.03348770070815601	-0.00016075240053327607
0.034355139211696875	-0.00016075228734409053
0.035226914907755424	-0.0001607521736053156
0.03610304948229413	-0.00016075205931420384
0.03698356472970569	-0.000160751944468048
0.03786848255335419	-0.00016075182906414068
0.038757824966120964	-0.00016075171309965836
0.03965161409095162	-0.00016075159657196524
0.04054987216140643	-0.00016075147947822055
0.04145262152221345	-0.00016075136181569618
0.04235988462982453	-0.00016075124358157867
0.04327168405297366	-0.00016075112477307175
0.0441880424732386	-0.0001607510053874226
0.04510898268560485	-0.00016075088542174675
0.046034527599032954	-0.00016075076487330594
0.04696470023702812	-0.00016075064373917292
0.04789952373821329	-0.00016075052201657195
0.048839021356904266	-0.00016075039970262698
0.04978321646368884	-0.0001607502767943995
0.05073213254600732	-0.00016075015328908884
0.05168579320873729	-0.00016075002918378758
0.052644222174780875	-0.0001607499044755548
0.05360744328565471	-0.0001607497791615137
0.054575480502083065	-0.00016074965323873162
0.05554835790459365	-0.0001607495267042334
0.05652609969411678	-0.00016074939955510332
0.05750873019258755	-0.0001607492717883081
0.05849627384355038	-0.0001607491434009753
0.05948875521276831	-0.0001607490143900254
0.060486198988831924	-0.00016074888475252924
0.061488629983776036	-0.00016074875448542054
0.062496073133695054	-0.0001607486235856782
0.06350855349936363	-0.00016074849205028227
0.06452609626686023	-0.00016074835987620094
0.06554872674819473	-0.00016074822706029805
0.0665764703819355	-0.00016074809359952315
0.06760935273384511	-0.00016074795949083933
0.06864739949751451	-0.00016074782473104652
0.06969063649500218	-0.00016074768931712862
0.07073908967747725	-0.00016074755324589488
0.07179278512586448	-0.00016074741651420576
0.07285174905149387	-0.0001607472791189499
0.07391600779675113	-0.00016074714105688987
0.07498558783573481	-0.00016074700232489972
0.07606051577491364	-0.00016074686291970585
0.07714081835378801	-0.0001607467228382053
0.0782265224455569	-0.0001607465820770903
0.07931765505778446	-0.00016074644063316802
0.08041424333307354	-0.0001607462985031525
0.08151631454973869	-0.00016074615568380696
0.08262389612248718	-0.00016074601217181807
0.08373701560309972	-0.0001607458679639336
0.08485570068111534	-0.00016074572305686352
0.08597997918452092	-0.00016074557744720077
0.08710987908044335	-0.00016074543113168402
0.08824542847584554	-0.00016074528410695515
0.08938665561822474	-0.0001607451363696623
0.0905335888963159	-0.0001607449879163591
0.09168625684079766	-0.00016074483874375028
0.09284468812500156	-0.00016074468884833733
0.09400891156562662	-0.00016074453822672216
0.09517895612345495	-0.00016074438687553117
0.09635485090407213	-0.0001607442347912735
0.09753662515859228	-0.0001607440819704508
0.09872430828438533	-0.00016074392840965867
0.09991792982580742	-0.00016074377410534883
0.10111751947493633	-0.00016074361905404016
0.10232310707231096	-0.00016074346325210538
0.10353472260767245	-0.00016074330669616556
0.1047523962207106	-0.00016074314938256876
0.1059761582018141	-0.0001607429913078098
0.10720603899282295	-0.00016074283246828497
0.10844206918778705	-0.0001607426728603055
0.10968427953372589	-0.0001607425124803339
0.11093270093139453	-0.00016074235132477956
0.11218736443605157	-0.00016074218938990343
0.11344830125823162	-0.00016074202667212148
0.11471554276452282	-0.00016074186316775044
0.11598912047834534	-0.0001607416988730214
0.11726906608073716	-0.00016074153378430611
0.11855541141114084	-0.00016074136789786245
0.11984818846819666	-0.0001607412012099469
0.12114742941053756	-0.00016074103371681132
0.12245316655759021	-0.0001607408654146743
0.12376543239037813	-0.00016074069629973254
0.12508425955233007	-0.0001607405263681885
0.12640968085009188	-0.00016074035561628388
0.12774172925434224	-0.00016074018404011226
0.12908043790061416	-0.00016074001163583648
0.13042584009011704	-0.00016073983839959397
0.13177796929056776	-0.0001607396643274777
0.1331368591370207	-0.00016073948941569096
0.13450254343270562	-0.0001607393136601737
0.13587505614986897	-0.0001607391370570723
0.1372544314306183	-0.00016073895960239974
0.13864070358777136	-0.00016073878129218894
0.14003390710571012	-0.00016073860212253966
0.14143407664123844	-0.00016073842208933555
0.14284124702444484	-0.00016073824118864187
0.14425545325956707	-0.00016073805941632297
0.1456767305258648	-0.00016073787676847094
0.14710511417849395	-0.00016073769324086802
0.14854063974938644	-0.00016073750882951768
0.14998334294813345	-0.00016073732353028057
0.1514332596628742	-0.0001607371373390444
0.15289042596118857	-0.00016073695025171388
0.15435487809099444	-0.0001607367622640537
0.15582665248144925	-0.00016073657337190955
0.15730578574385642	-0.00016073638357110755
0.1587923146725756	-0.00016073619285741502
0.1602862762459386	-0.00016073600122664362
0.1617877076271685	-0.0001607358086744656
0.16329664616530448	-0.00016073561519672617
0.16481312939613094	-0.00016073542078901616
0.16633719504311156	-0.00016073522544714377
0.16786888101832692	-0.0001607350291667673
0.16940822542341866	-0.00016073483194347797
0.17095526655053575	-0.00016073463377299236
0.17251004288328856	-0.00016073443465088201
0.1740725930977048	-0.0001607342345727772
0.1756429560631934	-0.00016073403353424352
0.17722117084350925	-0.00016073383153086126
0.17880727669772659	-0.00016073362855819178
0.18040131308121543	-0.0001607334246117461
0.18200331964662148	-0.00016073321968701167
0.18361333624485465	-0.0001607330137794683
0.18523140292607912	-0.000160732806884627
0.18685755994070938	-0.00016073259899797646
0.18849184774041308	-0.00016073239011477167
0.19013430697911532	-0.00016073218023058023
0.19178497851401088	-0.0001607319693407061
0.19344390340658082	-0.00016073175744059357
0.19511112292361377	-0.00016073154452554174
0.1967866785382319	-0.00016073133059086287
0.19847061193092289	-0.000160731115631837
0.2001629649905775	-0.00016073089964381698
0.20186377981553055	-0.00016073068262199063
0.20357309871460819	-0.00016073046456161738
0.2052909642081813	-0.00016073024545797373
0.207017419029222	-0.00016073002530618192
0.20875250612436788	-0.00016072980410147572
0.21049626865498966	-0.00016072958183892751
0.21224874999826462	-0.00016072935851369605
0.21400999374825602	-0.0001607291341209216
0.2157800437169973	-0.00016072890865567589
0.21755894393558234	-0.0001607286821130083
0.21934673865526005	-0.00016072845448792387
0.2211434723485364	-0.00016072822577545688
0.22294918971027902	-0.00016072799597060568
0.22476393565883038	-0.00016072776506834285
0.22658775533712455	-0.00016072753306359548
0.22842069411381005	-0.0001607272999512271
0.23026279758437915	-0.0001607270657262225
0.23211411157230094	-0.00016072683038334702
0.23397468213016254	-0.00016072659391754368
0.23584455554081346	-0.00016072635632358916
0.23772377831851751	-0.00016072611759620632
0.23961239721011024	-0.00016072587773016632
0.24151045919616082	-0.00016072563672022813
0.24341801149214168	-0.00016072539456115468
0.24533510154960245	-0.00016072515124756996
0.24726177705735047	-0.00016072490677411866
0.2491980859426373	-0.00016072466113541166
0.25114407637235053	-0.00016072441432610205
0.2530997967542124	-0.000160724166340651
0.2550652957379834	-0.00016072391717366437
0.2570406222166734	-0.00016072366681971613
0.25902582532775686	-0.00016072341527314295
0.26102095445439577	-0.00016072316252839638
0.2630260592266676	-0.00016072290858000507
0.26504118952280104	-0.00016072265342224895
0.26706639547041516	-0.00016072239704949468
0.26910172744776706	-0.00016072213945607822
0.27114723608500574	-0.00016072188063628003
0.2732029722654309	-0.00016072162058430224
0.2752689871267581	-0.00016072135929444007
0.2773453320623917	-0.0001607210967607798
0.2794320587227036	-0.00016072083297750264
0.281529219016317	-0.00016072056793873165
0.2836368651113984	-0.0001607203016384631
0.28575504943695557	-0.00016072003407081997
0.28788382468414025	-0.0001607197652297081
0.2900232438075611	-0.00016071949510917504
0.29217336002659877	-0.00016071922370303188
0.29433422682673194	-0.0001607189510051993
0.29650589796086546	-0.00016071867700951387
0.29868842745066976	-0.00016071840170965446
0.30088186958792296	-0.00016071812509959338
0.30308627893586265	-0.00016071784717281055
0.305301710330542	-0.0001607175679229953
0.3075282188821948	-0.00016071728734381888
0.30976585997660583	-0.00016071700542887762
0.31201468927648873	-0.0001607167221715264
0.31427476272287097	-0.0001607164375653542
0.3165461365364855	-0.0001607161516036952
0.318828867219168	-0.0001607158642799705
0.3211230115552639	-0.00016071557558744825
0.32342862661304006	-0.00016071528551941903
0.3257457697461053	-0.000160714994069003
0.32807449859483556	-0.000160714701229431
0.33041487108780954	-0.000160714406993694
0.3327669454432486	-0.00016071411135485603
0.33513078017046477	-0.00016071381430586435
0.33750643407131686	-0.000160713515839676
0.33989396624167323	-0.00016071321594899793
0.3422934360728816	-0.00016071291462671727
0.34470490325324576	-0.00016071261186547281
0.3471284277695118	-0.0001607123076579347
0.34956406990835936	-0.00016071200199660015
0.3520118902579012	-0.00016071169487398915
0.3544719497091907	-0.0001607113862824755
0.35694430945773664	-0.00016071107621449263
0.3594290310050252	-0.00016071076466223191
0.36192617616005013	-0.00016071045161784007
0.3644358070408504	-0.00016071013707340414
0.36695798607605457	-0.00016070982102105757
0.36949277600643504	-0.00016070950345254109
0.37204023988646695	-0.0001607091843597521
0.374600441085899	-0.0001607088637343793
0.3771734432913285	-0.00016070854156816363
0.379759310507785	-0.0001607082178525513
0.3823581070603237	-0.0001607078925790106
0.3849698975956254	-0.00016070756573885968
0.3875947470836033	-0.00016070723732331048
0.39023272081902133	-0.00016070690732351348
0.3928838844231162	-0.0001607065757304175
0.39554830384523165	-0.00016070624253487705
0.3982260453644579	-0.00016070590772772984
0.4009171755912802	-0.00016070557129959224
0.4036217614692367	-0.0001607052332409493
0.4063398702765827	-0.0001607048935421016
0.40907156962796565	-0.00016070455219334702
0.41181692747610543	-0.0001607042091848226
0.41457601211348605	-0.00016070386450640786
0.4173488921740533	-0.00016070351814784952
0.4201356366349237	-0.00016070317009889525
0.42293631481809807	-0.00016070282034891101
0.4257509963921885	-0.00016070246888732654
0.42857975137414944	-0.00016070211570321172
0.4314226501310203	-0.00016070176078558976
0.43427976338167545	-0.00016070140412306327
0.43715116219858396	-0.00016070104570438832
0.440036918009577	-0.00016070068551792718
0.44293710259962477	-0.0001607003235518706
0.4458517881126228	-0.00016069995979419943
0.4487810470531859	-0.00016069959423268578
0.45172495228845155	-0.0001606992268548211
0.45468357704989376	-0.00016069885764807365
0.45765699493514306	-0.0001606984865994153
0.46064527990981863	-0.00016069811369557788
0.4636485063093676	-0.00016069773892332746
0.4666667488409145	-0.00016069736226882113
0.4697000825851191	-0.00016069698371821972
0.4727485829980444	-0.00016069660325715446
0.4758123259130346	-0.00016069622087125016
0.47889138754259974	-0.0001606958365454802
0.4819858444803126	-0.00016069545026475376
0.4850957737027142	-0.000160695062013672
0.48822125257122767	-0.00016069467177629672
0.49136235883408375	-0.00016069427953645056
0.49451917062825407	-0.0001606938852776212
0.49769176648139524	-0.00016069348898291801
0.5008802253138022	-0.00016069309063500794
0.5040846264403713	-0.00016069269021623205
0.5073050495725733	-0.00016069228770830636
0.510541574820436	-0.00016069188309276056
0.5137942826945383	-0.00016069147635052022
0.5170632541080108	-0.00016069106746210738
0.520348570378551	-0.0001606906564075697
0.5236503132304436	-0.00016069024316637284
0.5269685647965956	-0.00016068982771742308
0.5303034076205784	-0.00016068941003918828
0.5336549246586811	-0.0001606889901094733
0.5370231992819746	-0.0001606885679056996
0.5404083152783844	-0.00016068814340434716
0.5438103568547764	-0.00016068771658134747
0.5472294086390501	-0.0001606872874121613
0.5506655556822453	-0.0001606868558712884
0.5541188834606565	-0.00016068642193264746
0.5575894778779599	-0.00016068598556952013
0.5610774252673494	-0.0001606855467541366
0.564582812393686	-0.00016068510545805755
0.5681057264556543	-0.00016068466165193297
0.5716462550879327	-0.00016068421530557073
0.5752044863633723	-0.00016068376638782506
0.578780508795189	-0.00016068331486662673
0.5823744113391649	-0.00016068286070876903
0.5859862833958606	-0.000160682403880153
0.5896162148128399	-0.0001606819443454784
0.5932642958869042	-0.00016068148206826354
0.5969306173663387	-0.000160681017010995
0.6006152704531702	-0.00016068054913467953
0.6043183468054361	-0.00016068007839915318
0.6080399385394633	-0.000160679604762749
0.6117801382321605	-0.00016067912818263914
0.615539038923321	-0.00016067864861424563
0.6193167341179376	-0.0001606781660113866
0.6231133177885273	-0.00016067768032643174
0.6269288843774701	-0.00016067719150995201
0.6307635287993573	-0.0001606766995104971
0.6346173464433539	-0.00016067620427514192
0.6384904331755705	-0.00016067570574865888
0.6423828853414483	-0.0001606752038739397
0.6462947997681555	-0.00016067469859126662
0.6502262737669962	-0.00016067418983924757
0.6541774051358311	-0.00016067367755380135
0.6581482921615099	-0.00016067316166804607
0.6621390336223173	-0.00016067264211276183
0.6661497287904288	-0.00016067211881593305
0.6701804774343807	-0.0001606715917025822
0.6742313798215525	-0.00016067106069454383
0.6783025367206603	-0.0001606705257102575
0.6823940494042636	-0.00016066998666517155
0.6865060196512851	-0.0001606694434706903
0.6906385497495416	-0.0001606688960346677
0.6947917424982893	-0.00016066834426076284
0.6989657012107808	-0.00016066778804854132
0.7031605297168348	-0.00016066722729290861
0.7073763323654189	-0.00016066666188436032
0.7116132140272461	-0.00016066609170784218
0.715871280097382	-0.00016066551664368041
0.7201506364978687	-0.00016066493656604505
0.7244513896803577	-0.00016066435134350022
0.7287736466287593	-0.0001606637608383054
0.733117514861903	-0.00016066316490591465
0.7374831024362126	-0.00016066256339483843
0.7418705179483935	-0.00016066195614599746
0.7462798705381356	-0.00016066134299253936
0.7507112698908263	-0.0001606607237590455
0.7551648262402804	-0.0001606600982612368
0.759640650371482	-0.00016065946630500964
0.7641388536233394	-0.0001606588276864623
0.7686595478914561	-0.00016065818219052403
0.7732028456309133	-0.00016065752959071953
0.7777688598590677	-0.00016065686964829314
0.7823577041583629	-0.0001606562021113077
0.7869694926791548	-0.0001606555267135192
0.7916043401425507	-0.00016065484317407655
0.7962623618432633	-0.00016065415119561105
0.8009436736524796	-0.00016065345046376256
0.805648392020742	-0.00016065274064547773
0.8103766339808457	-0.00016065202138792993
0.81512851715075	-0.00016065129231703952
0.8199041597365035	-0.0001606505530354474
0.8247036805351862	-0.00016064980312144027
0.8295271989378621	-0.00016064904212641858
0.8343748349325514	-0.000160648269573231
0.8392467091072142	-0.0001606474849532907
0.8441429426527504	-0.00016064668772490629
0.849063657366014	-0.00016064587730953253
0.8540089756528442	-0.00016064505308936527
0.8589790205311084	-0.00016064421440388502
0.863973915633764	-0.00016064336054537738
0.8689739156337638	-0.0001606424929303121
0.8739739156337636	-0.00016064161272483143
0.8789739156337634	-0.0001606407196117757
0.8839739156337632	-0.00016063981290192548
0.8889739156337629	-0.00016063889186051863
0.8939739156337627	-0.00016063795570344367
0.8989739156337626	-0.00016063700359286533
0.9039739156337624	-0.0001606360346333603
0.9089739156337622	-0.00016063504786532115
0.913973915633762	-0.0001606340422601809
0.9189739156337617	-0.0001606330167132982
0.9239739156337615	-0.0001606319700356729
0.9289739156337613	-0.00016063090094705075
0.9339739156337611	-0.00016062980806513528
0.938973915633761	-0.00016062868989538304
0.9439739156337608	-0.00016062754481839528
0.9489739156337605	-0.00016062637107627792
0.9539739156337603	-0.00016062516675669107
0.9589739156337601	-0.00016062392977390816
0.9639739156337599	-0.0001606226578487827
0.9689739156337597	-0.000160621348483686
0.9739739156337595	-0.00016061999893501725
0.9789739156337594	-0.00016061860618149748
0.9839739156337591	-0.0001606171668849958
0.9889739156337589	-0.00016061567734909879
0.9939739156337587	-0.00016061413346653758
0.9989739156337585	-0.0001606125306612466
1.0039739156337584	-0.00016061086381783434
1.008973915633758	-0.0001606091272004662
1.013973915633758	-0.00016060731435749666
1.0189739156337576	-0.00016060541800827
1.0239739156337575	-0.00016060342991019378
1.0289739156337572	-0.00016060134070180603
1.033973915633757	-0.00016059913971655014
1.038973915633757	-0.0001605968147630462
1.0439739156337566	-0.00016059435186185984
1.0489739156337565	-0.0001605917349369368
1.0539739156337562	-0.00016058894544363232
1.058973915633756	-0.00016058596193007117
1.0639739156337558	-0.0001605827595101549
1.0689739156337557	-0.00016057930923755442
1.0739739156337553	-0.00016057557735666886
1.0789739156337552	-0.00016057152440620512
1.0839739156337551	-0.00016056710414808571
1.0889739156337548	-0.00016056226228390637
1.0939739156337547	-0.00016055693491648276
1.0989739156337544	-0.00016055104670637956
1.1039739156337542	-0.0001605445086598129
1.108973915633754	-0.00016053721547297796
1.1139739156337538	-0.00016052904234457443
1.1189739156337537	-0.0001605198411446334
1.1239739156337534	-0.00016050943581338948
1.1289739156337533	-0.00016049761682727055
1.133973915633753	-0.00016048413454714902
1.1389739156337528	-0.00016046869121685563
1.1439739156337525	-0.00016045093133820022
1.1489739156337524	-0.0001604304300893048
1.153973915633752	-0.00016040667939072376
1.158973915633752	-0.00016037907113288646
1.1639739156337519	-0.0001603468769909202
1.1689739156337515	-0.00016030922412755598
1.1739739156337514	-0.00016026506594574375
1.178973915633751	-0.00016021314688030797
1.183973915633751	-0.00016015196001260774
1.1889739156337507	-0.00016007969604373874
1.1939739156337505	-0.00015999418186020582
1.1989739156337504	-0.00015989280656525002
1.2039739156337501	-0.00015977243241367139
1.20897391563375	-0.0001596292875537113
1.2139739156337497	-0.0001594588368442752
1.2189739156337496	-0.00015925562623678136
1.2239739156337492	-0.00015901309526874743
1.2289739156337491	-0.00015872335107708967
1.2339739156337488	-0.00015837689594598738
1.2389739156337487	-0.0001579622987270316
1.2439739156337486	-0.0001574657984173041
1.2489739156337483	-0.00015687082570897898
1.2539739156337482	-0.00015615742532002966
1.2589739156337478	-0.00015530155828794132
1.2639739156337477	-0.00015427425903773878
1.2689739156337474	-0.0001530406167738413
1.2739739156337473	-0.00015155854444054035
1.2789739156337472	-0.0001497772909652185
1.2839739156337469	-0.00014763564352529587
1.2889739156337467	-0.00014505975594175115
1.2939739156337464	-0.00014196052674117957
1.2989739156337463	-0.00013823043565164452
1.303973915633746	-0.00013373973004094438
1.3089739156337459	-0.000128331832786079
1.3139739156337455	-0.00012181782006462462
1.3189739156337454	-0.0001139697914931292
1.3239739156337453	-0.00010451292602496261
1.328973915633745	-9.311598550955515e-5
1.333973915633745	-7.93799948182645e-5
1.3389739156337446	-6.282479468794501e-5
1.3439739156337445	-4.287313382485891e-5
1.3489739156337441	-1.8831944711958774e-5
1.353973915633744	1.0129560542258298e-5
1.358973915633744	4.5005322923646326e-5
1.3639739156337436	8.698169560962409e-5
1.3689739156337435	0.00013747072415463686
1.3739739156337432	0.00019814746612507698
1.378973915633743	0.00027099109408996986
1.3839739156337427	0.00035832912611061956
1.3879804367253072	0.0004407566192753174
1.3919869578168715	0.0005356794660752491
1.395993478908436	0.0006450479823478852
1.4	0.0007708717765823705
