0.0006999999999999628	-0.00016047310533013397
0.001403500000000035	-0.00016046328509974854
0.0021105174999999296	-0.00016046284959966847
0.0028210700874998964	-0.00016046254202707312
0.003535175437937438	-0.0001604622344497383
0.004252851315127062	-0.00016046192506866724
0.004974115571702636	-0.00016046161384149484
0.005698986149561044	-0.0001604613007512887
0.006427481080308875	-0.00016046098578192199
0.007159618485710418	-0.00016046066891764314
0.007895416578138905	-0.0001604603501428453
0.008634893661029494	-0.00016046002944205005
0.00937806812933463	-0.00016045970679983085
0.010124958469981361	-0.00016045938220083213
0.010875583262331262	-0.00016045905562967776
0.01162996117864295	-0.00016045872707088973
0.012388110984536127	-0.0001604583965091578
0.013150051539458866	-0.0001604580639288451
0.013915801797156208	-0.00016045772931446887
0.014685380806142003	-0.0001604573926503325
0.015458807710172712	-0.0001604570539206976
0.01623610174872358	-0.0001604567131097731
0.017017282257467212	-0.0001604563702015584
0.017802368668754516	-0.00016045602518003407
0.01859138051209827	-0.00016045567802903344
0.019384337414658823	-0.00016045532873225753
0.020181259101732015	-0.00016045497727329024
0.020982165397240727	-0.00016045462363555675
0.02178707622422691	-0.00016045426780243852
0.02259601160534814	-0.00016045390975704332
0.02340899166337483	-0.00016045354948248996
0.024226036621691812	-0.0001604531869616057
0.02504716680480027	-0.00016045282217715562
0.025872402638824326	-0.00016045245511174926
0.02670176465201842	-0.0001604520857478191
0.02753527347527842	-0.0001604517140676149
0.028372949842654864	-0.0001604513400532978
0.0292148145918682	-0.00016045096368682413
0.03006088866482743	-0.00016045058494996355
0.03091119310815165	-0.00016045020382433658
0.0317657490736924	-0.00016044982029141352
0.03262457781906081	-0.00016044943433247922
0.03348770070815601	-0.00016044904592859815
0.034355139211696875	-0.0001604486550607191
0.035226914907755424	-0.00016044826170957441
0.03610304948229413	-0.0001604478658556862
0.03698356472970569	-0.00016044746747948414
0.03786848255335419	-0.00016044706656108838
0.038757824966120964	-0.00016044666308051277
0.03965161409095162	-0.00016044625701753585
0.04054987216140643	-0.0001604458483517288
0.04145262152221345	-0.0001604454370624911
0.04235988462982453	-0.00016044502312897194
0.04327168405297366	-0.00016044460653018684
0.0441880424732386	-0.00016044418724490026
0.04510898268560485	-0.00016044376525163563
0.046034527599032954	-0.00016044334052873292
0.04696470023702812	-0.00016044291305432223
0.04789952373821329	-0.0001604424828062855
0.048839021356904266	-0.00016044204976229626
0.04978321646368884	-0.0001604416138997898
0.05073213254600732	-0.00016044117519597875
0.05168579320873729	-0.0001604407336278114
0.052644222174780875	-0.00016044028917207856
0.05360744328565471	-0.0001604398418052135
0.054575480502083065	-0.0001604393915034991
0.055548357904593434	-0.00016043893824294595
0.056526099694116344	-0.00016043848199927952
0.0575087301925869	-0.00016043802274802696
0.05849627384354973	-0.0001604375604643573
0.05948875521276744	-0.0001604370951233376
0.06048619898883127	-0.00016043662669961055
0.061488629983775384	-0.00016043615516763302
0.06249607313369419	-0.0001604356805015846
0.06350855349936275	-0.00016043520267534274
0.06452609626685958	-0.00016043472166251156
0.06554872674819387	-0.00016043423743643083
0.06657647038193484	-0.00016043374997010146
0.06760935273384447	-0.00016043325923632249
0.06864739949751365	-0.00016043276520746606
0.0696906364950013	-0.00016043226785574267
0.07073908967747639	-0.000160431767152943
0.07179278512586384	-0.00016043126307061593
0.07285174905149322	-0.0001604307555799623
0.0739160077967507	-0.00016043024465187223
0.07498558783573436	-0.000160429730256921
0.07606051577491299	-0.000160429212365345
0.07714081835378758	-0.00016042869094704305
0.07822652244555647	-0.0001604281659716137
0.07931765505778425	-0.00016042763740827426
0.0804142433330731	-0.00016042710522586813
0.08151631454973848	-0.00016042656939294626
0.08262389612248718	-0.00016042602987766536
0.0837370156030995	-0.0001604254866478488
0.0848557006811149	-0.0001604249396709084
0.0859799791845205	-0.00016042438891392756
0.08710987908044313	-0.0001604238343435723
0.08824542847584534	-0.0001604232759261265
0.08938665561822454	-0.0001604227136275048
0.09053358889631567	-0.00016042214741319725
0.09168625684079722	-0.00016042157724832195
0.09284468812500112	-0.00016042100309756788
0.09400891156562617	-0.00016042042492520606
0.0951789561234543	-0.00016041984269510212
0.09635485090407148	-0.00016041925637066636
0.09753662515859184	-0.00016041866591490659
0.0987243082843847	-0.00016041807129037316
0.09991792982580656	-0.00016041747245913978
0.10111751947493569	-0.00016041686938289093
0.10232310707231031	-0.00016041626202278658
0.1035347226076718	-0.0001604156503395562
0.10475239622071016	-0.00016041503429341854
0.10597615820181366	-0.00016041441384415567
0.10720603899282274	-0.00016041378895100791
0.10844206918778684	-0.0001604131595727415
0.10968427953372567	-0.0001604125256676248
0.1109327009313943	-0.00016041188719339387
0.11218736443605135	-0.00016041124410725622
0.11344830125823162	-0.000160410596365892
0.11471554276452282	-0.00016040994392547105
0.11598912047834534	-0.00016040928674157062
0.11726906608073695	-0.00016040862476920058
0.11855541141114062	-0.00016040795796290624
0.11984818846819621	-0.00016040728627652128
0.12114742941053713	-0.0001604066096633745
0.12245316655758978	-0.000160405928076176
0.1237654323903777	-0.00016040524146704164
0.12508425955232963	-0.00016040454978746084
0.12640968085009122	-0.0001604038529882949
0.1277417292543416	-0.00016040315101980765
0.1290804379006133	-0.0001604024438315697
0.13042584009011637	-0.00016040173137250822
0.1317779692905669	-0.0001604010135909276
0.13313685913701961	-0.00016040029043437669
0.13450254343270476	-0.00016039956184977125
0.13587505614986833	-0.0001603988277833262
0.13725443143061763	-0.00016039808818050054
0.13864070358777073	-0.00016039734298606097
0.14003390710570945	-0.0001603965921440231
0.14143407664123803	-0.00016039583559767864
0.1428412470244442	-0.00016039507328952053
0.1442554532595664	-0.0001603943051612836
0.14567673052586416	-0.0001603935311539144
0.1471051141784935	-0.0001603927512075572
0.14854063974938603	-0.00016039196526152502
0.149983342948133	-0.00016039117325433784
0.15143325966287374	-0.00016039037512359975
0.15289042596118813	-0.00016038957080611644
0.15435487809099402	-0.00016038876023780684
0.15582665248144906	-0.0001603879433536665
0.1573057857438562	-0.000160387120087828
0.15879231467257537	-0.00016038629037344054
0.16028627624593816	-0.00016038545414277742
0.16178770762716785	-0.00016038461132713408
0.16329664616530362	-0.0001603837618568295
0.16481312939613008	-0.00016038290566116546
0.1663371950431107	-0.00016038204266845802
0.16786888101832628	-0.00016038117280600884
0.1694082254234178	-0.00016038029600003634
0.1709552665505349	-0.00016037941217573312
0.17251004288328747	-0.00016037852125717626
0.17407259309770393	-0.00016037762316732963
0.17564295606319252	-0.00016037671782806793
0.17722117084350858	-0.00016037580516008868
0.17880727669772617	-0.0001603748850829465
0.18040131308121476	-0.0001603739575149351
0.18200331964662084	-0.00016037302237324709
0.18361333624485401	-0.00016037207957375036
0.18523140292607826	-0.00016037112903110316
0.18685755994070874	-0.0001603701706586352
0.1884918477404122	-0.0001603692043683896
0.19013430697911424	-0.00016036823007106637
0.1917849785140098	-0.00016036724767605237
0.19344390340657974	-0.0001603662570913066
0.19511112292361268	-0.000160365258223362
0.1967866785382308	-0.00016036425097734822
0.19847061193092203	-0.00016036323525688264
0.20016296499057665	-0.00016036221096416546
0.20186377981552947	-0.00016036117799974743
0.2035730987146071	-0.00016036013626276836
0.20529096420818022	-0.00016035908565066657
0.20701741902922113	-0.00016035802605930387
0.20875250612436722	-0.0001603569573828811
0.210496268654989	-0.0001603558795138993
0.21224874999826396	-0.00016035479234318133
0.21400999374825516	-0.00016035369575976622
0.21578004371699644	-0.00016035258965092775
0.21755894393558148	-0.00016035147390205156
0.2193467386552594	-0.00016035034839673377
0.22114347234853576	-0.0001603492130166331
0.22294918971027836	-0.0001603480676414433
0.2247639356588297	-0.00016034691214894146
0.2265877553371239	-0.00016034574641479455
0.2284206941138094	-0.00016034457031266738
0.23026279758437848	-0.00016034338371409364
0.23211411157230027	-0.00016034218648844795
0.23397468213016168	-0.00016034097850294002
0.23584455554081238	-0.00016033975962243986
0.23772377831851643	-0.00016033852970961216
0.23961239721010893	-0.0001603372886247563
0.24151045919615952	-0.0001603360362257679
0.24341801149214037	-0.00016033477236806405
0.24533510154960114	-0.00016033349690462666
0.24726177705734917	-0.00016033220968581893
0.24919808594263576	-0.00016033091055940392
0.251144076372349	-0.00016032959937051984
0.2530997967542107	-0.0001603282759615346
0.2550652957379817	-0.00016032694017205666
0.2570406222166717	-0.0001603255918387513
0.2590258253277551	-0.00016032423079550163
0.26102095445439405	-0.00016032285687311311
0.2630260592266659	-0.00016032146989938234
0.2650411895227993	-0.00016032006969897317
0.2670663954704134	-0.00016031865609335508
0.26910172744776534	-0.00016031722890074538
0.27114723608500396	-0.00016031578793601248
0.27320297226542917	-0.00016031433301061024
0.27526898712675635	-0.0001603128639324823
0.27734533206239	-0.00016031138050605088
0.2794320587227019	-0.00016030988253196255
0.2815292190163153	-0.00016030836980724983
0.2836368651113967	-0.0001603068421250309
0.28575504943695385	-0.00016030529927447908
0.28788382468413853	-0.00016030374104079282
0.29002324380755934	-0.00016030216720500293
0.29217336002659705	-0.00016030057754397268
0.29433422682673016	-0.0001602989718302027
0.29650589796086374	-0.00016029734983174327
0.29868842745066804	-0.00016029571131220352
0.30088186958792124	-0.00016029405603043933
0.3030862789358609	-0.0001602923837405698
0.30530171033054027	-0.00016029069419186298
0.307528218882193	-0.0001602889871285884
0.30976585997660405	-0.00016028726228986147
0.312014689276487	-0.0001602855194095059
0.31427476272286925	-0.00016028375821600696
0.3165461365364837	-0.0001602819784322785
0.3188288672191662	-0.00016028017977561546
0.32112301155526213	-0.0001602783619574112
0.32342862661303834	-0.0001602765246831475
0.3257457697461036	-0.0001602746676521896
0.32807449859483384	-0.00016027279055760943
0.3304148710878078	-0.0001602708930859548
0.33276694544324686	-0.00016026897491731293
0.33513078017046305	-0.00016026703572478198
0.33750643407131514	-0.00016026507517464183
0.3398939662416715	-0.0001602630929258905
0.3422934360728799	-0.0001602610886302726
0.34470490325324404	-0.00016025906193188272
0.3471284277695101	-0.00016025701246709148
0.34956406990835764	-0.00016025493986430493
0.3520118902578995	-0.00016025284374375772
0.354471949709189	-0.00016025072371719058
0.3569443094577349	-0.00016024857938768425
0.3594290310050235	-0.00016024641034951862
0.3619261761600484	-0.00016024421618771747
0.3644358070408486	-0.0001602419964779311
0.36695798607605284	-0.00016023975078616675
0.36949277600643327	-0.00016023747866845283
0.37204023988646523	-0.0001602351796705692
0.3746004410858973	-0.00016023285332771533
0.3771734432913268	-0.00016023049916438032
0.3797593105077832	-0.00016022811669377693
0.3823581070603219	-0.00016022570541762634
0.38496989759562367	-0.00016022326482593218
0.3875947470836016	-0.00016022079439635196
0.3902327208190196	-0.000160218293594165
0.3928838844231145	-0.00016021576187164635
0.39554830384522993	-0.0001602131986677391
0.3982260453644561	-0.00016021060340770034
0.4009171755912785	-0.00016020797550269017
0.40362176146923495	-0.00016020531434916247
0.40633987027658097	-0.00016020261932873591
0.4090715696279639	-0.00016019988980736709
0.4118169274761037	-0.00016019712513514622
0.4145760121134843	-0.00016019432464558126
0.4173488921740515	-0.00016019148765530355
0.4201356366349219	-0.00016018861346327594
0.42293631481809635	-0.00016018570135038356
0.4257509963921868	-0.00016018275057886363
0.42857975137414767	-0.00016017976039161446
0.43142265013101855	-0.00016017673001159628
0.43427976338167373	-0.00016017365864114507
0.43715116219858224	-0.0001601705454613869
0.44003691800957523	-0.00016016738963144995
0.44293710259962304	-0.00016016419028771353
0.4458517881126211	-0.00016016094654306017
0.44878104705318417	-0.0001601576574861544
0.45172495228844983	-0.0001601543221804926
0.45468357704989204	-0.0001601509396635951
0.4576569949351413	-0.000160147508946103
0.46064527990981685	-0.0001601440290108853
0.4636485063093658	-0.0001601404988119606
0.4666667488409128	-0.00016013691727354522
0.4697000825851173	-0.00016013328328905326
0.4727485829980427	-0.00016012959571986727
0.47581232591303285	-0.00016012585339423928
0.478891387542598	-0.00016012205510611765
0.48198584448031084	-0.00016011819961387887
0.4850957737027124	-0.00016011428563896953
0.48822125257122595	-0.00016011031186461693
0.49136235883408197	-0.0001601062769343567
0.4945191706282523	-0.00016010217945053383
0.4976917664813935	-0.00016009801797281273
0.5008802253138004	-0.0001600937910164014
0.5040846264403696	-0.00016008949705051599
0.5073050495725715	-0.0001600851344965581
0.5105415748204343	-0.00016008070172613315
0.5137942826945365	-0.00016007619705929587
0.517063254108009	-0.00016007161876231167
0.5203485703785492	-0.00016006696504566786
0.5236503132304419	-0.00016006223406185138
0.5269685647965939	-0.0001600574239027428
0.5303034076205766	-0.00016005253259748626
0.5336549246586795	-0.00016004755810977597
0.5370231992819728	-0.0001600424983351307
0.5404083152783826	-0.00016003735109801107
0.5438103568547747	-0.00016003211414892529
0.5472294086390483	-0.00016002678516132974
0.5506655556822436	-0.00016002136172820343
0.5541188834606549	-0.00016001584135869255
0.5575894778779582	-0.00016001022147445134
0.5610774252673477	-0.0001600044994057776
0.5645828123936844	-0.0001599986723877256
0.5681057264556525	-0.0001599927375556711
0.5716462550879309	-0.00015998669194094536
0.5752044863633705	-0.00015998053246627693
0.5787805087951873	-0.00015997425594045834
0.5823744113391631	-0.0001599678590536252
0.5859862833958588	-0.00015996133837122478
0.5896162148128381	-0.00015995469032858585
0.5932642958869024	-0.00015994791122461754
0.5969306173663369	-0.00015994099721531045
0.6006152704531684	-0.00015993394430681809
0.6043183468054344	-0.00015992674834832833
0.6080399385394615	-0.0001599194050242397
0.6117801382321587	-0.00015991190984611768
0.6155390389233192	-0.00015990425814400324
0.6193167341179359	-0.00015989644505728454
0.6231133177885255	-0.0001598884655249731
0.6269288843774683	-0.0001598803142754103
0.6307635287993556	-0.00015987198581533078
0.6346173464433522	-0.00015986347441820264
0.6384904331755688	-0.00015985477411188485
0.6423828853414466	-0.00015984587866540954
0.6462947997681537	-0.0001598367815749407
0.6502262737669944	-0.00015982747604878633
0.6541774051358293	-0.00015981795499138884
0.6581482921615082	-0.0001598082109863745
0.6621390336223156	-0.0001597982362781438
0.6661497287904271	-0.00015978802275225254
0.6701804774343789	-0.00015977756191471376
0.6742313798215507	-0.00015976684486937115
0.6783025367206585	-0.0001597558622937256
0.682394049404262	-0.0001597446044130355
0.6865060196512833	-0.0001597330609723649
0.6906385497495399	-0.00015972122120660364
0.6947917424982876	-0.00015970907380765664
0.6989657012107791	-0.00015969660688964986
0.7031605297168331	-0.0001596838079506853
0.7073763323654171	-0.00015967066383173355
0.7116132140272443	-0.0001596571606716565
0.7158712800973803	-0.00015964328385877714
0.7201506364978669	-0.00015962901797772846
0.724451389680356	-0.00015961434675147056
0.7287736466287575	-0.0001595992529781109
0.7331175148619014	-0.00015958371846164085
0.737483102436211	-0.0001595677239357508
0.7418705179483918	-0.0001595512489802935
0.7462798705381338	-0.00015953427192938672
0.7507112698908246	-0.00015951676976971537
0.7551648262402787	-0.00015949871802817725
0.7596406503714802	-0.00015948009064774908
0.7641388536233378	-0.00015946085984954036
0.7686595478914543	-0.00015944099597920772
0.7732028456309116	-0.00015942046733646677
0.777768859859066	-0.0001593992399843411
0.7823577041583611	-0.00015937727753646832
0.7869694926791531	-0.0001593545409184133
0.7916043401425489	-0.0001593309881006194
0.7962623618432616	-0.00015930657379832765
0.8009436736524779	-0.00015928124913356805
0.8056483920207402	-0.00015925496125535665
0.8103766339808439	-0.00015922765291026772
0.8151285171507483	-0.0001591992619586352
0.8199041597365018	-0.00015916972082646524
0.8247036805351844	-0.0001591389558858214
0.8295271989378604	-0.00015910688675257846
0.8343748349325497	-0.000159073425489997
0.8392467091072124	-0.0001590384757051016
0.8441429426527486	-0.00015900193152186112
0.8490636573660123	-0.00015896367641464728
0.8540089756528424	-0.00015892358188126075
0.8589790205311068	-0.0001588815059330719
0.8639739156337622	-0.0001588372913762242
0.868973915633762	-0.00015879095141911446
0.8739739156337618	-0.00015874237281923018
0.8789739156337616	-0.00015869138172951958
0.8839739156337615	-0.00015863778621958647
0.8889739156337613	-0.0001585813744820724
0.893973915633761	-0.00015852191257280122
0.8989739156337608	-0.00015845914189232085
0.9039739156337606	-0.00015839277637931385
0.9089739156337604	-0.0001583224993819002
0.9139739156337602	-0.0001582479601689049
0.91897391563376	-0.00015816877003634486
0.9239739156337599	-0.0001580844979594343
0.9289739156337596	-0.00015799466573263908
0.9339739156337594	-0.0001578987425302272
0.9389739156337592	-0.00015779613881243714
0.943973915633759	-0.00015768619948730532
0.9489739156337588	-0.00015756819622618677
0.9539739156337586	-0.00015744131881474714
0.9589739156337583	-0.000157304665400563
0.9639739156337582	-0.00015715723147763486
0.968973915633758	-0.00015699789742024172
0.9739739156337578	-0.000156825414348789
0.9789739156337576	-0.00015663838807194357
0.9839739156337574	-0.0001564352608071098
0.9889739156337571	-0.0001562142903297221
0.9939739156337569	-0.0001559735261402065
0.9989739156337567	-0.00015571078216691217
1.0039739156337566	-0.00015542360543592486
1.0089739156337563	-0.00015510924004045294
1.0139739156337562	-0.00015476458561890317
1.0189739156337558	-0.00015438614941364138
1.0239739156337557	-0.00015396999080811383
1.0289739156337556	-0.00015351165704767498
1.0339739156337553	-0.00015300610860928513
1.0389739156337552	-0.00015244763240944344
1.0439739156337549	-0.0001518297407127837
1.0489739156337547	-0.00015114505321653593
1.0539739156337544	-0.00015038515933496862
1.0589739156337543	-0.00014954045717837617
1.0639739156337542	-0.00014859996510108856
1.0689739156337539	-0.00014755110097744193
1.0739739156337538	-0.00014637942353192974
1.0789739156337534	-0.00014506832909753402
1.0839739156337533	-0.00014359869608554282
1.088973915633753	-0.00014194846822034287
1.093973915633753	-0.00014009216621669994
1.0989739156337526	-0.000138000316059735
1.1039739156337525	-0.00013563878041006992
1.1089739156337524	-0.00013296797792562785
1.113973915633752	-0.0001299419735363478
1.118973915633752	-0.00012650742101036734
1.1239739156337516	-0.00012260233765822698
1.1289739156337515	-0.00011815468992374889
1.1339739156337512	-0.00011308076817890522
1.138973915633751	-0.00010728332962715676
1.143973915633751	-0.00010064949026999012
1.1489739156337506	-9.30483509423284e-5
1.1539739156337505	-8.432834907924801e-5
1.1589739156337502	-7.431433774474735e-5
1.16397391563375	-6.280440705321362e-5
1.1689739156337497	-4.956648066334427e-5
1.1739739156337496	-3.433474120951769e-5
1.1789739156337493	-1.680596210365263e-5
1.1839739156337492	3.364153456282249e-6
1.187980436725312	2.169598553650674e-5
1.1919869578168745	4.219222444637105e-5
1.1959934789084372	6.509824268237212e-5
1.2	9.067850338336601e-5
