0.0006999999999999628	-0.0001599271582674112
0.001403500000000035	-0.0001599183775878357
0.0021105174999999296	-0.00015991744431184836
0.0028210700874998964	-0.00015991660741842862
0.003535175437937438	-0.00015991576697890595
0.004252851315127062	-0.0001599149215828336
0.004974115571702636	-0.00015991407117016106
0.005698986149561044	-0.00015991321570149505
0.006427481080308875	-0.00015991235513819713
0.007159618485710418	-0.00015991148944184512
0.007895416578138905	-0.00015991061857409072
0.008634893661029494	-0.000159909742496644
0.00937806812933463	-0.0001599088611711335
0.010124958469981361	-0.00015990797455896105
0.010875583262331262	-0.00015990708262150625
0.01162996117864295	-0.00015990618531986882
0.012388110984536127	-0.0001599052826150408
0.013150051539458866	-0.00015990437446760484
0.013915801797156208	-0.00015990346083802578
0.014685380806142003	-0.00015990254168645287
0.015458807710172712	-0.00015990161697272478
0.01623610174872358	-0.00015990068665647022
0.017017282257467212	-0.00015989975069687716
0.017802368668754516	-0.0001598988090529707
0.01859138051209827	-0.0001598978616833047
0.019384337414658823	-0.00015989690854617398
0.020181259101732015	-0.0001598959495995926
0.020982165397240727	-0.00015989498480107882
0.02178707622422691	-0.0001598940141079197
0.02259601160534814	-0.000159893037476992
0.02340899166337483	-0.00015989205486477068
0.024226036621691812	-0.0001598910662274124
0.02504716680480027	-0.0001598900715206873
0.025872402638824326	-0.00015988907069987027
0.02670176465201842	-0.00015988806372003628
0.02753527347527842	-0.00015988705053568224
0.028372949842654864	-0.00015988603110096683
0.0292148145918682	-0.0001598850053696882
0.03006088866482743	-0.00015988397329512097
0.03091119310815165	-0.00015988293483013696
0.0317657490736924	-0.00015988188992729398
0.03262457781906081	-0.00015988083853856998
0.03348770070815601	-0.00015987978061557482
0.034355139211696875	-0.0001598787161094605
0.035226914907755424	-0.00015987764497095127
0.03610304948229413	-0.00015987656715020198
0.03698356472970569	-0.0001598754825969861
0.03786848255335419	-0.00015987439126067122
0.038757824966120964	-0.00015987329309002262
0.03965161409095162	-0.00015987218803338924
0.04054987216140643	-0.00015987107603854337
0.04145262152221345	-0.00015986995705294672
0.04235988462982453	-0.0001598688310233283
0.04327168405297366	-0.00015986769789611916
0.0441880424732386	-0.00015986655761704164
0.04510898268560485	-0.00015986541013142665
0.046034527599032954	-0.00015986425538407534
0.04696470023702812	-0.00015986309331913941
0.04789952373821329	-0.00015986192388029607
0.048839021356904266	-0.00015986074701070663
0.04978321646368884	-0.00015985956265297224
0.05073213254600732	-0.00015985837074902672
0.05168579320873729	-0.00015985717124035676
0.052644222174780875	-0.00015985596406776933
0.05360744328565471	-0.00015985474917155464
0.054575480502083065	-0.0001598535264913945
0.055548357904593434	-0.0001598522959663031
0.056526099694116344	-0.00015985105753479239
0.0575087301925869	-0.00015984981113464192
0.05849627384354973	-0.00015984855670312084
0.05948875521276744	-0.00015984729417676692
0.06048619898883127	-0.00015984602349147678
0.061488629983775384	-0.00015984474458260225
0.06249607313369419	-0.00015984345738468875
0.06350855349936275	-0.00015984216183171184
0.06452609626685958	-0.0001598408578569241
0.06554872674819387	-0.00015983954539292903
0.06657647038193484	-0.0001598382243715717
0.06760935273384447	-0.00015983689472403638
0.06864739949751365	-0.00015983555638080202
0.0696906364950013	-0.00015983420927160206
0.07073908967747639	-0.00015983285332538572
0.07179278512586384	-0.00015983148847045393
0.07285174905149322	-0.00015983011463429248
0.0739160077967507	-0.00015982873174361908
0.07498558783573436	-0.00015982733972438087
0.07606051577491299	-0.0001598259385017643
0.07714081835378758	-0.00015982452800010813
0.07822652244555647	-0.0001598231081429781
0.07931765505778425	-0.00015982167885312902
0.0804142433330731	-0.00015982024005247917
0.08151631454973848	-0.00015981879166204237
0.08262389612248718	-0.00015981733360206414
0.0837370156030995	-0.00015981586579188193
0.0848557006811149	-0.00015981438814996975
0.0859799791845205	-0.00015981290059386755
0.08710987908044313	-0.00015981140304026668
0.08824542847584534	-0.0001598098954049271
0.08938665561822454	-0.0001598083776026186
0.09053358889631567	-0.00015980684954726253
0.09168625684079722	-0.00015980531115175928
0.09284468812500112	-0.00015980376232807667
0.09400891156562617	-0.00015980220298712717
0.0951789561234543	-0.0001598006330390036
0.09635485090407148	-0.00015979905239249967
0.09753662515859184	-0.0001597974609556654
0.0987243082843847	-0.00015979585863531827
0.09991792982580656	-0.00015979424533730383
0.10111751947493569	-0.0001597926209663913
0.10232310707231031	-0.00015979098542623599
0.1035347226076718	-0.00015978933861938324
0.10475239622071016	-0.00015978768044730808
0.10597615820181366	-0.00015978601081024553
0.10720603899282274	-0.0001597843296074213
0.10844206918778684	-0.00015978263673675395
0.10968427953372567	-0.0001597809320950453
0.1109327009313943	-0.00015977921557787408
0.11218736443605135	-0.00015977748707957833
0.11344830125823162	-0.0001597757464933128
0.11471554276452282	-0.00015977399371084074
0.11598912047834534	-0.000159772228622823
0.11726906608073695	-0.00015977045111846246
0.11855541141114062	-0.00015976866108570676
0.11984818846819621	-0.00015976685841116332
0.12114742941053713	-0.00015976504298005428
0.12245316655758978	-0.00015976321467625507
0.1237654323903777	-0.0001597613733822025
0.12508425955232963	-0.000159759518978978
0.12640968085009122	-0.00015975765134605856
0.1277417292543416	-0.00015975577036164771
0.1290804379006133	-0.00015975387590227129
0.13042584009011637	-0.00015975196784304727
0.1317779692905669	-0.00015975004605756941
0.13313685913701961	-0.00015974811041780443
0.13450254343270476	-0.00015974616079411535
0.13587505614986833	-0.00015974419705533038
0.13725443143061763	-0.00015974221906854427
0.13864070358777073	-0.00015974022669929352
0.14003390710570945	-0.00015973821981127333
0.14143407664123803	-0.00015973619826657205
0.1428412470244442	-0.0001597341619255121
0.1442554532595664	-0.0001597321106466041
0.14567673052586416	-0.00015973004428658353
0.1471051141784935	-0.00015972796270032318
0.14854063974938603	-0.00015972586574085316
0.149983342948133	-0.00015972375325922763
0.15143325966287374	-0.00015972162510471526
0.15289042596118813	-0.00015971948112448528
0.15435487809099402	-0.0001597173211638339
0.15582665248144906	-0.00015971514506593536
0.1573057857438562	-0.0001597129526719269
0.15879231467257537	-0.00015971074382087206
0.16028627624593816	-0.00015970851834970726
0.16178770762716785	-0.00015970627609321558
0.16329664616530362	-0.00015970401688390607
0.16481312939613008	-0.00015970174055212786
0.1663371950431107	-0.00015969944692591326
0.16786888101832628	-0.0001596971358309585
0.1694082254234178	-0.00015969480709064626
0.1709552665505349	-0.00015969246052595468
0.17251004288328747	-0.00015969009595539213
0.17407259309770393	-0.00015968771319499323
0.17564295606319252	-0.0001596853120583256
0.17722117084350858	-0.00015968289235627594
0.17880727669772617	-0.00015968045389723297
0.18040131308121476	-0.0001596779964868808
0.18200331964662084	-0.00015967551992816326
0.18361333624485401	-0.00015967302402128148
0.18523140292607826	-0.00015967050856371598
0.18685755994070874	-0.0001596679733499775
0.1884918477404122	-0.0001596654181716903
0.19013430697911424	-0.0001596628428176403
0.1917849785140098	-0.00015966024707344192
0.19344390340657974	-0.00015965763072174966
0.19511112292361268	-0.00015965499354203297
0.1967866785382308	-0.0001596523353106651
0.19847061193092203	-0.00015964965580068187
0.20016296499057665	-0.00015964695478193008
0.20186377981552947	-0.00015964423202084198
0.2035730987146071	-0.00015964148728039512
0.20529096420818022	-0.0001596387203201628
0.20701741902922113	-0.0001596359308961549
0.20875250612436722	-0.00015963311876072313
0.210496268654989	-0.00015963028366253732
0.21224874999826396	-0.00015962742534661358
0.21400999374825516	-0.00015962454355401685
0.21578004371699644	-0.00015962163802203362
0.21755894393558148	-0.0001596187084839379
0.2193467386552594	-0.00015961575466888237
0.22114347234853576	-0.00015961277630207688
0.22294918971027836	-0.00015960977310431685
0.2247639356588297	-0.00015960674479228814
0.2265877553371239	-0.00015960369107820386
0.2284206941138094	-0.00015960061166993755
0.23026279758437848	-0.00015959750627068267
0.23211411157230027	-0.00015959437457912931
0.23397468213016168	-0.0001595912162891683
0.23584455554081238	-0.00015958803108991304
0.23772377831851643	-0.0001595848186655453
0.23961239721010893	-0.00015958157869534035
0.24151045919615952	-0.0001595783108533287
0.24341801149214037	-0.00015957501480836869
0.24533510154960114	-0.00015957169022407032
0.24726177705734917	-0.00015956833675858547
0.24919808594263576	-0.0001595649540644894
0.251144076372349	-0.00015956154178879003
0.2530997967542107	-0.00015955809957263932
0.2550652957379817	-0.00015955462705142916
0.2570406222166717	-0.0001595511238544426
0.2590258253277551	-0.000159547589604857
0.26102095445439405	-0.00015954402391961698
0.2630260592266659	-0.00015954042640931718
0.2650411895227993	-0.00015953679667792347
0.2670663954704134	-0.00015953313432287238
0.26910172744776534	-0.00015952943893465877
0.27114723608500396	-0.0001595257100969794
0.27320297226542917	-0.0001595219473862823
0.27526898712675635	-0.00015951815037190973
0.27734533206239	-0.0001595143186157182
0.2794320587227019	-0.0001595104516719954
0.2815292190163153	-0.00015950654908735047
0.2836368651113967	-0.00015950261040040655
0.28575504943695385	-0.0001594986351418172
0.28788382468413853	-0.00015949462283391654
0.29002324380755934	-0.00015949057299061655
0.29217336002659705	-0.00015948648511724948
0.29433422682673016	-0.00015948235871019787
0.29650589796086374	-0.00015947819325701158
0.29868842745066804	-0.00015947398823589176
0.30088186958792124	-0.00015946974311564663
0.3030862789358609	-0.00015946545735546157
0.30530171033054027	-0.0001594611304046283
0.307528218882193	-0.00015945676170236753
0.30976585997660405	-0.0001594523506775609
0.312014689276487	-0.00015944789674854598
0.31427476272286925	-0.0001594433993228048
0.3165461365364837	-0.00015943885779683964
0.3188288672191662	-0.0001594342715556951
0.32112301155526213	-0.00015942963997294207
0.32342862661303834	-0.000159424962410227
0.3257457697461036	-0.0001594202382170902
0.32807449859483384	-0.00015941546673052352
0.3304148710878078	-0.00015941064727490088
0.33276694544324686	-0.00015940577916142166
0.33513078017046305	-0.0001594008616880168
0.33750643407131514	-0.00015939589413886066
0.3398939662416715	-0.00015939087578404276
0.3422934360728799	-0.00015938580587938545
0.34470490325324404	-0.00015938068366590973
0.3471284277695101	-0.00015937550836946562
0.34956406990835764	-0.0001593702792005091
0.3520118902578995	-0.0001593649953535299
0.354471949709189	-0.00015935965600683043
0.3569443094577349	-0.00015935426032193508
0.3594290310050235	-0.0001593488074432456
0.3619261761600484	-0.00015934329649765767
0.3644358070408486	-0.00015933772659394304
0.36695798607605284	-0.0001593320968224483
0.36949277600643327	-0.00015932640625456417
0.37204023988646523	-0.00015932065394217275
0.3746004410858973	-0.00015931483891711422
0.3771734432913268	-0.0001593089601907713
0.3797593105077832	-0.00015930301675350195
0.3823581070603219	-0.00015929700757390247
0.38496989759562367	-0.00015929093159844644
0.3875947470836016	-0.00015928478775071876
0.3902327208190196	-0.00015927857493094902
0.3928838844231145	-0.0001592722920151589
0.39554830384522993	-0.00015926593785468957
0.3982260453644561	-0.00015925951127543673
0.4009171755912785	-0.00015925301107709512
0.40362176146923495	-0.00015924643603251938
0.40633987027658097	-0.00015923978488692307
0.4090715696279639	-0.00015923305635706447
0.4118169274761037	-0.0001592262491304154
0.4145760121134843	-0.00015921936186445964
0.4173488921740515	-0.00015921239318568244
0.4201356366349219	-0.00015920534168872754
0.42293631481809635	-0.00015919820593543184
0.4257509963921868	-0.00015919098445395306
0.42857975137414767	-0.00015918367573766629
0.43142265013101855	-0.0001591762782441706
0.43427976338167373	-0.00015916879039428442
0.43715116219858224	-0.0001591612105708255
0.44003691800957523	-0.0001591535371175003
0.44293710259962304	-0.00015914576833782993
0.4458517881126211	-0.00015913790249372402
0.44878104705318417	-0.00015912993780438245
0.45172495228844983	-0.00015912187244479734
0.45468357704989204	-0.00015911370454451307
0.4576569949351413	-0.0001591054321862262
0.46064527990981685	-0.00015909705340411563
0.4636485063093658	-0.00015908856618255688
0.4666667488409128	-0.00015907996845428767
0.4697000825851173	-0.0001590712580989453
0.4727485829980427	-0.00015906243294126605
0.47581232591303285	-0.00015905349074925938
0.478891387542598	-0.00015904442923249658
0.48198584448031084	-0.0001590352460399733
0.4850957737027124	-0.00015902593875833184
0.48822125257122595	-0.00015901650490957332
0.49136235883408197	-0.00015900694194911317
0.4945191706282523	-0.00015899724726332223
0.4976917664813935	-0.00015898741816729417
0.5008802253138004	-0.00015897745190242377
0.5040846264403696	-0.00015896734563387055
0.5073050495725715	-0.00015895709644773656
0.5105415748204343	-0.00015894670134866725
0.5137942826945365	-0.0001589361572566665
0.517063254108009	-0.00015892546100431065
0.5203485703785492	-0.0001589146093335432
0.5236503132304419	-0.00015890359889247482
0.5269685647965939	-0.00015889242623200634
0.5303034076205766	-0.00015888108780228125
0.5336549246586795	-0.00015886957994912682
0.5370231992819728	-0.0001588578989100338
0.5404083152783826	-0.00015884604081033472
0.5438103568547747	-0.00015883400165890406
0.5472294086390483	-0.00015882177734389863
0.5506655556822436	-0.00015880936362818905
0.5541188834606549	-0.0001587967561445383
0.5575894778779582	-0.00015878395039069785
0.5610774252673477	-0.00015877094172423372
0.5645828123936844	-0.00015875772535706772
0.5681057264556525	-0.00015874429634968925
0.5716462550879309	-0.00015873064960548067
0.5752044863633705	-0.00015871677986430764
0.5787805087951873	-0.00015870268169591674
0.5823744113391631	-0.00015868834949347006
0.5859862833958588	-0.00015867377746607152
0.5896162148128381	-0.00015865895963147766
0.5932642958869024	-0.00015864388980811904
0.5969306173663369	-0.00015862856160707076
0.6006152704531684	-0.0001586129684232963
0.6043183468054344	-0.00015859710342661765
0.6080399385394615	-0.00015858095955232759
0.6117801382321587	-0.00015856452949114926
0.6155390389233192	-0.00015854780567876308
0.6193167341179359	-0.00015853078028492854
0.6231133177885255	-0.00015851344520179946
0.6269288843774683	-0.00015849579203187453
0.6307635287993556	-0.00015847781207519362
0.6346173464433522	-0.00015845949631597086
0.6384904331755688	-0.00015844083540832672
0.6423828853414466	-0.00015842181966145878
0.6462947997681537	-0.00015840243902397058
0.6502262737669944	-0.0001583826830672978
0.6541774051358293	-0.0001583625409682024
0.6581482921615082	-0.00015834200149031762
0.6621390336223156	-0.00015832105296486508
0.6661497287904271	-0.00015829968326988927
0.6701804774343789	-0.00015827787980851049
0.6742313798215507	-0.00015825562948608814
0.6783025367206585	-0.00015823291868560037
0.682394049404262	-0.0001582097332419656
0.6865060196512833	-0.00015818605841446935
0.6906385497495399	-0.0001581618788578293
0.6947917424982876	-0.00015813717859108415
0.6989657012107791	-0.00015811194096476035
0.7031605297168331	-0.0001580861486256142
0.7073763323654171	-0.00015805978347947317
0.7116132140272443	-0.00015803282665103967
0.7158712800973803	-0.00015800525844112897
0.7201506364978669	-0.00015797705828108458
0.724451389680356	-0.00015794820468350857
0.7287736466287575	-0.0001579186751893736
0.7331175148619014	-0.00015788844631149304
0.737483102436211	-0.00015785749347289063
0.7418705179483918	-0.00015782579094075918
0.7462798705381338	-0.00015779331175461305
0.7507112698908246	-0.00015776002764840058
0.7551648262402787	-0.0001577259089656233
0.7596406503714802	-0.00015769092456694928
0.7641388536233378	-0.0001576550417288203
0.7686595478914543	-0.00015761822603260165
0.7732028456309116	-0.00015758044124238458
0.777768859859066	-0.00015754164917031088
0.7823577041583611	-0.0001575018095275335
0.7869694926791531	-0.0001574608797588218
0.7916043401425489	-0.00015741881485884882
0.7962623618432616	-0.0001573755671665308
0.8009436736524779	-0.00015733108613573505
0.8056483920207402	-0.00015728531807751038
0.8103766339808439	-0.00015723820587045193
0.8151285171507483	-0.00015718968863409936
0.8199041597365018	-0.0001571397013602863
0.8247036805351844	-0.00015708817449573795
0.8295271989378604	-0.00015703503346935224
0.8343748349325497	-0.00015698019815543204
0.8392467091072124	-0.00015692358226379792
0.8441429426527486	-0.00015686509264640895
0.8490636573660123	-0.0001568046285088849
0.8540089756528424	-0.00015674208051201052
0.8589790205311068	-0.00015667732974967324
0.8639739156337622	-0.00015661024658476122
0.868973915633762	-0.00015654096625730362
0.8739739156337618	-0.00015646943916897702
0.8789739156337616	-0.00015639553616696904
0.8839739156337615	-0.00015631911538874997
0.8889739156337613	-0.000156240021610212
0.893973915633761	-0.00015615808473996753
0.8989739156337608	-0.00015607311814334746
0.9039739156337606	-0.00015598491677900453
0.9089739156337604	-0.00015589325512463398
0.9139739156337602	-0.0001557978848654692
0.91897391563376	-0.00015569853231411882
0.9239739156337599	-0.00015559489552402362
0.9289739156337596	-0.0001554866410530917
0.9339739156337594	-0.00015537340032594014
0.9389739156337592	-0.00015525476553320805
0.943973915633759	-0.0001551302849975457
0.9489739156337588	-0.00015499945792084877
0.9539739156337586	-0.00015486172841559182
0.9589739156337583	-0.00015471647870398704
0.9639739156337582	-0.0001545630213496694
0.968973915633758	-0.0001544005903636316
0.9739739156337578	-0.00015422833099802786
0.9789739156337576	-0.00015404528800902983
0.9839739156337574	-0.0001538503921314167
0.9889739156337571	-0.00015364244446330812
0.9939739156337569	-0.00015342009840322822
0.9989739156337567	-0.0001531818387184716
1.0039739156337566	-0.00015292595724916626
1.0089739156337563	-0.00015265052465731154
1.0139739156337562	-0.00015235335752746573
1.0189739156337558	-0.0001520319799923889
1.0239739156337557	-0.00015168357890745927
1.0289739156337556	-0.00015130495141489782
1.0339739156337553	-0.00015089244352223016
1.0389739156337552	-0.00015044187806424685
1.0439739156337549	-0.00014994847011135296
1.0489739156337547	-0.00014940672752639596
1.0539739156337544	-0.00014881033394253024
1.0589739156337543	-0.00014815201092473648
1.0639739156337542	-0.00014742335547889641
1.0689739156337539	-0.00014661464835838767
1.0739739156337538	-0.0001457146277805787
1.0789739156337534	-0.00014471022218121314
1.0839739156337533	-0.00014358623447702129
1.088973915633753	-0.00014232496895487005
1.093973915633753	-0.000140905790335235
1.0989739156337526	-0.00013930460273245282
1.1039739156337525	-0.000137493234140811
1.1089739156337524	-0.00013543870967740412
1.113973915633752	-0.0001331023941030368
1.118973915633752	-0.00013043898111066602
1.1239739156337516	-0.00012739530353011333
1.1289739156337515	-0.000123908934997799
1.1339739156337512	-0.00011990654985503798
1.138973915633751	-0.00011530200422418554
1.143973915633751	-0.00010999409759456157
1.1489739156337506	-0.00010386397116854389
1.1539739156337505	-9.677209715951473e-5
1.1589739156337502	-8.855481285432658e-5
1.16397391563375	-7.902035541464365e-5
1.1689739156337497	-6.794435916075598e-5
1.1739739156337496	-5.506478772512317e-5
1.1789739156337493	-4.007629030711482e-5
1.1839739156337492	-2.262399556533317e-5
1.187980436725312	-6.584076970322089e-6
1.1919869578168745	1.1539052444694886e-5
1.1959934789084372	3.2016621632206654e-5
1.2	5.514886940208286e-5
