0.0006999999999999628	-0.00016080079359742934
0.001403500000000035	-0.00016079095692227128
0.0021105174999999296	-0.00016079078436777587
0.0028210700874998964	-0.00016079074795849322
0.003535175437937438	-0.00016079071329316592
0.004252851315127062	-0.0001607906784906258
0.004974115571702636	-0.00016079064352304023
0.005698986149561044	-0.00016079060838844128
0.006427481080308875	-0.00016079057308536598
0.007159618485710418	-0.00016079053761247725
0.007895416578138905	-0.000160790501968464
0.008634893661029494	-0.00016079046615204165
0.00937806812933463	-0.00016079043016204423
0.010124958469981361	-0.00016079039399731
0.010875583262331262	-0.00016079035765665092
0.01162996117864295	-0.00016079032113901041
0.012388110984536127	-0.00016079028444318115
0.013150051539458866	-0.00016079024756812188
0.013915801797156208	-0.00016079021051273358
0.014685380806142003	-0.00016079017327599206
0.015458807710172712	-0.0001607901358567317
0.01623610174872358	-0.00016079009825392858
0.017017282257467212	-0.00016079006046660802
0.017802368668754516	-0.00016079002249358085
0.01859138051209827	-0.00016078998433387843
0.019384337414658823	-0.00016078994598637124
0.020181259101732015	-0.00016078990745006935
0.020982165397240727	-0.00016078986872394583
0.02178707622422691	-0.00016078982980691006
0.02259601160534814	-0.0001607897906978533
0.02340899166337483	-0.00016078975139581226
0.024226036621691812	-0.000160789711899715
0.02504716680480027	-0.00016078967220846716
0.025872402638824326	-0.00016078963232105733
0.02670176465201842	-0.0001607895922362895
0.02753527347527842	-0.00016078955195325377
0.028372949842654864	-0.00016078951147082942
0.0292148145918682	-0.00016078947078791415
0.03006088866482743	-0.00016078942990342413
0.03091119310815165	-0.00016078938881629673
0.0317657490736924	-0.00016078934752548899
0.03262457781906081	-0.00016078930602977785
0.03348770070815601	-0.00016078926432822524
0.034355139211696875	-0.0001607892224195957
0.035226914907755424	-0.0001607891803028402
0.03610304948229413	-0.0001607891379768857
0.03698356472970569	-0.00016078909544057628
0.03786848255335419	-0.00016078905269273502
0.038757824966120964	-0.000160789009732378
0.03965161409095162	-0.00016078896655826423
0.04054987216140643	-0.00016078892316925266
0.04145262152221345	-0.00016078887956425206
0.04235988462982453	-0.0001607888357420553
0.04327168405297366	-0.00016078879170156586
0.0441880424732386	-0.00016078874744159533
0.04510898268560485	-0.000160788702961023
0.046034527599032954	-0.00016078865825858317
0.04696470023702812	-0.00016078861333322593
0.04789952373821329	-0.00016078856818365668
0.048839021356904266	-0.00016078852280872207
0.04978321646368884	-0.00016078847720723231
0.05073213254600732	-0.00016078843137792728
0.05168579320873729	-0.00016078838531976476
0.052644222174780875	-0.00016078833903135844
0.05360744328565471	-0.00016078829251156942
0.054575480502083065	-0.00016078824575912624
0.05554835790459365	-0.00016078819877283143
0.05652609969411678	-0.00016078815155143143
0.05750873019258755	-0.00016078810409369735
0.05849627384355038	-0.00016078805639833035
0.05948875521276831	-0.00016078800846411326
0.060486198988831924	-0.00016078796028972102
0.061488629983776036	-0.0001607879118739633
0.062496073133695054	-0.00016078786321547167
0.06350855349936363	-0.0001607878143130426
0.06452609626686023	-0.00016078776516526236
0.06554872674819473	-0.00016078771577094974
0.0665764703819355	-0.00016078766612878035
0.06760935273384511	-0.00016078761623731442
0.06864739949751451	-0.00016078756609533735
0.06969063649500218	-0.00016078751570152414
0.07073908967747725	-0.00016078746505446186
0.07179278512586448	-0.00016078741415282468
0.07285174905149387	-0.00016078736299528503
0.07391600779675113	-0.00016078731158043194
0.07498558783573481	-0.00016078725990692722
0.07606051577491364	-0.00016078720797345903
0.07714081835378801	-0.0001607871557784517
0.0782265224455569	-0.00016078710332062803
0.07931765505778446	-0.0001607870505987035
0.08041424333307354	-0.00016078699761101818
0.08151631454973869	-0.00016078694435628602
0.08262389612248718	-0.00016078689083306362
0.08373701560309972	-0.00016078683703988773
0.08485570068111534	-0.0001607867829753467
0.08597997918452092	-0.00016078672863794339
0.08710987908044335	-0.00016078667402626148
0.08824542847584554	-0.00016078661913880948
0.08938665561822474	-0.00016078656397407092
0.0905335888963159	-0.0001607865085305751
0.09168625684079766	-0.000160786452806834
0.09284468812500156	-0.0001607863968013371
0.09400891156562662	-0.0001607863405125434
0.09517895612345495	-0.0001607862839389336
0.09635485090407213	-0.00016078622707899276
0.09753662515859228	-0.00016078616993109944
0.09872430828438533	-0.00016078611249378968
0.09991792982580742	-0.0001607860547653897
0.10111751947493633	-0.00016078599674439596
0.10232310707231096	-0.00016078593842923603
0.10353472260767245	-0.00016078587981825077
0.1047523962207106	-0.0001607858209098937
0.1059761582018141	-0.0001607857617024938
0.10720603899282295	-0.00016078570219439436
0.10844206918778705	-0.00016078564238405292
0.10968427953372589	-0.00016078558226975925
0.11093270093139453	-0.00016078552184984468
0.11218736443605157	-0.00016078546112263906
0.11344830125823162	-0.0001607854000864727
0.11471554276452282	-0.0001607853387396889
0.11598912047834534	-0.00016078527708048468
0.11726906608073716	-0.00016078521510725906
0.11855541141114084	-0.0001607851528181257
0.11984818846819666	-0.0001607850902115235
0.12114742941053756	-0.0001607850272855965
0.12245316655759021	-0.00016078496403857558
0.12376543239037813	-0.00016078490046876333
0.12508425955233007	-0.0001607848365742599
0.12640968085009188	-0.00016078477235331685
0.12774172925434224	-0.00016078470780412848
0.12908043790061416	-0.00016078464292488396
0.13042584009011704	-0.0001607845777137717
0.13177796929056776	-0.00016078451216884775
0.1331368591370207	-0.0001607844462882788
0.13450254343270562	-0.00016078438007020458
0.13587505614986897	-0.00016078431351276024
0.1372544314306183	-0.0001607842466140247
0.13864070358777136	-0.00016078417937201016
0.14003390710571012	-0.00016078411178490734
0.14143407664123844	-0.00016078404385065848
0.14284124702444484	-0.00016078397556739763
0.14425545325956707	-0.00016078390693309116
0.1456767305258648	-0.00016078383794576452
0.14710511417849395	-0.0001607837686033595
0.14854063974938644	-0.00016078369890392059
0.14998334294813345	-0.00016078362884550752
0.1514332596628742	-0.00016078355842589391
0.15289042596118857	-0.00016078348764315457
0.15435487809099444	-0.00016078341649505503
0.15582665248144925	-0.00016078334497963826
0.15730578574385642	-0.00016078327309480172
0.1587923146725756	-0.00016078320083830848
0.1602862762459386	-0.00016078312820811525
0.1617877076271685	-0.00016078305520195144
0.16329664616530448	-0.00016078298181775155
0.16481312939613094	-0.00016078290805331743
0.16633719504311156	-0.00016078283390632636
0.16786888101832692	-0.00016078275937465934
0.16940822542341866	-0.00016078268445606533
0.17095526655053575	-0.00016078260914819905
0.17251004288328856	-0.00016078253344884588
0.1740725930977048	-0.00016078245735571143
0.1756429560631934	-0.00016078238086648255
0.17722117084350925	-0.00016078230397871565
0.17880727669772659	-0.00016078222669012549
0.18040131308121543	-0.00016078214899839527
0.18200331964662148	-0.00016078207090103105
0.18361333624485465	-0.00016078199239571273
0.18523140292607912	-0.00016078191347987419
0.18685755994070938	-0.0001607818341511368
0.18849184774041308	-0.00016078175440708515
0.19013430697911532	-0.00016078167424513044
0.19178497851401088	-0.0001607815936627621
0.19344390340658082	-0.0001607815126574433
0.19511112292361377	-0.00016078143122662128
0.1967866785382319	-0.00016078134936766948
0.19847061193092289	-0.00016078126707800409
0.2001629649905775	-0.0001607811843549749
0.20186377981553055	-0.0001607811011960684
0.20357309871460819	-0.00016078101759829305
0.2052909642081813	-0.00016078093355927046
0.207017419029222	-0.00016078084907598746
0.20875250612436788	-0.0001607807641459926
0.21049626865498966	-0.0001607806787662381
0.21224874999826462	-0.00016078059293405964
0.21400999374825602	-0.00016078050664660029
0.2157800437169973	-0.0001607804199009323
0.21755894393558234	-0.00016078033269435396
0.21934673865526005	-0.00016078024502364717
0.2211434723485364	-0.00016078015688616827
0.22294918971027902	-0.0001607800682787065
0.22476393565883038	-0.00016077997919842227
0.22658775533712455	-0.00016077988964229015
0.22842069411381005	-0.00016077979960711113
0.23026279758437915	-0.00016077970908997665
0.23211411157230094	-0.00016077961808757757
0.23397468213016254	-0.00016077952659689123
0.23584455554081346	-0.00016077943461478811
0.23772377831851751	-0.00016077934213780284
0.23961239721011024	-0.0001607792491629629
0.24151045919616082	-0.0001607791556868159
0.24341801149214168	-0.0001607790617060904
0.24533510154960245	-0.00016077896721742042
0.24726177705735047	-0.00016077887221741509
0.2491980859426373	-0.00016077877670275724
0.25114407637235053	-0.00016077868066971432
0.2530997967542124	-0.0001607785841150767
0.2550652957379834	-0.0001607784870351185
0.2570406222166734	-0.00016077838942648215
0.25902582532775686	-0.00016077829128518232
0.26102095445439577	-0.00016077819260786066
0.2630260592266676	-0.00016077809339073686
0.26504118952280104	-0.00016077799363005383
0.26706639547041516	-0.00016077789332196333
0.26910172744776706	-0.00016077779246271193
0.27114723608500574	-0.00016077769104844695
0.2732029722654309	-0.00016077758907515546
0.2752689871267581	-0.0001607774865389607
0.2773453320623917	-0.00016077738343575377
0.2794320587227036	-0.00016077727976159594
0.281529219016317	-0.00016077717551218952
0.2836368651113984	-0.0001607770706835581
0.28575504943695557	-0.00016077696527138556
0.28788382468414025	-0.00016077685927135327
0.2900232438075611	-0.00016077675267924777
0.29217336002659877	-0.00016077664549069272
0.29433422682673194	-0.0001607765377011096
0.29650589796086546	-0.0001607764293060803
0.29868842745066976	-0.00016077632030111872
0.30088186958792296	-0.00016077621068152472
0.30308627893586265	-0.00016077610044267185
0.305301710330542	-0.00016077598957979844
0.3075282188821948	-0.00016077587808811168
0.30976585997660583	-0.00016077576596277803
0.31201468927648873	-0.0001607756531987317
0.31427476272287097	-0.00016077553979110333
0.3165461365364855	-0.000160775425734805
0.318828867219168	-0.00016077531102461691
0.3211230115552639	-0.00016077519565539455
0.32342862661304006	-0.00016077507962180157
0.3257457697461053	-0.00016077496291854755
0.32807449859483556	-0.00016077484554003879
0.33041487108780954	-0.00016077472748079265
0.3327669454432486	-0.00016077460873529178
0.33513078017046477	-0.00016077448929774889
0.33750643407131686	-0.00016077436916228478
0.33989396624167323	-0.00016077424832321722
0.3422934360728816	-0.00016077412677448674
0.34470490325324576	-0.0001607740045100108
0.3471284277695118	-0.000160773881523643
0.34956406990835936	-0.00016077375780918326
0.3520118902579012	-0.00016077363336016115
0.3544719497091907	-0.00016077350817020756
0.35694430945773664	-0.00016077338223278081
0.3594290310050252	-0.00016077325554104545
0.36192617616005013	-0.00016077312808838442
0.3644358070408504	-0.000160772999867893
0.36695798607605457	-0.0001607728708724164
0.36949277600643504	-0.00016077274109486627
0.37204023988646695	-0.00016077261052809916
0.374600441085899	-0.00016077247916452487
0.3771734432913285	-0.00016077234699672928
0.379759310507785	-0.00016077221401704302
0.3823581070603237	-0.00016077208021772198
0.3849698975956254	-0.00016077194559075382
0.3875947470836033	-0.00016077181012801218
0.39023272081902133	-0.00016077167382133533
0.3928838844231162	-0.00016077153666239222
0.39554830384523165	-0.00016077139864256734
0.3982260453644579	-0.00016077125975304675
0.4009171755912802	-0.00016077111998508888
0.4036217614692367	-0.00016077097932958088
0.4063398702765827	-0.00016077083777729453
0.40907156962796565	-0.00016077069531882278
0.41181692747610543	-0.00016077055194465791
0.41457601211348605	-0.00016077040764488206
0.4173488921740533	-0.0001607702624094834
0.4201356366349237	-0.00016077011622825304
0.42293631481809807	-0.00016076996909089488
0.4257509963921885	-0.00016076982098666532
0.42857975137414944	-0.00016076967190476206
0.4314226501310203	-0.0001607695218340074
0.43427976338167545	-0.00016076937076328642
0.43715116219858396	-0.0001607692186807223
0.440036918009577	-0.0001607690655746247
0.44293710259962477	-0.0001607689114328893
0.4458517881126228	-0.0001607687562431618
0.4487810470531859	-0.00016076859999277437
0.45172495228845155	-0.00016076844266875795
0.45468357704989376	-0.00016076828425790502
0.45765699493514306	-0.00016076812474667427
0.46064527990981863	-0.00016076796412117786
0.4636485063093676	-0.00016076780236718745
0.4666667488409145	-0.00016076763947019378
0.4697000825851191	-0.000160767475415421
0.4727485829980444	-0.0001607673101874167
0.4758123259130346	-0.00016076714377055197
0.47889138754259974	-0.00016076697614901634
0.4819858444803126	-0.00016076680730632784
0.4850957737027142	-0.00016076663722550772
0.48822125257122767	-0.00016076646588939245
0.49136235883408375	-0.00016076629328019523
0.49451917062825407	-0.00016076611937977217
0.49769176648139524	-0.00016076594416955037
0.5008802253138022	-0.00016076576763023707
0.5040846264403713	-0.0001607655897422187
0.5073050495725733	-0.00016076541048537206
0.510541574820436	-0.00016076522983877718
0.5137942826945383	-0.00016076504778129227
0.5170632541080108	-0.0001607648642909518
0.520348570378551	-0.0001607646793451144
0.5236503132304436	-0.00016076449292073194
0.5269685647965956	-0.00016076430499396388
0.5303034076205784	-0.0001607641155401027
0.5336549246586811	-0.0001607639245340591
0.5370231992819746	-0.00016076373194987958
0.5404083152783844	-0.00016076353776066078
0.5438103568547764	-0.00016076334193907904
0.5472294086390501	-0.00016076314445642454
0.5506655556822453	-0.0001607629452837807
0.5541188834606565	-0.00016076274439073932
0.5575894778779599	-0.00016076254174626748
0.5610774252673494	-0.00016076233731825468
0.564582812393686	-0.00016076213107374854
0.5681057264556543	-0.00016076192297846188
0.5716462550879327	-0.00016076171299718212
0.5752044863633723	-0.0001607615010934019
0.578780508795189	-0.00016076128722968872
0.5823744113391649	-0.0001607610713671157
0.5859862833958606	-0.00016076085346548955
0.5896162148128399	-0.0001607606334833783
0.5932642958869042	-0.00016076041137777912
0.5969306173663387	-0.00016076018710439177
0.6006152704531702	-0.00016075996061730175
0.6043183468054361	-0.00016075973186873267
0.6080399385394633	-0.00016075950080957416
0.6117801382321605	-0.00016075926738881756
0.615539038923321	-0.00016075903155358799
0.6193167341179376	-0.00016075879324921623
0.6231133177885273	-0.00016075855241881254
0.6269288843774701	-0.00016075830900344452
0.6307635287993573	-0.00016075806294224134
0.6346173464433539	-0.0001607578141716323
0.6384904331755705	-0.00016075756262576968
0.6423828853414483	-0.00016075730823633032
0.6462947997681555	-0.00016075705093238546
0.6502262737669962	-0.0001607567906399628
0.6541774051358311	-0.00016075652728239688
0.6581482921615099	-0.0001607562607800628
0.6621390336223173	-0.00016075599104949199
0.6661497287904288	-0.00016075571800471726
0.6701804774343807	-0.00016075544155551787
0.6742313798215525	-0.00016075516160819932
0.6783025367206603	-0.00016075487806511396
0.6823940494042636	-0.00016075459082446597
0.6865060196512851	-0.00016075429978004474
0.6906385497495416	-0.00016075400482121492
0.6947917424982893	-0.0001607537058321195
0.6989657012107808	-0.000160753402692274
0.7031605297168348	-0.00016075309527549777
0.7073763323654189	-0.00016075278345009742
0.7116132140272461	-0.00016075246707823666
0.715871280097382	-0.00016075214601571136
0.7201506364978687	-0.00016075182011199144
0.7244513896803577	-0.00016075148920903422
0.7287736466287593	-0.00016075115314154428
0.733117514861903	-0.00016075081173613174
0.7374831024362126	-0.00016075046481129197
0.7418705179483935	-0.00016075011217628324
0.7462798705381356	-0.00016074975363133617
0.7507112698908263	-0.0001607493889662521
0.7551648262402804	-0.00016074901796049959
0.759640650371482	-0.0001607486403821092
0.7641388536233394	-0.00016074825598714896
0.7686595478914561	-0.0001607478645191809
0.7732028456309133	-0.00016074746570775286
0.7777688598590677	-0.0001607470592682396
0.7823577041583629	-0.00016074664490064124
0.7869694926791548	-0.00016074622228825716
0.7916043401425507	-0.00016074579109706308
0.7962623618432633	-0.00016074535097415188
0.8009436736524796	-0.00016074490154668463
0.805648392020742	-0.00016074444242013042
0.8103766339808457	-0.00016074397317724986
0.81512851715075	-0.00016074349337609738
0.8199041597365035	-0.0001607430025482513
0.8247036805351862	-0.00016074250019683066
0.8295271989378621	-0.00016074198579441235
0.8343748349325514	-0.0001607414587809922
0.8392467091072142	-0.0001607409185606837
0.8441429426527504	-0.00016074036449985378
0.849063657366014	-0.00016073979592351407
0.8540089756528442	-0.0001607392121119404
0.8589790205311084	-0.00016073861229714664
0.863973915633764	-0.00016073799565879452
0.8689739156337638	-0.00016073736294914512
0.8739739156337636	-0.0001607367147089236
0.8789739156337634	-0.00016073605043025375
0.8839739156337632	-0.0001607353693308738
0.8889739156337629	-0.00016073467057900774
0.8939739156337627	-0.0001607339532896235
0.8989739156337626	-0.0001607332165201676
0.9039739156337624	-0.0001607324592662359
0.9089739156337622	-0.0001607316804549239
0.913973915633762	-0.00016073087893989283
0.9189739156337617	-0.0001607300534941857
0.9239739156337615	-0.00016072920280241578
0.9289739156337613	-0.00016072832545267174
0.9339739156337611	-0.0001607274199266324
0.938973915633761	-0.00016072648458872508
0.9439739156337608	-0.00016072551767415484
0.9489739156337605	-0.00016072451727467034
0.9539739156337603	-0.00016072348132256065
0.9589739156337601	-0.00016072240757281954
0.9639739156337599	-0.0001607212935821742
0.9689739156337597	-0.00016072013668518438
0.9739739156337595	-0.00016071893396636861
0.9789739156337594	-0.00016071768222887726
0.9839739156337591	-0.0001607163779570875
0.9889739156337589	-0.00016071501727397212
0.9939739156337587	-0.00016071359589101767
0.9989739156337585	-0.00016071210904991407
1.0039739156337584	-0.00016071055145428943
1.008973915633758	-0.0001607089171898263
1.013973915633758	-0.00016070719963008005
1.0189739156337576	-0.00016070539132600077
1.0239739156337575	-0.00016070348387499129
1.0289739156337572	-0.00016070146776698822
1.033973915633757	-0.00016069933220157431
1.038973915633757	-0.00016069706487155107
1.0439739156337566	-0.00016069465170576625
1.0489739156337565	-0.00016069207656325325
1.0539739156337562	-0.00016068932086918918
1.058973915633756	-0.00016068636318140728
1.0639739156337558	-0.00016068317867209994
1.0689739156337557	-0.0001606797385093865
1.0739739156337553	-0.00016067600911763889
1.0789739156337552	-0.00016067195129227443
1.0839739156337551	-0.00016066751913847353
1.0889739156337548	-0.00016066265880076898
1.0939739156337547	-0.00016065730693700885
1.0989739156337544	-0.000160651388887706
1.1039739156337542	-0.00016064481647681624
1.108973915633754	-0.00016063748536764979
1.1139739156337538	-0.00016062927188672792
1.1189739156337537	-0.00016062002919907498
1.1239739156337534	-0.00016060958270851662
1.1289739156337533	-0.0001605977245203064
1.133973915633753	-0.0001605842067710251
1.1389739156337528	-0.00016056873359773037
1.1439739156337525	-0.00016055095146043979
1.1489739156337524	-0.00016053043748213142
1.153973915633752	-0.00016050668539738404
1.158973915633752	-0.00016047908861635174
1.1639739156337519	-0.00016044691981255345
1.1689739156337515	-0.0001604093063192308
1.1739739156337514	-0.00016036520047464246
1.178973915633751	-0.0001603133438821408
1.183973915633751	-0.0001602522243389068
1.1889739156337507	-0.00016018002393661246
1.1939739156337505	-0.00016009455653611516
1.1989739156337504	-0.00015999319244988772
1.2039739156337501	-0.0001598727677379968
1.20897391563375	-0.00015972947499235375
1.2139739156337497	-0.00015955873186117284
1.2189739156337496	-0.00015935502280359248
1.2239739156337492	-0.00015911170865737497
1.2289739156337491	-0.00015882079749374804
1.2339739156337488	-0.0001584726689083587
1.2389739156337487	-0.00015805574226836688
1.2439739156337486	-0.00015755607748164102
1.2489739156337483	-0.000156956894455723
1.2539739156337482	-0.00015623799451443368
1.2589739156337478	-0.0001553750635136462
1.2639739156337477	-0.0001543388321462445
1.2689739156337474	-0.00015309406381377595
1.2739739156337473	-0.00015159833436756022
1.2789739156337472	-0.0001498005608629003
1.2839739156337469	-0.0001476392281545904
1.2889739156337467	-0.00014504025263218807
1.2939739156337464	-0.00014191441164988406
1.2989739156337463	-0.00013815425531591647
1.303973915633746	-0.0001336304044139446
1.3089739156337459	-0.00012818712465123756
1.3139739156337455	-0.00012163705368541047
1.3189739156337454	-0.00011375494437655166
1.3239739156337453	-0.00010427027689562216
1.328973915633745	-9.285858595251769e-5
1.333973915633745	-7.913135085178146e-5
1.3389739156337446	-6.262431013852672e-5
1.3439739156337445	-4.2784095813766096e-5
1.3489739156337441	-1.8953143002288623e-5
1.353973915633744	9.647069961308962e-6
1.358973915633744	4.393424679691986e-5
1.3639739156337436	8.498454796319649e-5
1.3689739156337435	0.00013405221464793263
1.3739739156337432	0.00019258848158774456
1.378973915633743	0.0002622582904617752
1.3839739156337427	0.00034495284952280924
1.3879804367253072	0.0004221689613055892
1.3919869578168715	0.0005101816568824103
1.395993478908436	0.0006104018501067408
1.4	0.0007242026576230042
