0.0006999999999999628	-0.0001782781991693454
0.001403500000000035	-0.00017827513214705598
0.0021105174999999296	-0.0001782749988271967
0.0028210700874998964	-0.00017827488808437928
0.003535175437937438	-0.00017827477684147816
0.004252851315127062	-0.00017827466490865368
0.004974115571702636	-0.0001782745522795731
0.005698986149561044	-0.00017827443894904063
0.006427481080308875	-0.0001782743249125686
0.007159618485710418	-0.0001782742101644533
0.007895416578138905	-0.0001782740946998977
0.008634893661029494	-0.00017827397851361617
0.00937806812933463	-0.00017827386160049235
0.010124958469981361	-0.0001782737439546664
0.010875583262331262	-0.00017827362557135576
0.01162996117864295	-0.00017827350644470373
0.012388110984536127	-0.00017827338656932097
0.013150051539458866	-0.00017827326593972977
0.013915801797156208	-0.00017827314455040705
0.014685380806142003	-0.00017827302239513548
0.015458807710172712	-0.0001782728994686733
0.01623610174872358	-0.00017827277576544024
0.017017282257467212	-0.0001782726512790254
0.017802368668754516	-0.00017827252600381905
0.01859138051209827	-0.00017827239993395804
0.019384337414658823	-0.0001782722730630256
0.020181259101732015	-0.00017827214538544727
0.020982165397240727	-0.00017827201689479106
0.02178707622422691	-0.00017827188758483958
0.02259601160534814	-0.00017827175744942206
0.02340899166337483	-0.00017827162648227125
0.024226036621691812	-0.0001782714946768374
0.02504716680480027	-0.0001782713620270313
0.025872402638824326	-0.00017827122852605862
0.02670176465201842	-0.0001782710941672463
0.02753527347527842	-0.00017827095894423507
0.028372949842654864	-0.00017827082285013917
0.0292148145918682	-0.00017827068587826462
0.03006088866482743	-0.00017827054802174616
0.03091119310815165	-0.0001782704092737496
0.0317657490736924	-0.00017827026962732642
0.03262457781906081	-0.0001782701290751423
0.03348770070815601	-0.00017826998761053434
0.034355139211696875	-0.00017826984522587827
0.035226914907755424	-0.000178269701914173
0.03610304948229413	-0.0001782695576679349
0.03698356472970569	-0.000178269412480131
0.03786848255335419	-0.00017826926634247167
0.038757824966120964	-0.00017826911924843564
0.03965161409095162	-0.00017826897118964488
0.04054987216140643	-0.0001782688221586691
0.04145262152221345	-0.00017826867214745104
0.04235988462982453	-0.0001782685211485168
0.04327168405297366	-0.0001782683691535789
0.0441880424732386	-0.00017826821615462372
0.04510898268560485	-0.00017826806214373366
0.046034527599032954	-0.00017826790711253439
0.04696470023702812	-0.00017826775105286705
0.04789952373821329	-0.00017826759395602284
0.048839021356904266	-0.00017826743581393655
0.04978321646368884	-0.00017826727661782852
0.05073213254600732	-0.0001782671163590884
0.05168579320873729	-0.000178266955028873
0.052644222174780875	-0.00017826679261846902
0.05360744328565471	-0.00017826662911903947
0.054575480502083065	-0.00017826646452132535
0.05554835790459365	-0.0001782662988163711
0.05652609969411678	-0.00017826613199492126
0.05750873019258755	-0.00017826596404741513
0.05849627384355038	-0.00017826579496487262
0.05948875521276831	-0.00017826562473739188
0.060486198988831924	-0.0001782654533555631
0.061488629983776036	-0.00017826528080958328
0.062496073133695054	-0.0001782651070895658
0.06350855349936363	-0.00017826493218559906
0.06452609626686023	-0.00017826475608770706
0.06554872674819473	-0.00017826457878560912
0.0665764703819355	-0.00017826440026912302
0.06760935273384511	-0.00017826422052773686
0.06864739949751451	-0.00017826403955100245
0.06969063649500218	-0.00017826385732819036
0.07073908967747725	-0.00017826367384874737
0.07179278512586448	-0.00017826348910164299
0.07285174905149387	-0.00017826330307599826
0.07391600779675113	-0.00017826311576045635
0.07498558783573481	-0.00017826292714428433
0.07606051577491364	-0.0001782627372155715
0.07714081835378801	-0.00017826254596300844
0.0782265224455569	-0.00017826235337513416
0.07931765505778446	-0.0001782621594399559
0.08041424333307354	-0.0001782619641455992
0.08151631454973869	-0.00017826176748007353
0.08262389612248718	-0.00017826156943119833
0.08373701560309972	-0.00017826136998663818
0.08485570068111534	-0.00017826116913406546
0.08597997918452092	-0.00017826096686066612
0.08710987908044335	-0.0001782607631537272
0.08824542847584554	-0.00017826055800037612
0.08938665561822474	-0.00017826035138756888
0.0905335888963159	-0.00017826014330203622
0.09168625684079766	-0.00017825993373043485
0.09284468812500156	-0.00017825972265916163
0.09400891156562662	-0.00017825951007467542
0.09517895612345495	-0.00017825929596302408
0.09635485090407213	-0.00017825908031022053
0.09753662515859228	-0.00017825886310191463
0.09872430828438533	-0.000178258644323801
0.09991792982580742	-0.00017825842396140912
0.10111751947493633	-0.00017825820200011944
0.10232310707231096	-0.00017825797842462254
0.10353472260767245	-0.00017825775322031636
0.1047523962207106	-0.00017825752637152538
0.1059761582018141	-0.00017825729786292256
0.10720603899282295	-0.00017825706767901772
0.10844206918778705	-0.00017825683580380638
0.10968427953372589	-0.00017825660222105323
0.11093270093139453	-0.00017825636691493605
0.11218736443605157	-0.00017825612986855347
0.11344830125823162	-0.00017825589106561083
0.11471554276452282	-0.00017825565048906525
0.11598912047834534	-0.000178255408121734
0.11726906608073716	-0.00017825516394630775
0.11855541141114084	-0.00017825491794551835
0.11984818846819666	-0.0001782546701011164
0.12114742941053756	-0.00017825442039557063
0.12245316655759021	-0.0001782541688105472
0.12376543239037813	-0.0001782539153274392
0.12508425955233007	-0.00017825365992758175
0.12640968085009188	-0.0001782534025921539
0.12774172925434224	-0.00017825314330198255
0.12908043790061416	-0.00017825288203735852
0.13042584009011704	-0.00017825261877868668
0.13177796929056776	-0.00017825235350599244
0.1331368591370207	-0.00017825208619919825
0.13450254343270562	-0.00017825181683767737
0.13587505614986897	-0.00017825154540053283
0.1372544314306183	-0.00017825127186664073
0.13864070358777136	-0.0001782509962151371
0.14003390710571012	-0.00017825071842374817
0.14143407664123844	-0.00017825043847081675
0.14284124702444484	-0.00017825015633419244
0.14425545325956707	-0.0001782498719912475
0.1456767305258648	-0.00017824958541911963
0.14710511417849395	-0.00017824929659453534
0.14854063974938644	-0.0001782490054940737
0.14998334294813345	-0.0001782487120938427
0.1514332596628742	-0.00017824841636995681
0.15289042596118857	-0.00017824811829743854
0.15435487809099444	-0.00017824781785182346
0.15582665248144925	-0.00017824751500770193
0.15730578574385642	-0.00017824720973962563
0.1587923146725756	-0.00017824690202155813
0.1602862762459386	-0.00017824659182743855
0.1617877076271685	-0.00017824627913030582
0.16329664616530448	-0.00017824596390305113
0.16481312939613094	-0.00017824564611848938
0.16633719504311156	-0.00017824532574853123
0.16786888101832692	-0.00017824500276509948
0.16940822542341866	-0.0001782446771394833
0.17095526655053575	-0.00017824434884216057
0.17251004288328856	-0.00017824401784429273
0.1740725930977048	-0.00017824368411543503
0.1756429560631934	-0.00017824334762515028
0.17722117084350925	-0.0001782430083427587
0.17880727669772659	-0.0001782426662366688
0.18040131308121543	-0.00017824232127534848
0.18200331964662148	-0.00017824197342616342
0.18361333624485465	-0.00017824162265660677
0.18523140292607912	-0.00017824126893317826
0.18685755994070938	-0.00017824091222221408
0.18849184774041308	-0.0001782405524891556
0.19013430697911532	-0.00017824018969933822
0.19178497851401088	-0.0001782398238172833
0.19344390340658082	-0.00017823945480703428
0.19511112292361377	-0.00017823908263196167
0.1967866785382319	-0.00017823870725488765
0.19847061193092289	-0.0001782383286385238
0.2001629649905775	-0.0001782379467441361
0.20186377981553055	-0.00017823756153292788
0.20357309871460819	-0.0001782371729656406
0.2052909642081813	-0.0001782367810016155
0.207017419029222	-0.00017823638560052584
0.20875250612436788	-0.00017823598672040135
0.21049626865498966	-0.00017823558431960055
0.21224874999826462	-0.0001782351783548929
0.21400999374825602	-0.0001782347687828328
0.2157800437169973	-0.00017823435555943589
0.21755894393558234	-0.0001782339386390794
0.21934673865526005	-0.0001782335179764856
0.2211434723485364	-0.000178233093525002
0.22294918971027902	-0.00017823266523739868
0.22476393565883038	-0.00017823223306552525
0.22658775533712455	-0.00017823179696044923
0.22842069411381005	-0.00017823135687244427
0.23026279758437915	-0.0001782309127507598
0.23211411157230094	-0.00017823046454431687
0.23397468213016254	-0.00017823001220033659
0.23584455554081346	-0.00017822955566586585
0.23772377831851751	-0.00017822909488651292
0.23961239721011024	-0.0001782286298073209
0.24151045919616082	-0.0001782281603721504
0.24341801149214168	-0.00017822768652369788
0.24533510154960245	-0.00017822720820422506
0.24726177705735047	-0.00017822672535435665
0.2491980859426373	-0.00017822623791399167
0.25114407637235053	-0.00017822574582188527
0.2530997967542124	-0.00017822524901572938
0.2550652957379834	-0.00017822474743206957
0.2570406222166734	-0.00017822424100611293
0.25902582532775686	-0.0001782237296720909
0.26102095445439577	-0.00017822321336314454
0.2630260592266676	-0.00017822269201077414
0.26504118952280104	-0.00017822216554569053
0.26706639547041516	-0.0001782216338968966
0.26910172744776706	-0.00017822109699260546
0.27114723608500574	-0.00017822055475893664
0.2732029722654309	-0.00017822000712138325
0.2752689871267581	-0.00017821945400363451
0.2773453320623917	-0.00017821889532785535
0.2794320587227036	-0.0001782183310149796
0.281529219016317	-0.00017821776098434628
0.2836368651113984	-0.0001782171851537073
0.28575504943695557	-0.00017821660343910506
0.28788382468414025	-0.00017821601575550094
0.2900232438075611	-0.00017821542201543864
0.29217336002659877	-0.0001782148221301865
0.29433422682673194	-0.00017821421600936081
0.29650589796086546	-0.00017821360356066397
0.29868842745066976	-0.00017821298468990074
0.30088186958792296	-0.0001782123593011754
0.30308627893586265	-0.0001782117272963852
0.305301710330542	-0.00017821108857603608
0.3075282188821948	-0.0001782104430381209
0.30976585997660583	-0.00017820979057864102
0.31201468927648873	-0.00017820913109182847
0.31427476272287097	-0.00017820846446935185
0.3165461365364855	-0.0001782077906009966
0.318828867219168	-0.00017820710937419346
0.3211230115552639	-0.00017820642067405286
0.32342862661304006	-0.0001782057243833212
0.3257457697461053	-0.00017820502038220002
0.32807449859483556	-0.00017820430854890128
0.33041487108780954	-0.00017820358875827492
0.3327669454432486	-0.00017820286088328843
0.33513078017046477	-0.0001782021247940584
0.33750643407131686	-0.0001782013803577229
0.33989396624167323	-0.0001782006274389173
0.3422934360728816	-0.00017819986589934068
0.34470490325324576	-0.0001781990955976693
0.3471284277695118	-0.00017819831638965063
0.34956406990835936	-0.00017819752812790876
0.3520118902579012	-0.0001781967306618912
0.3544719497091907	-0.0001781959238379928
0.35694430945773664	-0.00017819510749928172
0.3594290310050252	-0.00017819428148501366
0.36192617616005013	-0.00017819344563153316
0.3644358070408504	-0.00017819259977144592
0.36695798607605457	-0.00017819174373351058
0.36949277600643504	-0.00017819087734299765
0.37204023988646695	-0.00017819000042144822
0.374600441085899	-0.00017818911278606164
0.3771734432913285	-0.000178188214250505
0.379759310507785	-0.00017818730462416062
0.3823581070603237	-0.0001781863837121616
0.3849698975956254	-0.00017818545131549805
0.3875947470836033	-0.00017818450723067246
0.39023272081902133	-0.00017818355124964922
0.3928838844231162	-0.00017818258315992964
0.39554830384523165	-0.00017818160274432293
0.3982260453644579	-0.00017818060978059766
0.4009171755912802	-0.00017817960404187353
0.4036217614692367	-0.00017817858529611466
0.4063398702765827	-0.00017817755330606404
0.40907156962796565	-0.00017817650782946673
0.41181692747610543	-0.00017817544861844242
0.41457601211348605	-0.0001781743754200038
0.4173488921740533	-0.00017817328797478928
0.4201356366349237	-0.00017817218601864953
0.42293631481809807	-0.0001781710692809009
0.4257509963921885	-0.0001781699374853694
0.42857975137414944	-0.0001781687903494514
0.4314226501310203	-0.00017816762758455484
0.43427976338167545	-0.0001781664488957963
0.43715116219858396	-0.00017816525398160548
0.440036918009577	-0.00017816404253409197
0.44293710259962477	-0.00017816281423869496
0.4458517881126228	-0.00017816156877401487
0.4487810470531859	-0.00017816030581167198
0.45172495228845155	-0.00017815902501626746
0.45468357704989376	-0.00017815772604551423
0.45765699493514306	-0.00017815640854949234
0.46064527990981863	-0.00017815507217130338
0.4636485063093676	-0.00017815371654638788
0.4666667488409145	-0.00017815234130267763
0.4697000825851191	-0.00017815094606073623
0.4727485829980444	-0.00017814953043300135
0.4758123259130346	-0.00017814809402421782
0.47889138754259974	-0.00017814663643147733
0.4819858444803126	-0.00017814515724391577
0.4850957737027142	-0.0001781436560423784
0.48822125257122767	-0.00017814213240009374
0.49136235883408375	-0.0001781405858818528
0.49451917062825407	-0.00017813901604461581
0.49769176648139524	-0.00017813742243706865
0.5008802253138022	-0.00017813580460010475
0.5040846264403713	-0.00017813416206614356
0.5073050495725733	-0.00017813249435979652
0.510541574820436	-0.00017813080099763517
0.5137942826945383	-0.00017812908148850124
0.5170632541080108	-0.00017812733533326976
0.520348570378551	-0.00017812556202477034
0.5236503132304436	-0.00017812376104872217
0.5269685647965956	-0.00017812193188360072
0.5303034076205784	-0.00017812007400017435
0.5336549246586811	-0.0001781181868622848
0.5370231992819746	-0.00017811626992737543
0.5404083152783844	-0.0001781143226461235
0.5438103568547764	-0.00017811234446309104
0.5472294086390501	-0.0001781103348169917
0.5506655556822453	-0.0001781082931413228
0.5541188834606565	-0.0001781062188641336
0.5575894778779599	-0.00017810411140947046
0.5610774252673494	-0.00017810197019670087
0.564582812393686	-0.00017809979464212083
0.5681057264556543	-0.00017809758415888996
0.5716462550879327	-0.0001780953381578249
0.5752044863633723	-0.00017809305604790177
0.578780508795189	-0.00017809073723758136
0.5823744113391649	-0.00017808838113489133
0.5859862833958606	-0.0001780859871482811
0.5896162148128399	-0.0001780835546881062
0.5932642958869042	-0.0001780810831665969
0.5969306173663387	-0.00017807857199938479
0.6006152704531702	-0.0001780760206066201
0.6043183468054361	-0.00017807342841336156
0.6080399385394633	-0.0001780707948510946
0.6117801382321605	-0.000178068119359047
0.615539038923321	-0.00017806540138442384
0.6193167341179376	-0.0001780626403843331
0.6231133177885273	-0.00017805983582688638
0.6269288843774701	-0.00017805698719204564
0.6307635287993573	-0.00017805409397300166
0.6346173464433539	-0.0001780511556771014
0.6384904331755705	-0.000178048171827923
0.6423828853414483	-0.00017804514196528948
0.6462947997681555	-0.00017804206564717948
0.6502262737669962	-0.0001780389424507559
0.6541774051358311	-0.00017803577197297122
0.6581482921615099	-0.00017803255383251225
0.6621390336223173	-0.0001780292876700901
0.6661497287904288	-0.00017802597314947914
0.6701804774343807	-0.0001780226099584783
0.6742313798215525	-0.00017801919780953114
0.6783025367206603	-0.0001780157364404125
0.6823940494042636	-0.00017801222561476517
0.6865060196512851	-0.00017800866512256925
0.6906385497495416	-0.00017800505478000983
0.6947917424982893	-0.00017800139442976834
0.6989657012107808	-0.0001779976839410508
0.7031605297168348	-0.00017799392320918875
0.7073763323654189	-0.00017799011215505938
0.7116132140272461	-0.0001779862507245938
0.715871280097382	-0.00017798233888804738
0.7201506364978687	-0.0001779783766383389
0.7244513896803577	-0.0001779743639906117
0.7287736466287593	-0.00017797030097979432
0.733117514861903	-0.00017796618765982987
0.7374831024362126	-0.00017796202410057761
0.7418705179483935	-0.0001779578103871175
0.7462798705381356	-0.00017795354661579024
0.7507112698908263	-0.0001779492328924161
0.7551648262402804	-0.00017794486932942927
0.759640650371482	-0.00017794045604247583
0.7641388536233394	-0.0001779359931473735
0.7686595478914561	-0.00017793148075719397
0.7732028456309133	-0.0001779269189770335
0.7777688598590677	-0.0001779223079021802
0.7823577041583629	-0.00017791764761246868
0.7869694926791548	-0.00017791293816936084
0.7916043401425507	-0.00017790817961073734
0.7962623618432633	-0.00017790337194702272
0.8009436736524796	-0.00017789851515651948
0.805648392020742	-0.0001778936091805513
0.8103766339808457	-0.00017788865391884156
0.81512851715075	-0.0001778836492244883
0.8199041597365035	-0.0001778785948990887
0.8247036805351862	-0.0001778734906874597
0.8295271989378621	-0.00017786833627263566
0.8343748349325514	-0.00017786313127034177
0.8392467091072142	-0.0001778578752234734
0.8441429426527504	-0.00017785256759700167
0.849063657366014	-0.00017784720777137632
0.8540089756528442	-0.0001778417950379524
0.8589790205311084	-0.00017783632859137626
0.863973915633764	-0.00017783080752463068
0.8689739156337638	-0.0001778252425462769
0.8739739156337636	-0.00017781964630606166
0.8789739156337634	-0.0001778140208341914
0.8839739156337632	-0.0001778083653764845
0.8889739156337629	-0.00017780267907173853
0.8939739156337627	-0.00017779696095538984
0.8989739156337626	-0.0001777912099568959
0.9039739156337624	-0.0001777854248968419
0.9089739156337622	-0.00017777960448396132
0.913973915633762	-0.00017777374731051183
0.9189739156337617	-0.00017776785184890845
0.9239739156337615	-0.00017776191644624628
0.9289739156337613	-0.00017775593931920855
0.9339739156337611	-0.00017774991854659436
0.938973915633761	-0.00017774385206221645
0.9439739156337608	-0.00017773773764592085
0.9489739156337605	-0.00017773157291271476
0.9539739156337603	-0.00017772535530117064
0.9589739156337601	-0.00017771908205832892
0.9639739156337599	-0.00017771275022419042
0.9689739156337597	-0.00017770635661057787
0.9739739156337595	-0.00017769989777930063
0.9789739156337594	-0.00017769337001438053
0.9839739156337591	-0.00017768676929028816
0.9889739156337589	-0.000177680091234015
0.9939739156337587	-0.0001776733310800552
0.9989739156337585	-0.00017766648361895114
1.0039739156337584	-0.0001776595431331591
1.008973915633758	-0.00017765250332352946
1.013973915633758	-0.00017764535722054986
1.0189739156337576	-0.00017763809708049822
1.0239739156337575	-0.0001776307142586501
1.0289739156337572	-0.0001776231990620049
1.033973915633757	-0.0001776155405701536
1.038973915633757	-0.0001776077264236684
1.0439739156337566	-0.0001775997425696119
1.0489739156337565	-0.00017759157295869506
1.0539739156337562	-0.00017758319918106307
1.058973915633756	-0.0001775746000312866
1.0639739156337558	-0.00017756575098680613
1.0689739156337557	-0.0001775566235827486
1.0739739156337553	-0.0001775471846603789
1.0789739156337552	-0.00017753739546889975
1.0839739156337551	-0.00017752721058312857
1.0889739156337548	-0.00017751657660689806
1.0939739156337547	-0.00017750543061359505
1.0989739156337544	-0.0001774936982749522
1.1039739156337542	-0.0001774812916100154
1.108973915633754	-0.00017746810628213198
1.1139739156337538	-0.00017745401834869698
1.1189739156337537	-0.00017743888035406076
1.1239739156337534	-0.00017742251663426707
1.1289739156337533	-0.00017740471767047877
1.133973915633753	-0.00017738523330337262
1.1389739156337528	-0.00017736376457386474
1.1439739156337525	-0.0001773399539186584
1.1489739156337524	-0.00017731337338574795
1.153973915633752	-0.0001772835104732992
1.158973915633752	-0.0001772497511192851
1.1639739156337519	-0.00017721135926544108
1.1689739156337515	-0.00017716745231931402
1.1739739156337514	-0.00017711697169124654
1.178973915633751	-0.0001770586474256312
1.183973915633751	-0.00017699095574967737
1.1889739156337507	-0.0001769120681284127
1.1939739156337505	-0.00017681979011736597
1.1989739156337504	-0.00017671148796846145
1.2039739156337501	-0.00017658400050775053
1.20897391563375	-0.0001764335332788651
1.2139739156337497	-0.00017625553130567914
1.2189739156337496	-0.00017604452602876618
1.2239739156337492	-0.00017579395099146078
1.2289739156337491	-0.00017549591965176445
1.2339739156337488	-0.00017514095723269375
1.2389739156337487	-0.0001747176767306884
1.2439739156337486	-0.00017421238706468166
1.2489739156337483	-0.0001736086187510455
1.2539739156337482	-0.0001728865494212415
1.2589739156337478	-0.0001720223078087753
1.2639739156337477	-0.0001709871304634684
1.2689739156337474	-0.00016974634020282598
1.2739739156337473	-0.0001682581090259946
1.2789739156337472	-0.0001664719606279565
1.2839739156337469	-0.00016432695848887335
1.2889739156337467	-0.00016174951443179785
1.2939739156337464	-0.00015865073916162715
1.2989739156337463	-0.00015492324021030342
1.303973915633746	-0.00015043725348166237
1.3089739156337459	-0.0001450359716603089
1.3139739156337455	-0.0001385299056591102
1.3189739156337454	-0.00013069008337504153
1.3239739156337453	-0.0001212398527344498
1.328973915633745	-0.00010984501275531853
1.333973915633745	-9.610194661336852e-5
1.3389739156337446	-7.952337422442249e-5
1.3439739156337445	-5.952127871900549e-5
1.3489739156337441	-3.538649213453683e-5
1.353973915633744	-6.26435237704135e-6
1.358973915633744	2.8874230784745388e-5
1.3639739156337436	7.126703298715375e-5
1.3689739156337435	0.00012240088556915083
1.3739739156337432	0.0001840589813843902
1.378973915633743	0.00025837592871323406
1.3839739156337427	0.00034790128915735476
1.3879804367253072	0.0004328229034774456
1.3919869578168715	0.0005311033299445552
1.395993478908436	0.0006449963123597189
1.4	0.0007768857656218954
