0.0006999999999999628	-0.0001786516875581505
0.001403500000000035	-0.0001786446034390365
0.0021105174999999296	-0.0001786442891194816
0.0028210700874998964	-0.00017864405337810938
0.003535175437937438	-0.00017864381737340716
0.004252851315127062	-0.00017864358009957515
0.004974115571702636	-0.00017864334153398746
0.005698986149561044	-0.00017864310166766374
0.006427481080308875	-0.000178642860492294
0.007159618485710418	-0.00017864261799955058
0.007895416578138905	-0.00017864237418143076
0.008634893661029494	-0.00017864212902984498
0.00937806812933463	-0.00017864188253691933
0.010124958469981361	-0.00017864163469471947
0.010875583262331262	-0.00017864138549536908
0.01162996117864295	-0.00017864113493111375
0.012388110984536127	-0.00017864088299400014
0.013150051539458866	-0.0001786406296762909
0.013915801797156208	-0.0001786403749701229
0.014685380806142003	-0.00017864011886771242
0.015458807710172712	-0.00017863986136118902
0.01623610174872358	-0.00017863960244271927
0.017017282257467212	-0.0001786393421043861
0.017802368668754516	-0.00017863908033837844
0.01859138051209827	-0.000178638817136752
0.019384337414658823	-0.000178638552491658
0.020181259101732015	-0.0001786382863950899
0.020982165397240727	-0.00017863801883910042
0.02178707622422691	-0.0001786377498157769
0.02259601160534814	-0.00017863747931700622
0.02340899166337483	-0.00017863720733481372
0.024226036621691812	-0.00017863693386112588
0.02504716680480027	-0.0001786366588879128
0.025872402638824326	-0.00017863638240698482
0.02670176465201842	-0.00017863610441025738
0.02753527347527842	-0.00017863582488954378
0.028372949842654864	-0.00017863554383666072
0.0292148145918682	-0.0001786352612433098
0.03006088866482743	-0.00017863497710135474
0.03091119310815165	-0.00017863469140245644
0.0317657490736924	-0.00017863440413830444
0.03262457781906081	-0.00017863411530056602
0.03348770070815601	-0.0001786338248808195
0.034355139211696875	-0.0001786335328707975
0.035226914907755424	-0.00017863323926195528
0.03610304948229413	-0.00017863294404586648
0.03698356472970569	-0.00017863264721406207
0.03786848255335419	-0.00017863234875799695
0.038757824966120964	-0.00017863204866913157
0.03965161409095162	-0.00017863174693887493
0.04054987216140643	-0.00017863144355863064
0.04145262152221345	-0.00017863113851975782
0.04235988462982453	-0.0001786308318135376
0.04327168405297366	-0.00017863052343139774
0.0441880424732386	-0.00017863021336448495
0.04510898268560485	-0.00017862990160405398
0.046034527599032954	-0.00017862958814137252
0.04696470023702812	-0.00017862927296762068
0.04789952373821329	-0.00017862895607387367
0.048839021356904266	-0.0001786286374513314
0.04978321646368884	-0.00017862831709106232
0.05073213254600732	-0.0001786279949840127
0.05168579320873729	-0.0001786276711214454
0.052644222174780875	-0.0001786273454941084
0.05360744328565471	-0.00017862701809320054
0.054575480502083065	-0.00017862668890949283
0.05554835790459365	-0.00017862635793402653
0.05652609969411678	-0.00017862602515756465
0.05750873019258755	-0.00017862569057106433
0.05849627384355038	-0.00017862535416525286
0.05948875521276831	-0.0001786250159310299
0.060486198988831924	-0.0001786246758591067
0.061488629983776036	-0.00017862433394023669
0.062496073133695054	-0.00017862399016511517
0.06350855349936363	-0.0001786236445244509
0.06452609626686023	-0.00017862329700889026
0.06554872674819473	-0.0001786229476090317
0.0665764703819355	-0.0001786225963154724
0.06760935273384511	-0.00017862224311885537
0.06864739949751451	-0.00017862188800969029
0.06969063649500218	-0.00017862153097838047
0.07073908967747725	-0.0001786211720155501
0.07179278512586448	-0.00017862081111161832
0.07285174905149387	-0.00017862044825696764
0.07391600779675113	-0.0001786200834420813
0.07498558783573481	-0.00017861971665729138
0.07606051577491364	-0.00017861934789294582
0.07714081835378801	-0.00017861897713948452
0.0782265224455569	-0.0001786186043869775
0.07931765505778446	-0.0001786182296258575
0.08041424333307354	-0.00017861785284637745
0.08151631454973869	-0.00017861747403866214
0.08262389612248718	-0.00017861709319295235
0.08373701560309972	-0.00017861671029942647
0.08485570068111534	-0.00017861632534824597
0.08597997918452092	-0.0001786159383294605
0.08710987908044335	-0.0001786155492332074
0.08824542847584554	-0.0001786151580495358
0.08938665561822474	-0.00017861476476844826
0.0905335888963159	-0.0001786143693800474
0.09168625684079766	-0.0001786139718742642
0.09284468812500156	-0.0001786135722410569
0.09400891156562662	-0.00017861317047036503
0.09517895612345495	-0.00017861276655214197
0.09635485090407213	-0.00017861236047623928
0.09753662515859228	-0.00017861195223252502
0.09872430828438533	-0.00017861154181085577
0.09991792982580742	-0.00017861112920103706
0.10111751947493633	-0.0001786107143928729
0.10232310707231096	-0.00017861029737611367
0.10353472260767245	-0.00017860987814054364
0.1047523962207106	-0.00017860945667584624
0.1059761582018141	-0.0001786090329717583
0.10720603899282295	-0.00017860860701786072
0.10844206918778705	-0.00017860817880389784
0.10968427953372589	-0.0001786077483194387
0.11093270093139453	-0.00017860731555414426
0.11218736443605157	-0.0001786068804975429
0.11344830125823162	-0.00017860644313919772
0.11471554276452282	-0.0001786060034686922
0.11598912047834534	-0.00017860556147546468
0.11726906608073716	-0.0001786051171489944
0.11855541141114084	-0.00017860467047884653
0.11984818846819666	-0.0001786042214543632
0.12114742941053756	-0.00017860377006499235
0.12245316655759021	-0.00017860331630014173
0.12376543239037813	-0.00017860286014914989
0.12508425955233007	-0.00017860240160136456
0.12640968085009188	-0.00017860194064613742
0.12774172925434224	-0.00017860147727276633
0.12908043790061416	-0.00017860101147051016
0.13042584009011704	-0.0001786005432286162
0.13177796929056776	-0.00017860007253631667
0.1331368591370207	-0.00017859959938283835
0.13450254343270562	-0.00017859912375733222
0.13587505614986897	-0.00017859864564897244
0.1372544314306183	-0.00017859816504688423
0.13864070358777136	-0.0001785976819401445
0.14003390710571012	-0.0001785971963178772
0.14143407664123844	-0.0001785967081691616
0.14284124702444484	-0.00017859621748300897
0.14425545325956707	-0.0001785957242484505
0.1456767305258648	-0.00017859522845440148
0.14710511417849395	-0.0001785947300898281
0.14854063974938644	-0.00017859422914377824
0.14998334294813345	-0.0001785937256050132
0.1514332596628742	-0.00017859321946253303
0.15289042596118857	-0.00017859271070511443
0.15435487809099444	-0.0001785921993216129
0.15582665248144925	-0.00017859168530080064
0.15730578574385642	-0.00017859116863147204
0.1587923146725756	-0.00017859064930246662
0.1602862762459386	-0.0001785901273022971
0.1617877076271685	-0.0001785896026197875
0.16329664616530448	-0.00017858907524355224
0.16481312939613094	-0.00017858854516223684
0.16633719504311156	-0.00017858801236443427
0.16786888101832692	-0.00017858747683872277
0.16940822542341866	-0.0001785869385736087
0.17095526655053575	-0.0001785863975576218
0.17251004288328856	-0.00017858585377917224
0.1740725930977048	-0.00017858530722676032
0.1756429560631934	-0.0001785847578887886
0.17722117084350925	-0.00017858420575361363
0.17880727669772659	-0.00017858365080957624
0.18040131308121543	-0.0001785830930448935
0.18200331964662148	-0.00017858253244793735
0.18361333624485465	-0.0001785819690068863
0.18523140292607912	-0.00017858140270990354
0.18685755994070938	-0.00017858083354515476
0.18849184774041308	-0.00017858026150079076
0.19013430697911532	-0.00017857968656479192
0.19178497851401088	-0.0001785791087252145
0.19344390340658082	-0.0001785785279700562
0.19511112292361377	-0.0001785779442872209
0.1967866785382319	-0.00017857735766469245
0.19847061193092289	-0.0001785767680901793
0.2001629649905775	-0.00017857617555155816
0.20186377981553055	-0.00017857558003652897
0.20357309871460819	-0.0001785749815329215
0.2052909642081813	-0.00017857438002825935
0.207017419029222	-0.00017857377551017164
0.20875250612436788	-0.00017857316796621818
0.21049626865498966	-0.0001785725573838781
0.21224874999826462	-0.00017857194375061944
0.21400999374825602	-0.00017857132705375952
0.2157800437169973	-0.00017857070728068022
0.21755894393558234	-0.00017857008441862557
0.21934673865526005	-0.0001785694584547579
0.2211434723485364	-0.00017856882937626871
0.22294918971027902	-0.0001785681971702327
0.22476393565883038	-0.00017856756182358697
0.22658775533712455	-0.00017856692332337708
0.22842069411381005	-0.0001785662816563657
0.23026279758437915	-0.00017856563680945128
0.23211411157230094	-0.00017856498876925254
0.23397468213016254	-0.00017856433752250998
0.23584455554081346	-0.0001785636830557373
0.23772377831851751	-0.00017856302535545815
0.23961239721011024	-0.0001785623644080801
0.24151045919616082	-0.00017856170019994223
0.24341801149214168	-0.00017856103271732328
0.24533510154960245	-0.0001785603619463065
0.24726177705735047	-0.00017855968787303583
0.2491980859426373	-0.00017855901048344328
0.25114407637235053	-0.00017855832976349008
0.2530997967542124	-0.00017855764569885393
0.2550652957379834	-0.00017855695827539812
0.2570406222166734	-0.00017855626747851193
0.25902582532775686	-0.00017855557329387204
0.26102095445439577	-0.00017855487570673405
0.2630260592266676	-0.00017855417470242553
0.26504118952280104	-0.00017855347026612747
0.26706639547041516	-0.00017855276238291166
0.26910172744776706	-0.00017855205103773546
0.27114723608500574	-0.00017855133621532537
0.2732029722654309	-0.00017855061790043544
0.2752689871267581	-0.00017854989607770752
0.2773453320623917	-0.0001785491707315
0.2794320587227036	-0.0001785484418462005
0.281529219016317	-0.00017854770940601278
0.2836368651113984	-0.0001785469733948925
0.28575504943695557	-0.00017854623379682822
0.28788382468414025	-0.00017854549059561625
0.2900232438075611	-0.00017854474377484078
0.29217336002659877	-0.0001785439933180535
0.29433422682673194	-0.00017854323920849066
0.29650589796086546	-0.00017854248142940376
0.29868842745066976	-0.00017854171996375647
0.30088186958792296	-0.00017854095479438874
0.30308627893586265	-0.0001785401859041473
0.305301710330542	-0.00017853941327545313
0.3075282188821948	-0.00017853863689063334
0.30976585997660583	-0.00017853785673184022
0.31201468927648873	-0.00017853707278121315
0.31427476272287097	-0.0001785362850204172
0.3165461365364855	-0.00017853549343125108
0.318828867219168	-0.00017853469799497854
0.3211230115552639	-0.0001785338986929857
0.32342862661304006	-0.00017853309550628217
0.3257457697461053	-0.00017853228841561064
0.32807449859483556	-0.00017853147740181432
0.33041487108780954	-0.0001785306624451949
0.3327669454432486	-0.00017852984352602274
0.33513078017046477	-0.0001785290206242485
0.33750643407131686	-0.0001785281937197129
0.33989396624167323	-0.00017852736279195966
0.3422934360728816	-0.00017852652782031602
0.34470490325324576	-0.0001785256887838023
0.3471284277695118	-0.00017852484566137995
0.34956406990835936	-0.00017852399843160707
0.3520118902579012	-0.00017852314707288754
0.3544719497091907	-0.00017852229156328203
0.35694430945773664	-0.00017852143188071333
0.3594290310050252	-0.00017852056800273498
0.36192617616005013	-0.00017851969990665347
0.3644358070408504	-0.00017851882756957828
0.36695798607605457	-0.00017851795096834053
0.36949277600643504	-0.00017851707007940888
0.37204023988646695	-0.00017851618487903513
0.374600441085899	-0.00017851529534312538
0.3771734432913285	-0.00017851440144734586
0.379759310507785	-0.0001785135031671487
0.3823581070603237	-0.00017851260047747498
0.3849698975956254	-0.0001785116933531773
0.3875947470836033	-0.00017851078176861346
0.39023272081902133	-0.00017850986569805768
0.3928838844231162	-0.00017850894511516638
0.39554830384523165	-0.00017850801999353674
0.3982260453644579	-0.00017850709030629549
0.4009171755912802	-0.0001785061560262864
0.4036217614692367	-0.00017850521712597142
0.4063398702765827	-0.00017850427357758068
0.40907156962796565	-0.00017850332535293136
0.41181692747610543	-0.0001785023724234867
0.41457601211348605	-0.00017850141476033013
0.4173488921740533	-0.00017850045233426653
0.4201356366349237	-0.00017849948511562485
0.42293631481809807	-0.00017849851307451985
0.4257509963921885	-0.00017849753618053284
0.42857975137414944	-0.00017849655440300245
0.4314226501310203	-0.00017849556771080966
0.43427976338167545	-0.0001784945760724957
0.43715116219858396	-0.00017849357945619543
0.440036918009577	-0.0001784925778297222
0.44293710259962477	-0.00017849157116030573
0.4458517881126228	-0.00017849055941505883
0.4487810470531859	-0.00017848954256043426
0.45172495228845155	-0.0001784885205626031
0.45468357704989376	-0.00017848749338737952
0.45765699493514306	-0.00017848646100005519
0.46064527990981863	-0.00017848542336555722
0.4636485063093676	-0.00017848438044837056
0.4666667488409145	-0.00017848333221262035
0.4697000825851191	-0.00017848227862196585
0.4727485829980444	-0.0001784812196396434
0.4758123259130346	-0.00017848015522842068
0.47889138754259974	-0.0001784790853507108
0.4819858444803126	-0.00017847800996844372
0.4850957737027142	-0.00017847692904314632
0.48822125257122767	-0.00017847584253579475
0.49136235883408375	-0.00017847475040703499
0.49451917062825407	-0.00017847365261722712
0.49769176648139524	-0.00017847254912585806
0.5008802253138022	-0.00017847143989226626
0.5040846264403713	-0.0001784703248753377
0.5073050495725733	-0.00017846920403337472
0.510541574820436	-0.00017846807732438402
0.5137942826945383	-0.00017846694470572
0.5170632541080108	-0.00017846580613442735
0.520348570378551	-0.00017846466156707142
0.5236503132304436	-0.00017846351095960513
0.5269685647965956	-0.0001784623542677033
0.5303034076205784	-0.0001784611914465196
0.5336549246586811	-0.00017846002245066532
0.5370231992819746	-0.00017845884723428223
0.5404083152783844	-0.00017845766575109886
0.5438103568547764	-0.00017845647795435962
0.5472294086390501	-0.00017845528379657904
0.5506655556822453	-0.0001784540832302459
0.5541188834606565	-0.00017845287620695774
0.5575894778779599	-0.00017845166267793373
0.5610774252673494	-0.00017845044259380153
0.564582812393686	-0.0001784492159049379
0.5681057264556543	-0.00017844798256084235
0.5716462550879327	-0.00017844674251065793
0.5752044863633723	-0.00017844549570297823
0.578780508795189	-0.0001784442420858381
0.5823744113391649	-0.0001784429816066931
0.5859862833958606	-0.00017844171421241837
0.5896162148128399	-0.00017844043984920516
0.5932642958869042	-0.00017843915846276853
0.5969306173663387	-0.00017843786999810796
0.6006152704531702	-0.00017843657439960044
0.6043183468054361	-0.0001784352716108331
0.6080399385394633	-0.00017843396157500626
0.6117801382321605	-0.00017843264423407176
0.615539038923321	-0.00017843131952974365
0.6193167341179376	-0.0001784299874024659
0.6231133177885273	-0.00017842864779235695
0.6269288843774701	-0.00017842730063804678
0.6307635287993573	-0.00017842594587788238
0.6346173464433539	-0.00017842458344870178
0.6384904331755705	-0.00017842321328652162
0.6423828853414483	-0.0001784218353264155
0.6462947997681555	-0.00017842044950192656
0.6502262737669962	-0.00017841905574584625
0.6541774051358311	-0.00017841765398914452
0.6581482921615099	-0.00017841624416178436
0.6621390336223173	-0.00017841482619218192
0.6661497287904288	-0.00017841340000698217
0.6701804774343807	-0.00017841196553131078
0.6742313798215525	-0.00017841052268830588
0.6783025367206603	-0.00017840907139943073
0.6823940494042636	-0.00017840761158381238
0.6865060196512851	-0.00017840614315847069
0.6906385497495416	-0.00017840466603806057
0.6947917424982893	-0.00017840318013458983
0.6989657012107808	-0.00017840168535723834
0.7031605297168348	-0.00017840018161242982
0.7073763323654189	-0.00017839866880342025
0.7116132140272461	-0.0001783971468297861
0.715871280097382	-0.00017839561558778957
0.7201506364978687	-0.00017839407496947032
0.7244513896803577	-0.0001783925248626076
0.7287736466287593	-0.0001783909651507291
0.733117514861903	-0.00017838939571218306
0.7374831024362126	-0.0001783878164202248
0.7418705179483935	-0.00017838622714233608
0.7462798705381356	-0.00017838462774002423
0.7507112698908263	-0.00017838301806818248
0.7551648262402804	-0.00017838139797464602
0.759640650371482	-0.00017837976729984453
0.7641388536233394	-0.0001783781258757755
0.7686595478914561	-0.00017837647352600454
0.7732028456309133	-0.00017837481006458138
0.7777688598590677	-0.0001783731352952156
0.7823577041583629	-0.00017837144901096486
0.7869694926791548	-0.00017836975099301292
0.7916043401425507	-0.00017836804100996396
0.7962623618432633	-0.00017836631881676865
0.8009436736524796	-0.00017836458415374082
0.805648392020742	-0.00017836283674533898
0.8103766339808457	-0.00017836107629878428
0.81512851715075	-0.00017835930250320454
0.8199041597365035	-0.00017835751502768887
0.8247036805351862	-0.00017835571351968108
0.8295271989378621	-0.000178353897603686
0.8343748349325514	-0.0001783520668787666
0.8392467091072142	-0.00017835022091663438
0.8441429426527504	-0.00017834835926000658
0.849063657366014	-0.00017834648141889205
0.8540089756528442	-0.00017834458686885756
0.8589790205311084	-0.00017834267504706326
0.863973915633764	-0.00017834074535012667
0.8689739156337638	-0.00017833880161723678
0.8739739156337636	-0.00017833684767449824
0.8789739156337634	-0.0001783348838166379
0.8839739156337632	-0.00017833290946209094
0.8889739156337629	-0.0001783309239857648
0.8939739156337627	-0.00017832892671745156
0.8989739156337626	-0.00017832691693823552
0.9039739156337624	-0.0001783248938755074
0.9089739156337622	-0.00017832285669879406
0.913973915633762	-0.00017832080451397203
0.9189739156337617	-0.00017831873635690618
0.9239739156337615	-0.00017831665118642537
0.9289739156337613	-0.0001783145478770889
0.9339739156337611	-0.00017831242520941463
0.938973915633761	-0.00017831028186014822
0.9439739156337608	-0.00017830811639057756
0.9489739156337605	-0.00017830592723318942
0.9539739156337603	-0.0001783037126764689
0.9589739156337601	-0.00017830147084725126
0.9639739156337599	-0.0001782991996907107
0.9689739156337597	-0.0001782968969465511
0.9739739156337595	-0.0001782945601225423
0.9789739156337594	-0.00017829218646256152
0.9839739156337591	-0.00017828977291015047
0.9889739156337589	-0.0001782873160657755
0.9939739156337587	-0.00017828481213647405
0.9989739156337585	-0.0001782822568781611
1.0039739156337584	-0.00017827964552561375
1.008973915633758	-0.00017827697271288702
1.013973915633758	-0.00017827423237678553
1.0189739156337576	-0.00017827141764527703
1.0239739156337575	-0.00017826852070401081
1.0289739156337572	-0.00017826553263908533
1.033973915633757	-0.0001782624432496892
1.038973915633757	-0.000178259240827638
1.0439739156337566	-0.00017825591189229886
1.0489739156337565	-0.00017825244087890316
1.0539739156337562	-0.00017824880976304957
1.058973915633756	-0.0001782449976166075
1.0639739156337558	-0.00017824098007555357
1.0689739156337557	-0.00017823672870474663
1.0739739156337553	-0.00017823221023826382
1.0789739156337552	-0.00017822738567173824
1.0839739156337551	-0.000178222209173753
1.0889739156337548	-0.00017821662678325835
1.0939739156337547	-0.00017821057484845786
1.0989739156337544	-0.0001782039781538443
1.1039739156337542	-0.00017819674767373793
1.108973915633754	-0.00017818877787784097
1.1139739156337538	-0.000178179943494576
1.1189739156337537	-0.00017817009562594118
1.1239739156337534	-0.00017815905708140522
1.1289739156337533	-0.0001781466167724239
1.133973915633753	-0.00017813252297809888
1.1389739156337528	-0.00017811647525323079
1.1439739156337525	-0.00017809811470614984
1.1489739156337524	-0.00017807701231458304
1.153973915633752	-0.00017805265488706618
1.158973915633752	-0.0001780244281909782
1.1639739156337519	-0.00017799159668203322
1.1689739156337515	-0.00017795327914437744
1.1739739156337514	-0.0001779084194225216
1.178973915633751	-0.00017785575125282382
1.183973915633751	-0.0001777937560042219
1.1889739156337507	-0.00017772061189378266
1.1939739156337505	-0.00017763413294967224
1.1989739156337504	-0.0001775316956303989
1.2039739156337501	-0.00017741015058210982
1.20897391563375	-0.00017726571647151232
1.2139739156337497	-0.0001770938521934254
1.2189739156337496	-0.00017688910295331553
1.2239739156337492	-0.00017664491475134712
1.2289739156337491	-0.00017635341062817182
1.2339739156337488	-0.00017600512058414856
1.2389739156337487	-0.00017558865534956779
1.2439739156337486	-0.00017509031208964761
1.2489739156337483	-0.0001744935975851115
1.2539739156337482	-0.00017377865139778215
1.2589739156337478	-0.00017292154787167355
1.2639739156337477	-0.00017189345144551582
1.2689739156337474	-0.0001706595944788819
1.2739739156337473	-0.00016917804047799468
1.2789739156337472	-0.00016739818799414423
1.2839739156337469	-0.000165258961318234
1.2889739156337467	-0.00016268662311022747
1.2939739156337464	-0.00015959213093567383
1.2989739156337463	-0.00015586794397172868
1.303973915633746	-0.00015138416748648162
1.3089739156337459	-0.00014598390062493065
1.3139739156337455	-0.00013947762716029727
1.3189739156337454	-0.0001316364586774764
1.3239739156337453	-0.00012218400478739098
1.328973915633745	-0.00011078660517225863
1.333973915633745	-9.704161341835547e-5
1.3389739156337446	-8.046337311989202e-5
1.3439739156337445	-6.046647354880682e-5
1.3489739156337441	-3.634581722206352e-5
1.353973915633744	-7.252978236325776e-6
1.358973915633744	2.7831716410062806e-5
1.3639739156337436	7.013198218425294e-5
1.3689739156337435	0.00012111385417052041
1.3739739156337432	0.00018253001377520082
1.378973915633743	0.00025647063046770573
1.3839739156337427	0.0003454209880521375
1.3879804367253072	0.00042967318288514143
1.3919869578168715	0.0005270362950330812
1.395993478908436	0.0006396741893719733
1.4	0.0007698573932363993
