0.0006999999999999628	-0.0001609831768378338
0.001403500000000035	-0.00016097375138536944
0.0021105174999999296	-0.0001609734332448797
0.0028210700874998964	-0.00016097324388169833
0.003535175437937438	-0.00016097305522867422
0.004252851315127062	-0.0001609728654590196
0.004974115571702636	-0.00016097267453555852
0.005698986149561044	-0.00016097248244680034
0.006427481080308875	-0.00016097228918205217
0.007159618485710418	-0.00016097209473083237
0.007895416578138905	-0.00016097189908278168
0.008634893661029494	-0.00016097170222767907
0.00937806812933463	-0.00016097150415531495
0.010124958469981361	-0.0001609713048555307
0.010875583262331262	-0.00016097110431813043
0.01162996117864295	-0.00016097090253298894
0.012388110984536127	-0.00016097069948986235
0.013150051539458866	-0.00016097049517854265
0.013915801797156208	-0.00016097028958874832
0.014685380806142003	-0.00016097008271020435
0.015458807710172712	-0.0001609698745324587
0.01623610174872358	-0.00016096966504510737
0.017017282257467212	-0.00016096945423766862
0.017802368668754516	-0.00016096924209951013
0.01859138051209827	-0.00016096902862001723
0.019384337414658823	-0.00016096881378843363
0.020181259101732015	-0.00016096859759392565
0.020982165397240727	-0.00016096838002560424
0.02178707622422691	-0.0001609681610724758
0.02259601160534814	-0.00016096794072342603
0.02340899166337483	-0.00016096771896727502
0.024226036621691812	-0.00016096749579272256
0.02504716680480027	-0.00016096727118838255
0.025872402638824326	-0.00016096704514278201
0.02670176465201842	-0.00016096681764430045
0.02753527347527842	-0.00016096658868123992
0.028372949842654864	-0.00016096635824175447
0.0292148145918682	-0.00016096612631394852
0.03006088866482743	-0.00016096589288575302
0.03091119310815165	-0.00016096565794500097
0.0317657490736924	-0.000160965421479436
0.03262457781906081	-0.0001609651834766324
0.03348770070815601	-0.00016096494392405487
0.034355139211696875	-0.00016096470280907096
0.035226914907755424	-0.00016096446011891008
0.03610304948229413	-0.0001609642158406441
0.03698356472970569	-0.0001609639699612364
0.03786848255335419	-0.00016096372246751214
0.038757824966120964	-0.00016096347334618527
0.03965161409095162	-0.00016096322258378503
0.04054987216140643	-0.00016096297016675459
0.04145262152221345	-0.0001609627160813564
0.04235988462982453	-0.00016096246031371201
0.04327168405297366	-0.00016096220284983947
0.0441880424732386	-0.00016096194367553896
0.04510898268560485	-0.00016096168277654658
0.046034527599032954	-0.0001609614201383638
0.04696470023702812	-0.0001609611557464164
0.04789952373821329	-0.0001609608895858614
0.048839021356904266	-0.00016096062164186115
0.04978321646368884	-0.00016096035189923003
0.05073213254600732	-0.00016096008034278806
0.05168579320873729	-0.00016095980695708342
0.052644222174780875	-0.00016095953172652356
0.05360744328565471	-0.00016095925463536218
0.054575480502083065	-0.00016095897566765322
0.055548357904593434	-0.00016095869480732807
0.056526099694116344	-0.0001609584120380743
0.0575087301925869	-0.00016095812734344284
0.05849627384354973	-0.00016095784070676382
0.05948875521276744	-0.0001609575521112033
0.06048619898883127	-0.00016095726153977132
0.061488629983775384	-0.0001609569689752451
0.06249607313369419	-0.00016095667440017115
0.06350855349936275	-0.0001609563777970386
0.06452609626685958	-0.00016095607914794598
0.06554872674819387	-0.00016095577843496458
0.06657647038193484	-0.00016095547563981395
0.06760935273384447	-0.00016095517074413252
0.06864739949751365	-0.00016095486372923727
0.0696906364950013	-0.00016095455457633252
0.07073908967747639	-0.00016095424326631602
0.07179278512586384	-0.00016095392977991287
0.07285174905149322	-0.00016095361409760938
0.0739160077967507	-0.00016095329619963985
0.07498558783573436	-0.00016095297606607992
0.07606051577491299	-0.0001609526536766662
0.07714081835378758	-0.00016095232901100858
0.07822652244555647	-0.0001609520020483701
0.07931765505778425	-0.00016095167276782954
0.0804142433330731	-0.0001609513411482163
0.08151631454973848	-0.00016095100716807267
0.08262389612248718	-0.0001609506708057061
0.0837370156030995	-0.00016095033203915822
0.0848557006811149	-0.00016094999084618328
0.0859799791845205	-0.00016094964720432062
0.08710987908044313	-0.00016094930109077237
0.08824542847584534	-0.00016094895248251702
0.08938665561822454	-0.00016094860135617891
0.09053358889631567	-0.00016094824768818084
0.09168625684079722	-0.00016094789145460552
0.09284468812500112	-0.0001609475326312109
0.09400891156562617	-0.00016094717119355146
0.0951789561234543	-0.00016094680711674952
0.09635485090407148	-0.0001609464403757077
0.09753662515859184	-0.00016094607094498673
0.0987243082843847	-0.00016094569879880068
0.09991792982580656	-0.0001609453239110843
0.10111751947493569	-0.00016094494625541031
0.10232310707231031	-0.00016094456580501498
0.1035347226076718	-0.00016094418253280603
0.10475239622071016	-0.00016094379641131857
0.10597615820181366	-0.0001609434074127805
0.10720603899282274	-0.00016094301550899812
0.10844206918778684	-0.00016094262067147205
0.10968427953372567	-0.00016094222287126107
0.1109327009313943	-0.00016094182207911767
0.11218736443605135	-0.00016094141826539457
0.11344830125823162	-0.0001609410113999871
0.11471554276452282	-0.00016094060145250625
0.11598912047834534	-0.00016094018839206422
0.11726906608073695	-0.00016093977218740896
0.11855541141114062	-0.0001609393528068654
0.11984818846819621	-0.0001609389302183001
0.12114742941053713	-0.00016093850438917627
0.12245316655758978	-0.0001609380752865584
0.1237654323903777	-0.0001609376428769793
0.12508425955232963	-0.0001609372071265733
0.12640968085009122	-0.00016093676800098914
0.1277417292543416	-0.00016093632546543664
0.1290804379006133	-0.00016093587948460558
0.13042584009011637	-0.00016093543002272686
0.1317779692905669	-0.00016093497704349632
0.13313685913701961	-0.00016093452051018663
0.13450254343270476	-0.00016093406038544326
0.13587505614986833	-0.00016093359663150577
0.13725443143061763	-0.0001609331292100101
0.13864070358777073	-0.00016093265808202645
0.14003390710570945	-0.0001609321832081526
0.14143407664123803	-0.00016093170454839045
0.1428412470244442	-0.00016093122206216508
0.1442554532595664	-0.00016093073570829107
0.14567673052586416	-0.00016093024544506552
0.1471051141784935	-0.0001609297512301251
0.14854063974938603	-0.0001609292530204745
0.149983342948133	-0.0001609287507725641
0.15143325966287374	-0.00016092824444215197
0.15289042596118813	-0.00016092773398434688
0.15435487809099402	-0.0001609272193536489
0.15582665248144906	-0.00016092670050380937
0.1573057857438562	-0.00016092617738796584
0.15879231467257537	-0.00016092564995849774
0.16028627624593816	-0.00016092511816711362
0.16178770762716785	-0.00016092458196478293
0.16329664616530362	-0.00016092404130174816
0.16481312939613008	-0.00016092349612744898
0.1663371950431107	-0.000160922946390636
0.16786888101832628	-0.0001609223920392013
0.1694082254234178	-0.00016092183302030114
0.1709552665505349	-0.00016092126928021614
0.17251004288328747	-0.00016092070076447235
0.17407259309770393	-0.0001609201274176856
0.17564295606319252	-0.00016091954918361954
0.17722117084350858	-0.00016091896600521933
0.17880727669772617	-0.00016091837782446238
0.18040131308121476	-0.0001609177845824152
0.18200331964662084	-0.00016091718621926305
0.18361333624485401	-0.00016091658267422345
0.18523140292607826	-0.00016091597388552797
0.18685755994070874	-0.0001609153597903845
0.1884918477404122	-0.00016091474032509012
0.19013430697911424	-0.00016091411542480246
0.1917849785140098	-0.00016091348502370061
0.19344390340657974	-0.00016091284905487275
0.19511112292361268	-0.00016091220745029436
0.1967866785382308	-0.00016091156014083472
0.19847061193092203	-0.00016091090705625837
0.20016296499057665	-0.0001609102481251016
0.20186377981552947	-0.0001609095832747264
0.2035730987146071	-0.00016090891243133147
0.20529096420818022	-0.00016090823551985104
0.20701741902922113	-0.00016090755246391043
0.20875250612436722	-0.00016090686318588843
0.210496268654989	-0.0001609061676068245
0.21224874999826396	-0.0001609054656464432
0.21400999374825516	-0.00016090475722306378
0.21578004371699644	-0.0001609040422535557
0.21755894393558148	-0.00016090332065344184
0.2193467386552594	-0.00016090259233671165
0.22114347234853576	-0.00016090185721592422
0.22294918971027836	-0.00016090111520196263
0.2247639356588297	-0.00016090036620427638
0.2265877553371239	-0.0001608996101306957
0.2284206941138094	-0.0001608988468873472
0.23026279758437848	-0.00016089807637870333
0.23211411157230027	-0.00016089729850761225
0.23397468213016168	-0.0001608965131750239
0.23584455554081238	-0.00016089572028022325
0.23772377831851643	-0.00016089491972056535
0.23961239721010893	-0.00016089411139161102
0.24151045919615952	-0.00016089329518697334
0.24341801149214037	-0.00016089247099828217
0.24533510154960114	-0.00016089163871520288
0.24726177705734917	-0.0001608907982253286
0.24919808594263576	-0.00016088994941411132
0.251144076372349	-0.00016088909216490697
0.2530997967542107	-0.00016088822635888968
0.2550652957379817	-0.00016088735187491838
0.2570406222166717	-0.00016088646858955323
0.2590258253277551	-0.00016088557637702536
0.26102095445439405	-0.0001608846751091474
0.2630260592266659	-0.00016088376465522207
0.2650411895227993	-0.00016088284488203954
0.2670663954704134	-0.00016088191565376267
0.26910172744776534	-0.0001608809768319704
0.27114723608500396	-0.00016088002827538417
0.27320297226542917	-0.00016087906984002897
0.27526898712675635	-0.00016087810137904488
0.27734533206239	-0.0001608771227426582
0.2794320587227019	-0.00016087613377799948
0.2815292190163153	-0.00016087513432921127
0.2836368651113967	-0.00016087412423724097
0.28575504943695385	-0.0001608731033397379
0.28788382468413853	-0.00016087207147111462
0.29002324380755934	-0.00016087102846229227
0.29217336002659705	-0.00016086997414076806
0.29433422682673016	-0.0001608689083303666
0.29650589796086374	-0.00016086783085130594
0.29868842745066804	-0.00016086674151999847
0.30088186958792124	-0.00016086564014892267
0.3030862789358609	-0.00016086452654665947
0.30530171033054027	-0.0001608634005176486
0.307528218882193	-0.0001608622618621468
0.30976585997660405	-0.00016086111037610037
0.312014689276487	-0.00016085994585104808
0.31427476272286925	-0.00016085876807395402
0.3165461365364837	-0.00016085757682712768
0.3188288672191662	-0.0001608563718880949
0.32112301155526213	-0.00016085515302944272
0.32342862661303834	-0.00016085392001868515
0.3257457697461036	-0.00016085267261812148
0.32807449859483384	-0.00016085141058475507
0.3304148710878078	-0.00016085013367003867
0.33276694544324686	-0.00016084884161978398
0.33513078017046305	-0.00016084753417397698
0.33750643407131514	-0.00016084621106664024
0.3398939662416715	-0.00016084487202562596
0.3422934360728799	-0.0001608435167724639
0.34470490325324404	-0.00016084214502220387
0.3471284277695101	-0.00016084075648312106
0.34956406990835764	-0.00016083935085664595
0.3520118902578995	-0.000160837927837077
0.354471949709189	-0.0001608364871114432
0.3569443094577349	-0.00016083502835921438
0.3594290310050235	-0.00016083355125211813
0.3619261761600484	-0.00016083205545385176
0.3644358070408486	-0.00016083054061991482
0.36695798607605284	-0.00016082900639736726
0.36949277600643327	-0.00016082745242447516
0.37204023988646523	-0.00016082587833051335
0.3746004410858973	-0.00016082428373546205
0.3771734432913268	-0.00016082266824973699
0.3797593105077832	-0.00016082103147390916
0.3823581070603219	-0.00016081937299832817
0.38496989759562367	-0.00016081769240284
0.3875947470836016	-0.00016081598925645016
0.3902327208190196	-0.0001608142631170285
0.3928838844231145	-0.00016081251353080727
0.39554830384522993	-0.00016081074003219812
0.3982260453644561	-0.0001608089421432358
0.4009171755912785	-0.0001608071193732276
0.40362176146923495	-0.00016080527121850767
0.40633987027658097	-0.0001608033971616524
0.4090715696279639	-0.00016080149667131643
0.4118169274761037	-0.00016079956920160272
0.4145760121134843	-0.0001607976141918527
0.4173488921740515	-0.0001607956310656115
0.4201356366349219	-0.00016079361923069846
0.42293631481809635	-0.00016079157807820458
0.4257509963921868	-0.00016078950698213563
0.42857975137414767	-0.0001607874052988092
0.43142265013101855	-0.00016078527236616444
0.43427976338167373	-0.00016078310750312758
0.43715116219858224	-0.00016078091000904603
0.44003691800957523	-0.00016077867916282286
0.44293710259962304	-0.00016077641422228249
0.4458517881126211	-0.00016077411442350155
0.44878104705318417	-0.00016077177897971635
0.45172495228844983	-0.00016076940708089084
0.45468357704989204	-0.0001607669978924736
0.4576569949351413	-0.00016076455055486145
0.46064527990981685	-0.00016076206418213278
0.4636485063093658	-0.00016075953786121963
0.4666667488409128	-0.00016075697065095476
0.4697000825851173	-0.0001607543615808364
0.4727485829980427	-0.00016075170965003139
0.47581232591303285	-0.00016074901382618804
0.478891387542598	-0.000160746273044041
0.48198584448031084	-0.0001607434862045066
0.4850957737027124	-0.00016074065217292995
0.48822125257122595	-0.00016073776977799484
0.49136235883408197	-0.00016073483781002594
0.4945191706282523	-0.00016073185501968068
0.4976917664813935	-0.00016072882011617808
0.5008802253138004	-0.00016072573176559616
0.5040846264403696	-0.00016072258858924461
0.5073050495725715	-0.00016071938916175255
0.5105415748204343	-0.00016071613200905225
0.5137942826945365	-0.00016071281560649123
0.517063254108009	-0.00016070943837651942
0.5203485703785492	-0.00016070599868656959
0.5236503132304419	-0.00016070249484665547
0.5269685647965939	-0.00016069892510699115
0.5303034076205766	-0.00016069528765509422
0.5336549246586795	-0.00016069158061349532
0.5370231992819728	-0.00016068780203650637
0.5404083152783826	-0.00016068394990721737
0.5438103568547747	-0.00016068002213456595
0.5472294086390483	-0.0001606760165497
0.5506655556822436	-0.0001606719309025621
0.5541188834606549	-0.00016066776285815582
0.5575894778779582	-0.000160663509992649
0.5610774252673477	-0.00016065916978912445
0.5645828123936844	-0.0001606547396332328
0.5681057264556525	-0.00016065021680871232
0.5716462550879309	-0.00016064559849228953
0.5752044863633705	-0.00016064088174875846
0.5787805087951873	-0.0001606360635252046
0.5823744113391631	-0.000160631140645642
0.5859862833958588	-0.00016062610980456684
0.5896162148128381	-0.0001606209675606883
0.5932642958869024	-0.0001606157103299885
0.5969306173663369	-0.0001606103343785285
0.6006152704531684	-0.00016060483581467497
0.6043183468054344	-0.00016059921058097292
0.6080399385394615	-0.00016059345444547447
0.6117801382321587	-0.0001605875629925272
0.6155390389233192	-0.00016058153161287582
0.6193167341179359	-0.00016057535549341597
0.6231133177885255	-0.00016056902960583506
0.6269288843774683	-0.0001605625486950759
0.6307635287993556	-0.0001605559072664375
0.6346173464433522	-0.00016054909957229996
0.6384904331755688	-0.0001605421195976467
0.6423828853414466	-0.00016053496104481636
0.6462947997681537	-0.00016052761731685097
0.6502262737669944	-0.00016052008150014793
0.6541774051358293	-0.00016051234634542895
0.6581482921615082	-0.00016050440424756818
0.6621390336223156	-0.00016049624722381078
0.6661497287904271	-0.00016048786689052227
0.6701804774343789	-0.0001604792544380028
0.6742313798215507	-0.00016047040060330212
0.6783025367206585	-0.00016046129564110454
0.682394049404262	-0.00016045192929235855
0.6865060196512833	-0.00016044229074983302
0.6906385497495399	-0.00016043236862141587
0.6947917424982876	-0.00016042215088998742
0.6989657012107791	-0.00016041162486990298
0.7031605297168331	-0.00016040077715971616
0.7073763323654171	-0.0001603895935906968
0.7116132140272443	-0.00016037805917053322
0.7158712800973803	-0.00016036615802188727
0.7201506364978669	-0.00016035387331527577
0.724451389680356	-0.00016034118719505122
0.7287736466287575	-0.00016032808069860898
0.7331175148619014	-0.00016031453366703
0.737483102436211	-0.00016030052464672355
0.7418705179483918	-0.00016028603078072244
0.7462798705381338	-0.00016027102768832502
0.7507112698908246	-0.000160255489331407
0.7551648262402787	-0.00016023938786638607
0.7596406503714802	-0.00016022269347847214
0.7641388536233378	-0.00016020537419741875
0.7686595478914543	-0.00016018739569125068
0.7732028456309116	-0.00016016872103497646
0.777768859859066	-0.00016014931045130814
0.7823577041583611	-0.00016012912101864867
0.7869694926791531	-0.00016010810634254453
0.7916043401425489	-0.00016008621618425952
0.7962623618432616	-0.00016006339604127324
0.8009436736524779	-0.0001600395866720748
0.8056483920207402	-0.00016001472355696517
0.8103766339808439	-0.00015998873628572563
0.8151285171507483	-0.00015996154786103412
0.8199041597365018	-0.00015993307390538446
0.8247036805351844	-0.0001599032217560204
0.8295271989378604	-0.00015987188943311355
0.8343748349325497	-0.00015983896445963822
0.8392467091072124	-0.00015980432251290157
0.8441429426527486	-0.00015976782588073246
0.8490636573660123	-0.00015972932169466315
0.8540089756528424	-0.00015968863990443335
0.8589790205311068	-0.00015964559095734535
0.8639739156337622	-0.00015959996313637996
0.868973915633762	-0.00015955171627602197
0.8739739156337618	-0.00015950067480729893
0.8789739156337616	-0.00015944659317371776
0.8839739156337615	-0.00015938919830697565
0.8889739156337613	-0.00015932818638792737
0.893973915633761	-0.00015926321911358444
0.8989739156337608	-0.00015919391951380558
0.9039739156337606	-0.00015911986726621906
0.9089739156337604	-0.00015904059344896558
0.9139739156337602	-0.00015895557466527566
0.91897391563376	-0.00015886422646467122
0.9239739156337599	-0.00015876589597617783
0.9289739156337596	-0.00015865985365868428
0.9339739156337594	-0.00015854528406096912
0.9389739156337592	-0.0001584212754713248
0.943973915633759	-0.00015828680832020786
0.9489739156337588	-0.00015814074218261853
0.9539739156337586	-0.00015798180120721924
0.9589739156337583	-0.00015780855777859713
0.9639739156337582	-0.0001576194141905229
0.968973915633758	-0.0001574125820843578
0.9739739156337578	-0.00015718605937231443
0.9789739156337576	-0.00015693760432689954
0.9839739156337574	-0.00015666470648188134
0.9889739156337571	-0.00015636455393521802
0.9939739156337569	-0.0001560339965956186
0.9989739156337567	-0.00015566950484674648
1.0039739156337566	-0.0001552671230312104
1.0089739156337563	-0.0001548224170708493
1.0139739156337562	-0.00015433041543965395
1.0189739156337558	-0.00015378554258848324
1.0239739156337557	-0.0001531815437855901
1.0289739156337556	-0.00015251140017442949
1.0339739156337553	-0.00015176723266501638
1.0389739156337552	-0.00015094019305308382
1.0439739156337549	-0.00015002034050600274
1.0489739156337547	-0.0001489965012559376
1.0539739156337544	-0.00014785610899453188
1.0589739156337543	-0.00014658502306894462
1.0639739156337542	-0.00014516732112759923
1.0689739156337539	-0.00014358506235963512
1.0739739156337538	-0.0001418180169126605
1.0789739156337534	-0.00013984335647241678
1.0839739156337533	-0.00013763530034876704
1.088973915633753	-0.00013516471077304647
1.093973915633753	-0.0001323986304918131
1.0989739156337526	-0.00012929975520690185
1.1039739156337525	-0.00012582583301702811
1.1089739156337524	-0.000121928982869441
1.113973915633752	-0.00011755492422300446
1.118973915633752	-0.00011264211082300545
1.1239739156337516	-0.00010712076282155632
1.1289739156337515	-0.00010091179363620098
1.1339739156337512	-9.392563106451779e-5
1.138973915633751	-8.606093639619227e-5
1.143973915633751	-7.720323060397714e-5
1.1489739156337506	-6.72234430427268e-5
1.1539739156337505	-5.597640507883415e-5
1.1589739156337502	-4.329931802659305e-5
1.16397391563375	-2.9010230578954034e-5
1.1689739156337497	-1.2906564024882617e-5
1.1739739156337496	5.2362780635890274e-6
1.1789739156337493	2.5666187518186737e-5
1.1839739156337492	4.865550593864039e-5
1.187980436725312	6.912670126962871e-5
1.1919869578168745	9.159487953822459e-5
1.1959934789084372	0.000116239357621035
1.2	0.00014324850601843132
