0.0006999999999999628	-0.00017472449460680412
0.001403500000000035	-0.00017471436350226778
0.0021105174999999296	-0.0001747135653523747
0.0028210700874998964	-0.0001747128908553571
0.003535175437937438	-0.000174712214005634
0.004252851315127062	-0.00017471153302170658
0.004974115571702636	-0.00017471084784383747
0.005698986149561044	-0.0001747101584370713
0.006427481080308875	-0.00017470946476729417
0.007159618485710418	-0.00017470876680049022
0.007895416578138905	-0.00017470806450271462
0.008634893661029494	-0.00017470735783998607
0.00937806812933463	-0.00017470664677827908
0.010124958469981361	-0.0001747059312833518
0.010875583262331262	-0.00017470521132082888
0.01162996117864295	-0.00017470448685619888
0.012388110984536127	-0.0001747037578546753
0.013150051539458866	-0.000174703024281227
0.013915801797156208	-0.00017470228610061677
0.014685380806142003	-0.00017470154327731564
0.015458807710172712	-0.00017470079577556186
0.01623610174872358	-0.00017470004355925447
0.017017282257467212	-0.0001746992865920016
0.017802368668754516	-0.0001746985248371618
0.01859138051209827	-0.0001746977582577044
0.019384337414658823	-0.0001746969868163713
0.020181259101732015	-0.00017469621047546798
0.020982165397240727	-0.00017469542919704498
0.02178707622422691	-0.00017469464294281022
0.02259601160534814	-0.0001746938516740536
0.02340899166337483	-0.00017469305535180695
0.024226036621691812	-0.00017469225393663764
0.02504716680480027	-0.00017469144738885197
0.025872402638824326	-0.000174690635668274
0.02670176465201842	-0.00017468981873446733
0.02753527347527842	-0.00017468899654653186
0.028372949842654864	-0.00017468816906317163
0.0292148145918682	-0.00017468733624277126
0.03006088866482743	-0.00017468649804320226
0.03091119310815165	-0.0001746856544220399
0.0317657490736924	-0.00017468480533638068
0.03262457781906081	-0.00017468395074292655
0.03348770070815601	-0.00017468309059793475
0.034355139211696875	-0.00017468222485728894
0.035226914907755424	-0.00017468135347632123
0.03610304948229413	-0.00017468047641006935
0.03698356472970569	-0.00017467959361297625
0.03786848255335419	-0.00017467870503909936
0.038757824966120964	-0.00017467781064211665
0.03965161409095162	-0.00017467691037509008
0.04054987216140643	-0.00017467600419068395
0.04145262152221345	-0.0001746750920411107
0.04235988462982453	-0.00017467417387804186
0.04327168405297366	-0.00017467324965268348
0.0441880424732386	-0.00017467231931571185
0.04510898268560485	-0.0001746713828173526
0.046034527599032954	-0.00017467044010728133
0.04696470023702812	-0.00017466949113463894
0.04789952373821329	-0.0001746685358481018
0.048839021356904266	-0.00017466757419575506
0.04978321646368884	-0.00017466660612514476
0.05073213254600732	-0.00017466563158333366
0.05168579320873729	-0.00017466465051671875
0.052644222174780875	-0.00017466366287123187
0.05360744328565471	-0.0001746626685921886
0.054575480502083065	-0.00017466166762437042
0.055548357904593434	-0.00017466065991188264
0.056526099694116344	-0.0001746596453983542
0.0575087301925869	-0.0001746586240266851
0.05849627384354973	-0.00017465759573928946
0.05948875521276744	-0.00017465656047787698
0.06048619898883127	-0.00017465551818354906
0.061488629983775384	-0.00017465446879677681
0.06249607313369419	-0.00017465341225742393
0.06350855349936275	-0.00017465234850462053
0.06452609626685958	-0.0001746512774769129
0.06554872674819387	-0.0001746501991121216
0.06657647038193484	-0.0001746491133474239
0.06760935273384447	-0.0001746480201192543
0.06864739949751365	-0.0001746469193634043
0.0696906364950013	-0.0001746458110149246
0.07073908967747639	-0.00017464469500815279
0.07179278512586384	-0.0001746435712767065
0.07285174905149322	-0.00017464243975341923
0.0739160077967507	-0.00017464130037047424
0.07498558783573436	-0.00017464015305913453
0.07606051577491299	-0.00017463899775006317
0.07714081835378758	-0.00017463783437299897
0.07822652244555647	-0.00017463666285697
0.07931765505778425	-0.00017463548313017158
0.0804142433330731	-0.000174634295119943
0.08151631454973848	-0.0001746330987528721
0.08262389612248718	-0.00017463189395465606
0.0837370156030995	-0.00017463068065015427
0.0848557006811149	-0.00017462945876333815
0.0859799791845205	-0.00017462822821731266
0.08710987908044313	-0.00017462698893429737
0.08824542847584534	-0.00017462574083557594
0.08938665561822454	-0.0001746244838415593
0.09053358889631567	-0.00017462321787171847
0.09168625684079722	-0.00017462194284452966
0.09284468812500112	-0.0001746206586775832
0.09400891156562617	-0.0001746193652874225
0.0951789561234543	-0.00017461806258966988
0.09635485090407148	-0.00017461675049887057
0.09753662515859184	-0.00017461542892863318
0.0987243082843847	-0.00017461409779145326
0.09991792982580656	-0.00017461275699882773
0.10111751947493569	-0.00017461140646118665
0.10232310707231031	-0.00017461004608782503
0.1035347226076718	-0.00017460867578701002
0.10475239622071016	-0.0001746072954658875
0.10597615820181366	-0.00017460590503038127
0.10720603899282274	-0.00017460450438538027
0.10844206918778684	-0.00017460309343453464
0.10968427953372567	-0.00017460167208035215
0.1109327009313943	-0.00017460024022409516
0.11218736443605135	-0.00017459879776583862
0.11344830125823162	-0.00017459734460437742
0.11471554276452282	-0.0001745958806372823
0.11598912047834534	-0.00017459440576083807
0.11726906608073695	-0.00017459291986996714
0.11855541141114062	-0.00017459142285839723
0.11984818846819621	-0.00017458991461839394
0.12114742941053713	-0.00017458839504090864
0.12245316655758978	-0.0001745868640155093
0.1237654323903777	-0.0001745853214303084
0.12508425955232963	-0.00017458376717208106
0.12640968085009122	-0.00017458220112602716
0.1277417292543416	-0.00017458062317596645
0.1290804379006133	-0.0001745790332042025
0.13042584009011637	-0.0001745774310914629
0.1317779692905669	-0.00017457581671695584
0.13313685913701961	-0.00017457418995832618
0.13450254343270476	-0.00017457255069158314
0.13587505614986833	-0.00017457089879115845
0.13725443143061763	-0.00017456923412975748
0.13864070358777073	-0.00017456755657846448
0.14003390710570945	-0.00017456586600658627
0.14143407664123803	-0.00017456416228177544
0.1428412470244442	-0.00017456244526988258
0.1442554532595664	-0.00017456071483488994
0.14567673052586416	-0.00017455897083903902
0.1471051141784935	-0.00017455721314265036
0.14854063974938603	-0.00017455544160424776
0.149983342948133	-0.000174553656080277
0.15143325966287374	-0.00017455185642535823
0.15289042596118813	-0.00017455004249206546
0.15435487809099402	-0.0001745482141309821
0.15582665248144906	-0.00017454637119056177
0.1573057857438562	-0.00017454451351723053
0.15879231467257537	-0.00017454264095522834
0.16028627624593816	-0.00017454075334670923
0.16178770762716785	-0.00017453885053144986
0.16329664616530362	-0.00017453693234724497
0.16481312939613008	-0.00017453499862933155
0.1663371950431107	-0.00017453304921080683
0.16786888101832628	-0.00017453108392223902
0.1694082254234178	-0.00017452910259203183
0.1709552665505349	-0.00017452710504582784
0.17251004288328747	-0.0001745250911070031
0.17407259309770393	-0.00017452306059628165
0.17564295606319252	-0.00017452101333185091
0.17722117084350858	-0.00017451894912921264
0.17880727669772617	-0.00017451686780123852
0.18040131308121476	-0.0001745147691580131
0.18200331964662084	-0.0001745126530068998
0.18361333624485401	-0.00017451051915235235
0.18523140292607826	-0.0001745083673959833
0.18685755994070874	-0.00017450619753644784
0.1884918477404122	-0.00017450400936945635
0.19013430697911424	-0.00017450180268759887
0.1917849785140098	-0.0001744995772803878
0.19344390340657974	-0.00017449733293413742
0.19511112292361268	-0.00017449506943199752
0.1967866785382308	-0.00017449278655375507
0.19847061193092203	-0.00017449048407594184
0.20016296499057665	-0.00017448816177158095
0.20186377981552947	-0.000174485819410235
0.2035730987146071	-0.0001744834567579507
0.20529096420818022	-0.0001744810735771466
0.20701741902922113	-0.00017447866962654805
0.20875250612436722	-0.00017447624466111015
0.210496268654989	-0.0001744737984319842
0.21224874999826396	-0.00017447133068642658
0.21400999374825516	-0.00017446884116763638
0.21578004371699644	-0.0001744663296148376
0.21755894393558148	-0.00017446379576302383
0.2193467386552594	-0.00017446123934305744
0.22114347234853576	-0.00017445866008144553
0.22294918971027836	-0.00017445605770024646
0.2247639356588297	-0.00017445343191714526
0.2265877553371239	-0.00017445078244515862
0.2284206941138094	-0.0001744481089926466
0.23026279758437848	-0.0001744454112632412
0.23211411157230027	-0.000174442688955712
0.23397468213016168	-0.00017443994176386093
0.23584455554081238	-0.000174437169376355
0.23772377831851643	-0.00017443437147675954
0.23961239721010893	-0.0001744315477434242
0.24151045919615952	-0.00017442869784920192
0.24341801149214037	-0.00017442582146141782
0.24533510154960114	-0.00017442291824195776
0.24726177705734917	-0.00017441998784678404
0.24919808594263576	-0.0001744170299261429
0.251144076372349	-0.00017441404412418276
0.2530997967542107	-0.00017441103007903079
0.2550652957379817	-0.00017440798742256652
0.2570406222166717	-0.00017440491578023037
0.2590258253277551	-0.00017440181477099137
0.26102095445439405	-0.00017439868400718936
0.2630260592266659	-0.00017439552309429028
0.2650411895227993	-0.00017439233163091822
0.2670663954704134	-0.00017438910920849083
0.26910172744776534	-0.00017438585541120394
0.27114723608500396	-0.00017438256981585436
0.27320297226542917	-0.00017437925199162318
0.27526898712675635	-0.00017437590149995308
0.27734533206239	-0.0001743725178943376
0.2794320587227019	-0.00017436910072018185
0.2815292190163153	-0.00017436564951459668
0.2836368651113967	-0.0001743621638061081
0.28575504943695385	-0.0001743586431147576
0.28788382468413853	-0.00017435508695152666
0.29002324380755934	-0.00017435149481844438
0.29217336002659705	-0.00017434786620815066
0.29433422682673016	-0.00017434420060379445
0.29650589796086374	-0.0001743404974788434
0.29868842745066804	-0.00017433675629678337
0.30088186958792124	-0.00017433297651085308
0.3030862789358609	-0.0001743291575638926
0.30530171033054027	-0.00017432529888804305
0.307528218882193	-0.00017432139990449614
0.30976585997660405	-0.0001743174600232883
0.312014689276487	-0.00017431347864287395
0.31427476272286925	-0.00017430945515007747
0.3165461365364837	-0.00017430538891951522
0.3188288672191662	-0.00017430127931363607
0.32112301155526213	-0.00017429712568216033
0.32342862661303834	-0.00017429292736183388
0.3257457697461036	-0.0001742886836761433
0.32807449859483384	-0.00017428439393499904
0.3304148710878078	-0.00017428005743434433
0.33276694544324686	-0.00017427567345579546
0.33513078017046305	-0.00017427124126629995
0.33750643407131514	-0.00017426676011784057
0.3398939662416715	-0.0001742622292468554
0.3422934360728799	-0.0001742576478741182
0.34470490325324404	-0.00017425301520398298
0.3471284277695101	-0.00017424833042436138
0.34956406990835764	-0.00017424359270595209
0.3520118902578995	-0.00017423880120192827
0.354471949709189	-0.00017423395504755426
0.3569443094577349	-0.0001742290533595316
0.3594290310050235	-0.00017422409523567777
0.3619261761600484	-0.00017421907975428746
0.3644358070408486	-0.00017421400597366209
0.36695798607605284	-0.00017420887293168703
0.36949277600643327	-0.00017420367964503957
0.37204023988646523	-0.0001741984251087419
0.3746004410858973	-0.00017419310829565218
0.3771734432913268	-0.00017418772815566846
0.3797593105077832	-0.00017418228361523944
0.3823581070603219	-0.00017417677357666042
0.38496989759562367	-0.00017417119691733436
0.3875947470836016	-0.00017416555248919886
0.3902327208190196	-0.00017415983911789386
0.3928838844231145	-0.00017415405560212874
0.39554830384522993	-0.00017414820071276775
0.3982260453644561	-0.00017414227319208073
0.4009171755912785	-0.0001741362717530097
0.40362176146923495	-0.00017413019507823182
0.40633987027658097	-0.00017412404181924642
0.4090715696279639	-0.00017411781059550858
0.4118169274761037	-0.00017411149999352858
0.4145760121134843	-0.00017410510856578494
0.4173488921740515	-0.00017409863482977005
0.4201356366349219	-0.00017409207726692836
0.42293631481809635	-0.00017408543432150694
0.4257509963921868	-0.00017407870439963282
0.42857975137414767	-0.00017407188586781157
0.43142265013101855	-0.0001740649770520634
0.43427976338167373	-0.00017405797623634649
0.43715116219858224	-0.00017405088166159763
0.44003691800957523	-0.0001740436915239281
0.44293710259962304	-0.00017403640397374015
0.4458517881126211	-0.00017402901711381806
0.44878104705318417	-0.00017402152899809108
0.45172495228844983	-0.00017401393763002293
0.45468357704989204	-0.00017400624096082422
0.4576569949351413	-0.00017399843688798932
0.46064527990981685	-0.00017399052325337933
0.4636485063093658	-0.00017398249784144853
0.4666667488409128	-0.00017397435837731732
0.4697000825851173	-0.00017396610252489933
0.4727485829980427	-0.00017395772788466135
0.47581232591303285	-0.00017394923199171011
0.478891387542598	-0.0001739406123134431
0.48198584448031084	-0.00017393186624716506
0.4850957737027124	-0.00017392299111791562
0.48822125257122595	-0.00017391398417574647
0.49136235883408197	-0.0001739048425932073
0.4945191706282523	-0.0001738955634626503
0.4976917664813935	-0.00017388614379337865
0.5008802253138004	-0.00017387658050864335
0.5040846264403696	-0.00017386687044267747
0.5073050495725715	-0.0001738570103373672
0.5105415748204343	-0.00017384699683906907
0.5137942826945365	-0.00017383682649496735
0.517063254108009	-0.00017382649574949929
0.5203485703785492	-0.00017381600094055702
0.5236503132304419	-0.0001738053382955035
0.5269685647965939	-0.00017379450392707282
0.5303034076205766	-0.0001737834938289982
0.5336549246586795	-0.0001737723038714683
0.5370231992819728	-0.00017376092979643127
0.5404083152783826	-0.00017374936721265143
0.5438103568547747	-0.00017373761159043946
0.5472294086390483	-0.00017372565825638875
0.5506655556822436	-0.00017371350238758803
0.5541188834606549	-0.00017370113900571697
0.5575894778779582	-0.00017368856297077568
0.5610774252673477	-0.00017367576897465005
0.5645828123936844	-0.00017366275153420628
0.5681057264556525	-0.00017364950498415416
0.5716462550879309	-0.00017363602346949275
0.5752044863633705	-0.00017362230093771782
0.5787805087951873	-0.0001736083311303427
0.5823744113391631	-0.0001735941075744115
0.5859862833958588	-0.00017357962357323725
0.5896162148128381	-0.00017356487219686223
0.5932642958869024	-0.00017354984627185246
0.5969306173663369	-0.00017353453837085873
0.6006152704531684	-0.00017351894080127337
0.6043183468054344	-0.00017350304559354297
0.6080399385394615	-0.00017348684448881342
0.6117801382321587	-0.0001734703289258942
0.6155390389233192	-0.00017345349002736844
0.6193167341179359	-0.00017343631858531618
0.6231133177885255	-0.00017341880504587225
0.6269288843774683	-0.00017340093949315814
0.6307635287993556	-0.00017338271163216457
0.6346173464433522	-0.0001733641107709597
0.6384904331755688	-0.00017334512580141807
0.6423828853414466	-0.00017332574517928644
0.6462947997681537	-0.00017330595690291678
0.6502262737669944	-0.00017328574849060973
0.6541774051358293	-0.00017326510695694192
0.6581482921615082	-0.00017324401878739988
0.6621390336223156	-0.00017322246991159897
0.6661497287904271	-0.00017320044567484028
0.6701804774343789	-0.00017317793080801687
0.6742313798215507	-0.00017315490939535068
0.6783025367206585	-0.00017313136484048766
0.682394049404262	-0.00017310727983010338
0.6865060196512833	-0.00017308263629528685
0.6906385497495399	-0.00017305741537034292
0.6947917424982876	-0.0001730315973487481
0.6989657012107791	-0.0001730051616364935
0.7031605297168331	-0.00017297808670165062
0.7073763323654171	-0.00017295035002086014
0.7116132140272443	-0.0001729219280217412
0.7158712800973803	-0.0001728927960213813
0.7201506364978669	-0.000172862928160152
0.724451389680356	-0.00017283229733034325
0.7287736466287575	-0.00017280087509987833
0.7331175148619014	-0.00017276863162943258
0.737483102436211	-0.00017273553558348452
0.7418705179483918	-0.00017270155403387706
0.7462798705381338	-0.0001726666523552666
0.7507112698908246	-0.00017263079411193892
0.7551648262402787	-0.00017259394093456574
0.7596406503714802	-0.00017255605238595907
0.7641388536233378	-0.00017251708581505167
0.7686595478914543	-0.0001724769961963599
0.7732028456309116	-0.0001724357359548137
0.777768859859066	-0.0001723932547730754
0.7823577041583611	-0.00017234949937938883
0.7869694926791531	-0.0001723044133137417
0.7916043401425489	-0.00017225793666876928
0.7962623618432616	-0.0001722100058030643
0.8009436736524779	-0.00017216055302189795
0.8056483920207402	-0.00017210950622174555
0.8103766339808439	-0.00017205678849318372
0.8151285171507483	-0.0001720023176756875
0.8199041597365018	-0.000171946005858079
0.8247036805351844	-0.000171887758815916
0.8295271989378604	-0.00017182747537683972
0.8343748349325497	-0.00017176504670261077
0.8392467091072124	-0.00017170035547521315
0.8441429426527486	-0.0001716332749731645
0.8490636573660123	-0.00017156366801990977
0.8540089756528424	-0.0001714913857858461
0.8589790205311068	-0.00017141626642101334
0.8639739156337622	-0.0001713381334931344
0.868973915633762	-0.0001712571207815352
0.8739739156337618	-0.00017117314385079474
0.8789739156337616	-0.0001710860246948009
0.8839739156337615	-0.00017099556873555443
0.8889739156337613	-0.00017090156322471851
0.893973915633761	-0.00017080377513166258
0.8989739156337608	-0.00017070194877888726
0.9039739156337606	-0.0001705958031995688
0.9089739156337604	-0.0001704850291855902
0.9139739156337602	-0.00017036928599259928
0.91897391563376	-0.00017024819766470157
0.9239739156337599	-0.00017012134893323316
0.9289739156337596	-0.0001699882806415667
0.9339739156337594	-0.00016984848463696964
0.9389739156337592	-0.0001697013980619737
0.943973915633759	-0.00016954639696728594
0.9489739156337588	-0.0001693827891531978
0.9539739156337586	-0.00016920980613159664
0.9589739156337583	-0.0001690265940806829
0.9639739156337582	-0.00016883220364283873
0.968973915633758	-0.00016862557838915639
0.9739739156337578	-0.00016840554174376045
0.9789739156337576	-0.0001681707821231495
0.9839739156337574	-0.00016791983600644266
0.9889739156337571	-0.00016765106859721268
0.9939739156337569	-0.00016736265168316514
0.9989739156337567	-0.00016705253822599293
1.0039739156337566	-0.00016671843313361177
1.0089739156337563	-0.00016635775956720165
1.0139739156337562	-0.00016596762002006935
1.0189739156337558	-0.00016554475126698132
1.0239739156337557	-0.00016508547211904845
1.0289739156337556	-0.00016458562272763568
1.0339739156337553	-0.00016404049394762473
1.0389739156337552	-0.00016344474500278616
1.0439739156337549	-0.00016279230737330444
1.0489739156337547	-0.00016207627244690375
1.0539739156337544	-0.00016128876003093816
1.0589739156337543	-0.0001604207642966364
1.0639739156337542	-0.00015946197311400944
1.0689739156337539	-0.00015840055601710101
1.0739739156337538	-0.00015722291520315194
1.0789739156337534	-0.0001559133930017702
1.0839739156337533	-0.0001544539281313128
1.088973915633753	-0.00015282365178640096
1.093973915633753	-0.000150998413148533
1.0989739156337526	-0.00014895022228905605
1.1039739156337525	-0.00014664659663778532
1.1089739156337524	-0.00014404979523438715
1.113973915633752	-0.00014111592291093635
1.118973915633752	-0.0001377938844313234
1.1239739156337516	-0.00013402416653615724
1.1289739156337515	-0.0001297374239816597
1.1339739156337512	-0.00012485284422701897
1.138973915633751	-0.0001192762647401419
1.143973915633751	-0.00011289801735614442
1.1489739156337506	-0.00010559047626646612
1.1539739156337505	-9.720529066926894e-5
1.1589739156337502	-8.757029058516736e-5
1.16397391563375	-7.648606557573416e-5
1.1689739156337497	-6.372223171131075e-5
1.1739739156337496	-4.901342243095323e-5
1.1789739156337493	-3.205506355735204e-5
1.1839739156337492	-1.2499020276464098e-5
1.187980436725312	5.313883637716199e-6
1.1919869578168745	2.5273350018136027e-5
1.1959934789084372	4.763243830177142e-5
1.2	7.266582525675442e-5
