0.0006999999999999628	-0.0001607747634760348
0.001403500000000035	-0.00016076445979270866
0.0021105174999999296	-0.00016076425704212333
0.0028210700874998964	-0.0001607641928567434
0.003535175437937438	-0.0001607641303020885
0.004252851315127062	-0.00016076406748377243
0.004974115571702636	-0.00016076400437237674
0.005698986149561044	-0.0001607639409648854
0.006427481080308875	-0.00016076387725885556
0.007159618485710418	-0.00016076381325199766
0.007895416578138905	-0.00016076374894209654
0.008634893661029494	-0.00016076368432711266
0.00937806812933463	-0.0001607636194049652
0.010124958469981361	-0.0001607635541737364
0.010875583262331262	-0.00016076348863154985
0.01162996117864295	-0.00016076342277647438
0.012388110984536127	-0.00016076335660665986
0.013150051539458866	-0.0001607632901202715
0.013915801797156208	-0.00016076322331554568
0.014685380806142003	-0.0001607631561906645
0.015458807710172712	-0.00016076308874387221
0.01623610174872358	-0.00016076302097339746
0.017017282257467212	-0.0001607629528774685
0.017802368668754516	-0.00016076288445427054
0.01859138051209827	-0.00016076281570217917
0.019384337414658823	-0.00016076274661933954
0.020181259101732015	-0.0001607626772041251
0.020982165397240727	-0.00016076260745468982
0.02178707622422691	-0.00016076253736931347
0.02259601160534814	-0.00016076246694630113
0.02340899166337483	-0.00016076239618386407
0.024226036621691812	-0.00016076232508025027
0.02504716680480027	-0.00016076225363376672
0.025872402638824326	-0.00016076218184262375
0.02670176465201842	-0.0001607621097050949
0.02753527347527842	-0.00016076203721931593
0.028372949842654864	-0.00016076196438368634
0.0292148145918682	-0.00016076189119634078
0.03006088866482743	-0.0001607618176555395
0.03091119310815165	-0.00016076174375946107
0.0317657490736924	-0.0001607616695064063
0.03262457781906081	-0.0001607615948944889
0.03348770070815601	-0.00016076151992201287
0.034355139211696875	-0.00016076144458710746
0.035226914907755424	-0.0001607613688880016
0.03610304948229413	-0.00016076129282291543
0.03698356472970569	-0.00016076121638992655
0.03786848255335419	-0.00016076113958732666
0.038757824966120964	-0.0001607610624132033
0.03965161409095162	-0.00016076098486578325
0.04054987216140643	-0.00016076090694316786
0.04145262152221345	-0.00016076082864351687
0.04235988462982453	-0.0001607607499650213
0.04327168405297366	-0.00016076067090576313
0.0441880424732386	-0.00016076059146382128
0.04510898268560485	-0.00016076051163745219
0.046034527599032954	-0.00016076043142468994
0.04696470023702812	-0.00016076035082359289
0.04789952373821329	-0.0001607602698323208
0.048839021356904266	-0.0001607601884489193
0.04978321646368884	-0.00016076010667151526
0.05073213254600732	-0.00016076002449812935
0.05168579320873729	-0.00016075994192687668
0.052644222174780875	-0.00016075985895571936
0.05360744328565471	-0.00016075977558284706
0.054575480502083065	-0.00016075969180620156
0.05554835790459365	-0.00016075960762385012
0.05652609969411678	-0.00016075952303380413
0.05750873019258755	-0.0001607594380340286
0.05849627384355038	-0.00016075935262263488
0.05948875521276831	-0.00016075926679749828
0.060486198988831924	-0.00016075918055668574
0.061488629983776036	-0.0001607590938981565
0.062496073133695054	-0.0001607590068198851
0.06350855349936363	-0.00016075891931978544
0.06452609626686023	-0.00016075883139590673
0.06554872674819473	-0.0001607587430460698
0.0665764703819355	-0.00016075865426832102
0.06760935273384511	-0.00016075856506049608
0.06864739949751451	-0.00016075847542055687
0.06969063649500218	-0.00016075838534637815
0.07073908967747725	-0.00016075829483590146
0.07179278512586448	-0.00016075820388694403
0.07285174905149387	-0.00016075811249744248
0.07391600779675113	-0.00016075802066523086
0.07498558783573481	-0.00016075792838817128
0.07606051577491364	-0.00016075783566414837
0.07714081835378801	-0.00016075774249092286
0.0782265224455569	-0.00016075764886639687
0.07931765505778446	-0.00016075755478834456
0.08041424333307354	-0.00016075746025454653
0.08151631454973869	-0.0001607573652628339
0.08262389612248718	-0.0001607572698110259
0.08373701560309972	-0.00016075717389684143
0.08485570068111534	-0.00016075707751807757
0.08597997918452092	-0.00016075698067248087
0.08710987908044335	-0.00016075688335774962
0.08824542847584554	-0.00016075678557170793
0.08938665561822474	-0.00016075668731204592
0.0905335888963159	-0.000160756588576399
0.09168625684079766	-0.00016075648936253706
0.09284468812500156	-0.00016075638966815578
0.09400891156562662	-0.00016075628949089622
0.09517895612345495	-0.00016075618882847693
0.09635485090407213	-0.00016075608767850095
0.09753662515859228	-0.00016075598603864586
0.09872430828438533	-0.00016075588390654675
0.09991792982580742	-0.00016075578127980192
0.10111751947493633	-0.00016075567815600344
0.10232310707231096	-0.00016075557453282315
0.10353472260767245	-0.00016075547040780863
0.1047523962207106	-0.0001607553657785036
0.1059761582018141	-0.00016075526064254263
0.10720603899282295	-0.0001607551549973902
0.10844206918778705	-0.0001607550488406392
0.10968427953372589	-0.0001607549421697914
0.11093270093139453	-0.00016075483498242339
0.11218736443605157	-0.00016075472727599882
0.11344830125823162	-0.00016075461904795028
0.11471554276452282	-0.00016075451029581912
0.11598912047834534	-0.00016075440101703673
0.11726906608073716	-0.00016075429120907483
0.11855541141114084	-0.0001607541808694247
0.11984818846819666	-0.00016075406999545156
0.12114742941053756	-0.00016075395858451344
0.12245316655759021	-0.00016075384663415875
0.12376543239037813	-0.00016075373414161534
0.12508425955233007	-0.00016075362110439773
0.12640968085009188	-0.00016075350751974395
0.12774172925434224	-0.00016075339338510606
0.12908043790061416	-0.00016075327869777427
0.13042584009011704	-0.00016075316345503382
0.13177796929056776	-0.0001607530476542169
0.1331368591370207	-0.00016075293129260608
0.13450254343270562	-0.00016075281436753175
0.13587505614986897	-0.00016075269687614843
0.1372544314306183	-0.0001607525788157865
0.13864070358777136	-0.00016075246018365012
0.14003390710571012	-0.00016075234097701733
0.14143407664123844	-0.00016075222119299394
0.14284124702444484	-0.00016075210082884707
0.14425545325956707	-0.0001607519798817371
0.1456767305258648	-0.0001607518583487627
0.14710511417849395	-0.00016075173622712708
0.14854063974938644	-0.00016075161351394827
0.14998334294813345	-0.0001607514902062987
0.1514332596628742	-0.00016075136630133954
0.15289042596118857	-0.00016075124179610345
0.15435487809099444	-0.00016075111668772734
0.15582665248144925	-0.00016075099097315052
0.15730578574385642	-0.00016075086464946697
0.1587923146725756	-0.00016075073771369805
0.1602862762459386	-0.00016075061016285555
0.1617877076271685	-0.0001607504819937906
0.16329664616530448	-0.000160750353203678
0.16481312939613094	-0.00016075022378931534
0.16633719504311156	-0.0001607500937476819
0.16786888101832692	-0.00016074996307568137
0.16940822542341866	-0.00016074983177022856
0.17095526655053575	-0.0001607496998281298
0.17251004288328856	-0.00016074956724632819
0.1740725930977048	-0.00016074943402164947
0.1756429560631934	-0.00016074930015089076
0.17722117084350925	-0.00016074916563079856
0.17880727669772659	-0.00016074903045823797
0.18040131308121543	-0.00016074889462998451
0.18200331964662148	-0.00016074875814273777
0.18361333624485465	-0.00016074862099321014
0.18523140292607912	-0.00016074848317812528
0.18685755994070938	-0.00016074834469418295
0.18849184774041308	-0.00016074820553802253
0.19013430697911532	-0.0001607480657063267
0.19178497851401088	-0.00016074792519569586
0.19344390340658082	-0.00016074778400272538
0.19511112292361377	-0.00016074764212400329
0.1967866785382319	-0.00016074749955608856
0.19847061193092289	-0.00016074735629547607
0.2001629649905775	-0.000160747212338758
0.20186377981553055	-0.0001607470676823445
0.20357309871460819	-0.00016074692232275723
0.2052909642081813	-0.0001607467762564568
0.207017419029222	-0.0001607466294798153
0.20875250612436788	-0.00016074648198920473
0.21049626865498966	-0.00016074633378112036
0.21224874999826462	-0.00016074618485175505
0.21400999374825602	-0.00016074603519757779
0.2157800437169973	-0.00016074588481485355
0.21755894393558234	-0.00016074573369979667
0.21934673865526005	-0.00016074558184868494
0.2211434723485364	-0.00016074542925770561
0.22294918971027902	-0.0001607452759231356
0.22476393565883038	-0.00016074512184111953
0.22658775533712455	-0.00016074496700774465
0.22842069411381005	-0.00016074481141916986
0.23026279758437915	-0.0001607446550714728
0.23211411157230094	-0.00016074449796062599
0.23397468213016254	-0.00016074434008283295
0.23584455554081346	-0.0001607441814339412
0.23772377831851751	-0.00016074402200996518
0.23961239721011024	-0.00016074386180688202
0.24151045919616082	-0.00016074370082055743
0.24341801149214168	-0.0001607435390468414
0.24533510154960245	-0.00016074337648158422
0.24726177705735047	-0.0001607432131206593
0.2491980859426373	-0.00016074304895973294
0.25114407637235053	-0.00016074288399465586
0.2530997967542124	-0.0001607427182211078
0.2550652957379834	-0.00016074255163468158
0.2570406222166734	-0.00016074238423103822
0.25902582532775686	-0.00016074221600588813
0.26102095445439577	-0.00016074204695468638
0.2630260592266676	-0.0001607418770730145
0.26504118952280104	-0.00016074170635636226
0.26706639547041516	-0.00016074153480005545
0.26910172744776706	-0.00016074136239968602
0.27114723608500574	-0.0001607411891505005
0.2732029722654309	-0.00016074101504786248
0.2752689871267581	-0.00016074084008709048
0.2773453320623917	-0.00016074066426337405
0.2794320587227036	-0.00016074048757187866
0.281529219016317	-0.00016074031000793443
0.2836368651113984	-0.0001607401315664348
0.28575504943695557	-0.0001607399522426315
0.28788382468414025	-0.00016073977203132873
0.2900232438075611	-0.00016073959092769666
0.29217336002659877	-0.00016073940892652428
0.29433422682673194	-0.00016073922602275956
0.29650589796086546	-0.00016073904221114866
0.29868842745066976	-0.0001607388574865005
0.30088186958792296	-0.00016073867184353033
0.30308627893586265	-0.00016073848527693892
0.305301710330542	-0.00016073829778116597
0.3075282188821948	-0.00016073810935092193
0.30976585997660583	-0.00016073791998062287
0.31201468927648873	-0.00016073772966475715
0.31427476272287097	-0.0001607375383976053
0.3165461365364855	-0.00016073734617352896
0.318828867219168	-0.00016073715298667773
0.3211230115552639	-0.000160736958831372
0.32342862661304006	-0.00016073676370167335
0.3257457697461053	-0.00016073656759154074
0.32807449859483556	-0.00016073637049508755
0.33041487108780954	-0.00016073617240600126
0.3327669454432486	-0.00016073597331833667
0.33513078017046477	-0.00016073577322570488
0.33750643407131686	-0.00016073557212184408
0.33989396624167323	-0.00016073537000033664
0.3422934360728816	-0.0001607351668547449
0.34470490325324576	-0.00016073496267838958
0.3471284277695118	-0.00016073475746473877
0.34956406990835936	-0.0001607345512070315
0.3520118902579012	-0.00016073434389836166
0.3544719497091907	-0.00016073413553196748
0.35694430945773664	-0.000160733926100713
0.3594290310050252	-0.00016073371559758556
0.36192617616005013	-0.00016073350401533664
0.3644358070408504	-0.00016073329134663224
0.36695798607605457	-0.0001607330775841182
0.36949277600643504	-0.0001607328627203076
0.37204023988646695	-0.00016073264674754107
0.374600441085899	-0.00016073242965807143
0.3771734432913285	-0.00016073221144424115
0.379759310507785	-0.00016073199209776457
0.3823581070603237	-0.0001607317716107694
0.3849698975956254	-0.00016073154997505438
0.3875947470836033	-0.0001607313271822187
0.39023272081902133	-0.00016073110322387064
0.3928838844231162	-0.00016073087809131994
0.39554830384523165	-0.0001607306517759197
0.3982260453644579	-0.0001607304242686632
0.4009171755912802	-0.00016073019556070997
0.4036217614692367	-0.0001607299656426771
0.4063398702765827	-0.00016072973450540016
0.40907156962796565	-0.00016072950213931534
0.41181692747610543	-0.00016072926853465802
0.41457601211348605	-0.00016072903368190283
0.4173488921740533	-0.00016072879757070215
0.4201356366349237	-0.00016072856019106005
0.42293631481809807	-0.00016072832153259415
0.4257509963921885	-0.00016072808158464175
0.42857975137414944	-0.0001607278403365749
0.4314226501310203	-0.00016072759777749555
0.43427976338167545	-0.0001607273538959576
0.43715116219858396	-0.00016072710868080686
0.440036918009577	-0.00016072686212042063
0.44293710259962477	-0.0001607266142028478
0.4458517881126228	-0.0001607263649161509
0.4487810470531859	-0.00016072611424790452
0.45172495228845155	-0.00016072586218565402
0.45468357704989376	-0.000160725608716351
0.45765699493514306	-0.00016072535382711414
0.46064527990981863	-0.0001607250975044658
0.4636485063093676	-0.00016072483973476878
0.4666667488409145	-0.00016072458050400834
0.4697000825851191	-0.00016072431979797627
0.4727485829980444	-0.0001607240576020188
0.4758123259130346	-0.00016072379390123356
0.47889138754259974	-0.0001607235286804768
0.4819858444803126	-0.00016072326192394652
0.4850957737027142	-0.00016072299361575564
0.48822125257122767	-0.00016072272373949924
0.49136235883408375	-0.000160722452278608
0.49451917062825407	-0.0001607221792157274
0.49769176648139524	-0.00016072190453344902
0.5008802253138022	-0.00016072162821357698
0.5040846264403713	-0.00016072135023785893
0.5073050495725733	-0.00016072107058725914
0.510541574820436	-0.00016072078924240905
0.5137942826945383	-0.00016072050618352488
0.5170632541080108	-0.00016072022138996674
0.520348570378551	-0.00016071993484087214
0.5236503132304436	-0.00016071964651483055
0.5269685647965956	-0.00016071935638961414
0.5303034076205784	-0.00016071906444256847
0.5336549246586811	-0.00016071877065030015
0.5370231992819746	-0.00016071847498891524
0.5404083152783844	-0.0001607181774336849
0.5438103568547764	-0.00016071787795921745
0.5472294086390501	-0.00016071757653952063
0.5506655556822453	-0.0001607172731476606
0.5541188834606565	-0.00016071696775603496
0.5575894778779599	-0.0001607166603362558
0.5610774252673494	-0.00016071635085873514
0.564582812393686	-0.000160716039293538
0.5681057264556543	-0.00016071572560929376
0.5716462550879327	-0.00016071540977399552
0.5752044863633723	-0.00016071509175453392
0.578780508795189	-0.00016071477151670974
0.5823744113391649	-0.00016071444902509728
0.5859862833958606	-0.00016071412424344564
0.5896162148128399	-0.0001607137971340428
0.5932642958869042	-0.00016071346765810724
0.5969306173663387	-0.00016071313577543673
0.6006152704531702	-0.00016071280144440154
0.6043183468054361	-0.00016071246462221226
0.6080399385394633	-0.0001607121252642313
0.6117801382321605	-0.00016071178332469795
0.615539038923321	-0.00016071143875585347
0.6193167341179376	-0.00016071109150840308
0.6231133177885273	-0.00016071074153126404
0.6269288843774701	-0.00016071038877150332
0.6307635287993573	-0.00016071003317419166
0.6346173464433539	-0.00016070967468254405
0.6384904331755705	-0.00016070931323715725
0.6423828853414483	-0.00016070894877698996
0.6462947997681555	-0.000160708581238223
0.6502262737669962	-0.00016070821055474903
0.6541774051358311	-0.00016070783665766319
0.6581482921615099	-0.00016070745947565886
0.6621390336223173	-0.00016070707893444812
0.6661497287904288	-0.0001607066949564852
0.6701804774343807	-0.00016070630746143691
0.6742313798215525	-0.00016070591636525402
0.6783025367206603	-0.0001607055215808
0.6823940494042636	-0.00016070512301690135
0.6865060196512851	-0.00016070472057884446
0.6906385497495416	-0.00016070431416720897
0.6947917424982893	-0.0001607039036790596
0.6989657012107808	-0.00016070348900631707
0.7031605297168348	-0.00016070307003627699
0.7073763323654189	-0.000160702646651192
0.7116132140272461	-0.00016070221872788965
0.715871280097382	-0.00016070178613761542
0.7201506364978687	-0.0001607013487455021
0.7244513896803577	-0.0001607009064102689
0.7287736466287593	-0.00016070045898421468
0.733117514861903	-0.0001607000063123241
0.7374831024362126	-0.0001606995482319398
0.7418705179483935	-0.00016069908457239885
0.7462798705381356	-0.0001606986151547887
0.7507112698908263	-0.00016069813979091913
0.7551648262402804	-0.0001606976582831929
0.759640650371482	-0.0001606971704235741
0.7641388536233394	-0.0001606966759933491
0.7686595478914561	-0.00016069617476226577
0.7732028456309133	-0.00016069566648751338
0.7777688598590677	-0.00016069515091339526
0.7823577041583629	-0.00016069462777025499
0.7869694926791548	-0.00016069409677295487
0.7916043401425507	-0.00016069355762098254
0.7962623618432633	-0.00016069300999627033
0.8009436736524796	-0.00016069245356249506
0.805648392020742	-0.00016069188796383375
0.8103766339808457	-0.00016069131282296647
0.81512851715075	-0.00016069072774055682
0.8199041597365035	-0.00016069013229250844
0.8247036805351862	-0.00016068952602861663
0.8295271989378621	-0.0001606889084703085
0.8343748349325514	-0.00016068827910896413
0.8392467091072142	-0.000160687637403005
0.8441429426527504	-0.0001606869827752948
0.849063657366014	-0.00016068631461044693
0.8540089756528442	-0.00016068563225126145
0.8589790205311084	-0.00016068493499572477
0.863973915633764	-0.0001606842220926352
0.8689739156337638	-0.0001606834945986031
0.8739739156337636	-0.00016068275331797253
0.8789739156337634	-0.00016068199783458875
0.8839739156337632	-0.00016068122742225865
0.8889739156337629	-0.00016068044130720192
0.8939739156337627	-0.00016067963866489863
0.8989739156337626	-0.00016067881861518623
0.9039739156337624	-0.00016067798021778622
0.9089739156337622	-0.0001606771224669443
0.913973915633762	-0.00016067624428521654
0.9189739156337617	-0.00016067534451668576
0.9239739156337615	-0.0001606744219196084
0.9289739156337613	-0.00016067347515786389
0.9339739156337611	-0.000160672502790939
0.938973915633761	-0.0001606715032636324
0.9439739156337608	-0.0001606704748934346
0.9489739156337605	-0.00016066941585616
0.9539739156337603	-0.00016066832417063862
0.9589739156337601	-0.00016066719767987496
0.9639739156337599	-0.0001606660340301586
0.9689739156337597	-0.00016066483064678102
0.9739739156337595	-0.0001606635847064641
0.9789739156337594	-0.00016066229310496752
0.9839739156337591	-0.00016066095241952513
0.9889739156337589	-0.0001606595588656294
0.9939739156337587	-0.00016065810824673993
0.9989739156337585	-0.0001606565958945443
1.0039739156337584	-0.00016065501660047414
1.008973915633758	-0.00016065336453477955
1.013973915633758	-0.00016065163315079513
1.0189739156337576	-0.0001606498150731762
1.0239739156337575	-0.00016064790196655497
1.0289739156337572	-0.00016064588437843716
1.033973915633757	-0.0001606437515551079
1.038973915633757	-0.00016064149122302295
1.0439739156337566	-0.0001606390893291879
1.0489739156337565	-0.00016063652973206312
1.0539739156337562	-0.00016063379383571023
1.058973915633756	-0.00016063086015127934
1.0639739156337558	-0.00016062770377621582
1.0689739156337557	-0.0001606242957716742
1.0739739156337553	-0.00016062060241883825
1.0789739156337552	-0.00016061658432889686
1.0839739156337551	-0.0001606121953782669
1.0889739156337548	-0.0001606073814336723
1.0939739156337547	-0.0001606020788222839
1.0989739156337544	-0.0001605962124981353
1.1039739156337542	-0.00016058969384133686
1.108973915633754	-0.00016058241801457493
1.1139739156337538	-0.00016057426078861837
1.1189739156337537	-0.0001605650747248182
1.1239739156337534	-0.00016055468458815053
1.1289739156337533	-0.00016054288182712018
1.133973915633753	-0.0001605294179336743
1.1389739156337528	-0.00016051399645236565
1.1439739156337525	-0.00016049626336086308
1.1489739156337524	-0.0001604757954882349
1.153973915633752	-0.00016045208656874816
1.158973915633752	-0.0001604245304472298
1.1639739156337519	-0.00016039240084912912
1.1689739156337515	-0.00016035482701572037
1.1739739156337514	-0.0001603107643533919
1.178973915633751	-0.0001602589590802065
1.183973915633751	-0.00016019790564081887
1.1889739156337507	-0.00016012579541005046
1.1939739156337505	-0.0001600404549085755
1.1989739156337504	-0.00015993927138794218
1.2039739156337501	-0.00015981910320488817
1.20897391563375	-0.00015967617188178182
1.2139739156337497	-0.00015950593211183726
1.2189739156337496	-0.0001593029151993607
1.2239739156337492	-0.00015906054049601875
1.2289739156337491	-0.00015877088827089404
1.2339739156337488	-0.00015842442608153063
1.2389739156337487	-0.00015800967905671114
1.2439739156337486	-0.00015751283248628418
1.2489739156337483	-0.00015691725266287715
1.2539739156337482	-0.00015620290895028763
1.2589739156337478	-0.0001553456764484227
1.2639739156337477	-0.0001543164942800766
1.2689739156337474	-0.00015308034928664945
1.2739739156337473	-0.00015159504866340073
1.2789739156337472	-0.00014980973759823237
1.2839739156337469	-0.0001476631091648078
1.2889739156337467	-0.00014508124334353136
1.2939739156337464	-0.0001419749999290406
1.2989739156337463	-0.00013823687604498243
1.303973915633746	-0.0001337372228300077
1.3089739156337459	-0.00012831969750057547
1.3139739156337455	-0.00012179580639539284
1.3189739156337454	-0.00011393837198101227
1.3239739156337453	-0.00010447373264937671
1.328973915633745	-9.307245948126408e-5
1.333973915633745	-7.93383507182559e-5
1.3389739156337446	-6.279544521171673e-5
1.3439739156337445	-4.2872784736748055e-5
1.3489739156337441	-1.8886657724002973e-5
1.353973915633744	9.979917992348906e-6
1.358973915633744	4.470065722715452e-5
1.3639739156337436	8.643249153909887e-5
1.3689739156337435	0.000136544980376768
1.3739739156337432	0.00019665229626578766
1.378973915633743	0.00026864706664869324
1.3839739156337427	0.00035473486744177905
1.3879804367253072	0.00043574834341092303
1.3919869578168715	0.0005287831902179397
1.395993478908436	0.0006356308828556897
1.4	0.0007581100106151337
