0.0006999999999999628	-0.00016033551460910127
0.001403500000000035	-0.0001603258060868174
0.0021105174999999296	-0.00016032523587996916
0.0028210700874998964	-0.00016032478615915068
0.003535175437937438	-0.00016032433546857197
0.004252851315127062	-0.0001603238821143034
0.004974115571702636	-0.00016032342604880429
0.005698986149561044	-0.00016032296724847797
0.006427481080308875	-0.00016032250569062844
0.007159618485710418	-0.00016032204135288305
0.007895416578138905	-0.0001603215742130496
0.008634893661029494	-0.00016032110424903822
0.00937806812933463	-0.00016032063143880463
0.010124958469981361	-0.00016032015576027738
0.010875583262331262	-0.00016031967719141817
0.01162996117864295	-0.00016031919571004983
0.012388110984536127	-0.00016031871129395373
0.013150051539458866	-0.00016031822392080579
0.013915801797156208	-0.00016031773356811496
0.014685380806142003	-0.00016031724021330285
0.015458807710172712	-0.00016031674383367448
0.01623610174872358	-0.00016031624440628877
0.017017282257467212	-0.00016031574190815125
0.017802368668754516	-0.00016031523631603026
0.01859138051209827	-0.00016031472760654082
0.019384337414658823	-0.0001603142157561302
0.020181259101732015	-0.00016031370074101096
0.020982165397240727	-0.00016031318253724238
0.02178707622422691	-0.00016031266112067878
0.02259601160534814	-0.00016031213646699387
0.02340899166337483	-0.00016031160855160543
0.024226036621691812	-0.0001603110773497229
0.02504716680480027	-0.00016031054283638114
0.025872402638824326	-0.00016031000498635921
0.02670176465201842	-0.00016030946377425183
0.02753527347527842	-0.00016030891917433903
0.028372949842654864	-0.00016030837116077118
0.0292148145918682	-0.00016030781970742566
0.03006088866482743	-0.00016030726478789253
0.03091119310815165	-0.00016030670637558642
0.0317657490736924	-0.00016030614444363157
0.03262457781906081	-0.00016030557896492295
0.03348770070815601	-0.00016030500991205476
0.034355139211696875	-0.00016030443725745093
0.035226914907755424	-0.00016030386097317244
0.03610304948229413	-0.00016030328103110243
0.03698356472970569	-0.00016030269740278745
0.03786848255335419	-0.00016030211005954088
0.038757824966120964	-0.00016030151897238347
0.03965161409095162	-0.00016030092411204778
0.04054987216140643	-0.0001603003254490072
0.04145262152221345	-0.00016029972295341266
0.04235988462982453	-0.00016029911659511941
0.04327168405297366	-0.00016029850634372906
0.0441880424732386	-0.0001602978921684963
0.04510898268560485	-0.00016029727403841297
0.046034527599032954	-0.00016029665192209786
0.04696470023702812	-0.0001602960257879582
0.04789952373821329	-0.00016029539560397064
0.048839021356904266	-0.00016029476133785445
0.04978321646368884	-0.00016029412295700502
0.05073213254600732	-0.00016029348042843612
0.05168579320873729	-0.00016029283371891373
0.052644222174780875	-0.000160292182794741
0.05360744328565471	-0.00016029152762199353
0.054575480502083065	-0.0001602908681663458
0.055548357904593434	-0.0001602902043930923
0.056526099694116344	-0.0001602895362672546
0.0575087301925869	-0.00016028886375340842
0.05849627384354973	-0.0001602881868157647
0.05948875521276744	-0.00016028750541817848
0.06048619898883127	-0.00016028681952416545
0.061488629983775384	-0.00016028612909681886
0.06249607313369419	-0.0001602854340988136
0.06350855349936275	-0.00016028473449251784
0.06452609626685958	-0.00016028403023978443
0.06554872674819387	-0.0001602833213021284
0.06657647038193484	-0.00016028260764068718
0.06760935273384447	-0.00016028188921611333
0.06864739949751365	-0.00016028116598867524
0.0696906364950013	-0.00016028043791816744
0.07073908967747639	-0.0001602797049640225
0.07179278512586384	-0.00016027896708514328
0.07285174905149322	-0.00016027822424009947
0.0739160077967507	-0.0001602774763868819
0.07498558783573436	-0.00016027672348311063
0.07606051577491299	-0.00016027596548588572
0.07714081835378758	-0.00016027520235192556
0.07822652244555647	-0.00016027443403732368
0.07931765505778425	-0.0001602736604978239
0.0804142433330731	-0.00016027288168858142
0.08151631454973848	-0.0001602720975642963
0.08262389612248718	-0.0001602713080791587
0.0837370156030995	-0.00016027051318685776
0.0848557006811149	-0.00016026971284050846
0.0859799791845205	-0.00016026890699274025
0.08710987908044313	-0.00016026809559561934
0.08824542847584534	-0.00016026727860069052
0.08938665561822454	-0.00016026645595894736
0.09053358889631567	-0.0001602656276207943
0.09168625684079722	-0.00016026479353608002
0.09284468812500112	-0.00016026395365404894
0.09400891156562617	-0.00016026310792346295
0.0951789561234543	-0.00016026225629231608
0.09635485090407148	-0.00016026139870810958
0.09753662515859184	-0.00016026053511773621
0.0987243082843847	-0.00016025966546747653
0.09991792982580656	-0.00016025878970285824
0.10111751947493569	-0.00016025790776888864
0.10232310707231031	-0.00016025701960989318
0.1035347226076718	-0.00016025612516955924
0.10475239622071016	-0.00016025522439079296
0.10597615820181366	-0.0001602543172159807
0.10720603899282274	-0.00016025340358667955
0.10844206918778684	-0.0001602524834438293
0.10968427953372567	-0.0001602515567275963
0.1109327009313943	-0.0001602506233774839
0.11218736443605135	-0.00016024968333220552
0.11344830125823162	-0.0001602487365297494
0.11471554276452282	-0.000160247782907335
0.11598912047834534	-0.00016024682240144513
0.11726906608073695	-0.00016024585494772315
0.11855541141114062	-0.00016024488048104163
0.11984818846819621	-0.00016024389893550691
0.12114742941053713	-0.0001602429102443551
0.12245316655758978	-0.00016024191433996465
0.1237654323903777	-0.00016024091115392436
0.12508425955232963	-0.00016023990061694578
0.12640968085009122	-0.00016023888265884694
0.1277417292543416	-0.0001602378572085958
0.1290804379006133	-0.00016023682419418327
0.13042584009011637	-0.00016023578354274458
0.1317779692905669	-0.00016023473518051405
0.13313685913701961	-0.00016023367903266652
0.13450254343270476	-0.00016023261502347074
0.13587505614986833	-0.00016023154307627491
0.13725443143061763	-0.00016023046311331753
0.13864070358777073	-0.00016022937505594302
0.14003390710570945	-0.00016022827882435333
0.14143407664123803	-0.00016022717433779692
0.1428412470244442	-0.00016022606151437513
0.1442554532595664	-0.0001602249402711847
0.14567673052586416	-0.00016022381052418745
0.1471051141784935	-0.0001602226721881717
0.14854063974938603	-0.00016022152517690966
0.149983342948133	-0.00016022036940291823
0.15143325966287374	-0.00016021920477756103
0.15289042596118813	-0.00016021803121102316
0.15435487809099402	-0.00016021684861223249
0.15582665248144906	-0.00016021565688893188
0.1573057857438562	-0.00016021445594756643
0.15879231467257537	-0.0001602132456932921
0.16028627624593816	-0.00016021202602997748
0.16178770762716785	-0.00016021079686018131
0.16329664616530362	-0.000160209558085067
0.16481312939613008	-0.00016020830960443173
0.1663371950431107	-0.00016020705131672045
0.16786888101832628	-0.0001602057831188919
0.1694082254234178	-0.00016020450490649866
0.1709552665505349	-0.00016020321657358717
0.17251004288328747	-0.00016020191801271582
0.17407259309770393	-0.00016020060911491242
0.17564295606319252	-0.0001601992897696436
0.17722117084350858	-0.0001601979598647801
0.17880727669772617	-0.00016019661928659692
0.18040131308121476	-0.00016019526791971698
0.18200331964662084	-0.00016019390564709946
0.18361333624485401	-0.00016019253234996175
0.18523140292607826	-0.00016019114790780966
0.18685755994070874	-0.00016018975219840792
0.1884918477404122	-0.0001601883450976525
0.19013430697911424	-0.00016018692647963817
0.1917849785140098	-0.00016018549621660917
0.19344390340657974	-0.0001601840541788767
0.19511112292361268	-0.00016018260023478446
0.1967866785382308	-0.00016018113425072408
0.19847061193092203	-0.00016017965609110716
0.20016296499057665	-0.00016017816561824397
0.20186377981552947	-0.00016017666269233552
0.2035730987146071	-0.00016017514717144778
0.20529096420818022	-0.00016017361891153067
0.20701741902922113	-0.00016017207776627775
0.20875250612436722	-0.0001601705235870345
0.210496268654989	-0.00016016895622299583
0.21224874999826396	-0.00016016737552086377
0.21400999374825516	-0.0001601657813250149
0.21578004371699644	-0.00016016417347734883
0.21755894393558148	-0.00016016255181728974
0.2193467386552594	-0.00016016091618168007
0.22114347234853576	-0.00016015926640478072
0.22294918971027836	-0.00016015760231822952
0.2247639356588297	-0.00016015592375089266
0.2265877553371239	-0.0001601542305289472
0.2284206941138094	-0.00016015252247572452
0.23026279758437848	-0.00016015079941163825
0.23211411157230027	-0.00016014906115423454
0.23397468213016168	-0.00016014730751803027
0.23584455554081238	-0.000160145538314487
0.23772377831851643	-0.00016014375335196763
0.23961239721010893	-0.0001601419524355782
0.24151045919615952	-0.00016014013536727438
0.24341801149214037	-0.00016013830194565196
0.24533510154960114	-0.00016013645196580933
0.24726177705734917	-0.00016013458521955298
0.24919808594263576	-0.00016013270149503324
0.251144076372349	-0.00016013080057680602
0.2530997967542107	-0.0001601288822457696
0.2550652957379817	-0.00016012694627898732
0.2570406222166717	-0.00016012499244975783
0.2590258253277551	-0.00016012302052729183
0.26102095445439405	-0.00016012103027692647
0.2630260592266659	-0.0001601190214597831
0.2650411895227993	-0.0001601169938328274
0.2670663954704134	-0.000160114947148711
0.26910172744776534	-0.00016011288115564936
0.27114723608500396	-0.00016011079559742104
0.27320297226542917	-0.0001601086902131766
0.27526898712675635	-0.00016010656473734126
0.27734533206239	-0.0001601044188995874
0.2794320587227019	-0.00016010225242462931
0.2815292190163153	-0.00016010006503210867
0.2836368651113967	-0.00016009785643663704
0.28575504943695385	-0.00016009562634745298
0.28788382468413853	-0.00016009337446840164
0.29002324380755934	-0.0001600911004979207
0.29217336002659705	-0.000160088804128654
0.29433422682673016	-0.000160086485047584
0.29650589796086374	-0.00016008414293572606
0.29868842745066804	-0.00016008177746799527
0.30088186958792124	-0.0001600793883132203
0.3030862789358609	-0.00016007697513378973
0.30530171033054027	-0.0001600745375855693
0.307528218882193	-0.00016007207531781433
0.30976585997660405	-0.00016006958797290635
0.312014689276487	-0.00016006707518630863
0.31427476272286925	-0.0001600645365862361
0.3165461365364837	-0.00016006197179363178
0.3188288672191662	-0.0001600593804218116
0.32112301155526213	-0.00016005676207648278
0.32342862661303834	-0.00016005411635537894
0.3257457697461036	-0.00016005144284817258
0.32807449859483384	-0.00016004874113619753
0.3304148710878078	-0.00016004601079221248
0.33276694544324686	-0.00016004325138030358
0.33513078017046305	-0.0001600404624555953
0.33750643407131514	-0.00016003764356392752
0.3398939662416715	-0.00016003479424177343
0.3422934360728799	-0.0001600319140159274
0.34470490325324404	-0.00016002900240313044
0.3471284277695101	-0.00016002605891010446
0.34956406990835764	-0.00016002308303288712
0.3520118902578995	-0.00016002007425691784
0.354471949709189	-0.00016001703205651126
0.3569443094577349	-0.00016001395589469234
0.3594290310050235	-0.00016001084522280517
0.3619261761600484	-0.00016000769948020131
0.3644358070408486	-0.00016000451809402753
0.36695798607605284	-0.00016000130047867005
0.36949277600643327	-0.0001599980460356647
0.37204023988646523	-0.00015999475415315453
0.3746004410858973	-0.00015999142420550946
0.3771734432913268	-0.00015998805555305715
0.3797593105077832	-0.000159984647541627
0.3823581070603219	-0.00015998119950209818
0.38496989759562367	-0.00015997771075002606
0.3875947470836016	-0.00015997418058525154
0.3902327208190196	-0.0001599706082912504
0.3928838844231145	-0.00015996699313485538
0.39554830384522993	-0.00015996333436573679
0.3982260453644561	-0.0001599596312158305
0.4009171755912785	-0.00015995588289885674
0.40362176146923495	-0.00015995208860968514
0.40633987027658097	-0.00015994824752401299
0.4090715696279639	-0.00015994435879747459
0.4118169274761037	-0.0001599404215653023
0.4145760121134843	-0.00015993643494151318
0.4173488921740515	-0.0001599323980184253
0.4201356366349219	-0.0001599283098657972
0.42293631481809635	-0.00015992416953033902
0.4257509963921868	-0.00015991997603483223
0.42857975137414767	-0.00015991572837746978
0.43142265013101855	-0.00015991142553105562
0.43427976338167373	-0.00015990706644213487
0.43715116219858224	-0.00015990265003029198
0.44003691800957523	-0.0001598981751872185
0.44293710259962304	-0.00015989364077573104
0.4458517881126211	-0.00015988904562896827
0.44878104705318417	-0.00015988438854934805
0.45172495228844983	-0.0001598796683075559
0.45468357704989204	-0.0001598748836415521
0.4576569949351413	-0.0001598700332553862
0.46064527990981685	-0.0001598651158181478
0.4636485063093658	-0.00015986012996276508
0.4666667488409128	-0.00015985507428473427
0.4697000825851173	-0.000159849947340848
0.4727485829980427	-0.00015984474764799326
0.47581232591303285	-0.00015983947368160436
0.478891387542598	-0.00015983412387428887
0.48198584448031084	-0.00015982869661431502
0.4850957737027124	-0.0001598231902441002
0.48822125257122595	-0.0001598176030584852
0.49136235883408197	-0.00015981193330314057
0.4945191706282523	-0.0001598061791726688
0.4976917664813935	-0.00015980033880895125
0.5008802253138004	-0.00015979441029900408
0.5040846264403696	-0.00015978839167309132
0.5073050495725715	-0.00015978228090259534
0.5105415748204343	-0.00015977607589792202
0.5137942826945365	-0.00015976977450593818
0.517063254108009	-0.00015976337450796047
0.5203485703785492	-0.00015975687361696235
0.5236503132304419	-0.00015975026947505878
0.5269685647965939	-0.00015974355965087074
0.5303034076205766	-0.00015973674163641266
0.5336549246586795	-0.00015972981284448164
0.5370231992819728	-0.00015972277060516854
0.5404083152783826	-0.00015971561216282886
0.5438103568547747	-0.00015970833467249875
0.5472294086390483	-0.00015970093519639982
0.5506655556822436	-0.0001596934107002468
0.5541188834606549	-0.00015968575804904377
0.5575894778779582	-0.00015967797400319586
0.5610774252673477	-0.0001596700552141329
0.5645828123936844	-0.00015966199821967593
0.5681057264556525	-0.00015965379943926267
0.5716462550879309	-0.00015964545516904615
0.5752044863633705	-0.0001596369615765043
0.5787805087951873	-0.00015962831469496766
0.5823744113391631	-0.0001596195104177823
0.5859862833958588	-0.00015961054449213977
0.5896162148128381	-0.0001596014125127695
0.5932642958869024	-0.00015959210991497752
0.5969306173663369	-0.00015958263196761107
0.6006152704531684	-0.000159572973765627
0.6043183468054344	-0.00015956313022192034
0.6080399385394615	-0.00015955309605917878
0.6117801382321587	-0.00015954286580105751
0.6155390389233192	-0.0001595324337626381
0.6193167341179359	-0.0001595217940408789
0.6231133177885255	-0.0001595109405041111
0.6269288843774683	-0.00015949986678098776
0.6307635287993556	-0.00015948856624898992
0.6346173464433522	-0.00015947703202207406
0.6384904331755688	-0.00015946525693761722
0.6423828853414466	-0.00015945323354259007
0.6462947997681537	-0.00015944095407903762
0.6502262737669944	-0.00015942841046842236
0.6541774051358293	-0.0001594155942951684
0.6581482921615082	-0.0001594024967891053
0.6621390336223156	-0.0001593891088067137
0.6661497287904271	-0.00015937542081146425
0.6701804774343789	-0.00015936142285244184
0.6742313798215507	-0.0001593471045417703
0.6783025367206585	-0.0001593324550305134
0.682394049404262	-0.00015931746298301054
0.6865060196512833	-0.00015930211654893625
0.6906385497495399	-0.00015928640333406327
0.6947917424982876	-0.00015927031036841037
0.6989657012107791	-0.0001592538240720267
0.7031605297168331	-0.00015923693021867552
0.7073763323654171	-0.00015921961389599306
0.7116132140272443	-0.0001592018594630338
0.7158712800973803	-0.00015918365050439164
0.7201506364978669	-0.0001591649697802575
0.724451389680356	-0.00015914579917259984
0.7287736466287575	-0.00015912611962653423
0.7331175148619014	-0.00015910591108661911
0.737483102436211	-0.00015908515242735077
0.7418705179483918	-0.00015906382137765993
0.7462798705381338	-0.00015904189443774567
0.7507112698908246	-0.00015901934678842034
0.7551648262402787	-0.0001589961521912368
0.7596406503714802	-0.00015897228287884202
0.7641388536233378	-0.00015894770943384177
0.7686595478914543	-0.0001589224006550918
0.7732028456309116	-0.00015889632340962748
0.777768859859066	-0.00015886944246848108
0.7823577041583611	-0.00015884172032355388
0.7869694926791531	-0.0001588131169846484
0.7916043401425489	-0.0001587835897516109
0.7962623618432616	-0.0001587530929606127
0.8009436736524779	-0.00015872157769868366
0.8056483920207402	-0.00015868899148415295
0.8103766339808439	-0.00015865527790657558
0.8151285171507483	-0.0001586203762209705
0.8199041597365018	-0.0001585842208902572
0.8247036805351844	-0.0001585467410676299
0.8295271989378604	-0.0001585078600110411
0.8343748349325497	-0.0001584674944193234
0.8392467091072124	-0.00015842555367910226
0.8441429426527486	-0.00015838193900979245
0.8490636573660123	-0.00015833654249118847
0.8540089756528424	-0.00015828924595819648
0.8589790205311068	-0.00015823991974182384
0.8639739156337622	-0.0001581884212364675
0.868973915633762	-0.00015813480920801392
0.8739739156337618	-0.00015807899782008152
0.8789739156337616	-0.00015802083564019745
0.8839739156337615	-0.0001579601560082695
0.8889739156337613	-0.000157896775699653
0.893973915633761	-0.00015783049304500676
0.8989739156337608	-0.00015776108583417234
0.9039739156337606	-0.00015768830898007212
0.9089739156337604	-0.0001576118919138863
0.9139739156337602	-0.00015753153567962203
0.91897391563376	-0.00015744690968955832
0.9239739156337599	-0.00015735764809681849
0.9289739156337596	-0.0001572633457355234
0.9339739156337594	-0.00015716355356824207
0.9389739156337592	-0.0001570577735727952
0.943973915633759	-0.00015694545298844092
0.9489739156337588	-0.00015682597782740732
0.9539739156337586	-0.0001566986655434447
0.9589739156337583	-0.0001565627567294487
0.9639739156337582	-0.00015641740569563876
0.968973915633758	-0.00015626166975318421
0.9739739156337578	-0.00015609449699988356
0.9789739156337576	-0.00015591471236853718
0.9839739156337574	-0.00015572100165617687
0.9889739156337571	-0.00015551189320488505
0.9939739156337569	-0.00015528573684519382
0.9989739156337567	-0.0001550406796445297
1.0039739156337566	-0.0001547746379206331
1.0089739156337563	-0.00015448526488316452
1.0139739156337562	-0.00015416991315086542
1.0189739156337558	-0.00015382559125287222
1.0239739156337557	-0.00015344891306344274
1.0289739156337556	-0.00015303603892211112
1.0339739156337553	-0.00015258260696544612
1.0389739156337552	-0.00015208365292320982
1.0439739156337549	-0.00015153351631268128
1.0489739156337547	-0.00015092573058460428
1.0539739156337544	-0.000150252894325025
1.0589739156337543	-0.00014950652009299985
1.0639739156337542	-0.00014867685685069243
1.0689739156337539	-0.00014775268121555816
1.0739739156337538	-0.00014672105191566547
1.0789739156337534	-0.00014556702083632982
1.0839739156337533	-0.00014427329290236178
1.088973915633753	-0.0001428198257165023
1.093973915633753	-0.00014118335836822157
1.0989739156337526	-0.0001393368571128029
1.1039739156337525	-0.0001372488637065857
1.1089739156337524	-0.0001348827300681458
1.113973915633752	-0.00013219572063966723
1.118973915633752	-0.00012913796140318228
1.1239739156337516	-0.00012565121203630296
1.1289739156337515	-0.00012166743531157948
1.1339739156337512	-0.0001171071357476803
1.138973915633751	-0.00011187743799620932
1.143973915633751	-0.0001058698748800466
1.1489739156337506	-9.89578559106649e-5
1.1539739156337505	-9.099379013676488e-5
1.1589739156337502	-8.180584310836584e-5
1.16397391563375	-7.119431742408671e-5
1.1689739156337497	-5.8927660631317575e-5
1.1739739156337496	-4.4738123833137034e-5
1.1789739156337493	-2.8317119422061754e-5
1.1839739156337492	-9.310356207094061e-6
1.187980436725312	8.059612395242811e-6
1.1919869578168745	2.758036720559325e-5
1.1959934789084372	4.9512728431103166e-5
1.2	7.41411615413069e-5
