0.0006999999999999628	-0.00016091094996539872
0.001403500000000035	-0.00016090721464857358
0.0021105174999999296	-0.00016090704529157839
0.0028210700874998964	-0.0001609069053652373
0.003535175437937438	-0.0001609067647766605
0.004252851315127062	-0.00016090662326120328
0.004974115571702636	-0.00016090648080922592
0.005698986149561044	-0.00016090633741270156
0.006427481080308875	-0.0001609061930638831
0.007159618485710418	-0.00016090604775515356
0.007895416578138905	-0.0001609059014783504
0.008634893661029494	-0.00016090575422552847
0.00937806812933463	-0.00016090560598858766
0.010124958469981361	-0.00016090545675935186
0.010875583262331262	-0.00016090530652965686
0.01162996117864295	-0.0001609051552910528
0.012388110984536127	-0.00016090500303514948
0.013150051539458866	-0.00016090484975345027
0.013915801797156208	-0.0001609046954372827
0.014685380806142003	-0.00016090454007805117
0.015458807710172712	-0.00016090438366682112
0.01623610174872358	-0.0001609042261949121
0.017017282257467212	-0.0001609040676531352
0.017802368668754516	-0.0001609039080326147
0.01859138051209827	-0.0001609037473241155
0.019384337414658823	-0.0001609035855182214
0.020181259101732015	-0.0001609034226056875
0.020982165397240727	-0.00016090325857705156
0.02178707622422691	-0.00016090309342266742
0.02259601160534814	-0.00016090292713293183
0.02340899166337483	-0.0001609027596979038
0.024226036621691812	-0.00016090259110782237
0.02504716680480027	-0.00016090242135256348
0.025872402638824326	-0.00016090225042210152
0.02670176465201842	-0.00016090207830617227
0.02753527347527842	-0.00016090190499432424
0.028372949842654864	-0.0001609017304761594
0.0292148145918682	-0.00016090155474112372
0.03006088866482743	-0.00016090137777833807
0.03091119310815165	-0.00016090119957726744
0.0317657490736924	-0.00016090102012662015
0.03262457781906081	-0.00016090083941554232
0.03348770070815601	-0.00016090065743261652
0.034355139211696875	-0.0001609004741667804
0.035226914907755424	-0.00016090028960624397
0.03610304948229413	-0.00016090010373964473
0.03698356472970569	-0.00016089991655511267
0.03786848255335419	-0.00016089972804080962
0.038757824966120964	-0.0001608995381847253
0.03965161409095162	-0.00016089934697471008
0.04054987216140643	-0.00016089915439832514
0.04145262152221345	-0.00016089896044329993
0.04235988462982453	-0.00016089876509694818
0.04327168405297366	-0.00016089856834642776
0.0441880424732386	-0.00016089837017901025
0.04510898268560485	-0.0001608981705815958
0.046034527599032954	-0.0001608979695409348
0.04696470023702812	-0.00016089776704365807
0.04789952373821329	-0.00016089756307626708
0.048839021356904266	-0.00016089735762499688
0.04978321646368884	-0.00016089715067610252
0.05073213254600732	-0.00016089694221539956
0.05168579320873729	-0.00016089673222880135
0.052644222174780875	-0.00016089652070201262
0.05360744328565471	-0.00016089630762021603
0.054575480502083065	-0.00016089609296890102
0.05554835790459365	-0.00016089587673310035
0.05652609969411678	-0.00016089565889770068
0.05750873019258755	-0.0001608954394474759
0.05849627384355038	-0.0001608952183667917
0.05948875521276831	-0.00016089499564019255
0.060486198988831924	-0.00016089477125176882
0.061488629983776036	-0.0001608945451852625
0.062496073133695054	-0.0001608943174246372
0.06350855349936363	-0.00016089408795327557
0.06452609626686023	-0.00016089385675460387
0.06554872674819473	-0.00016089362381172507
0.0665764703819355	-0.00016089338910741096
0.06760935273384511	-0.00016089315262452896
0.06864739949751451	-0.00016089291434538707
0.06969063649500218	-0.00016089267425226095
0.07073908967747725	-0.0001608924323271212
0.07179278512586448	-0.0001608921885518498
0.07285174905149387	-0.0001608919429078888
0.07391600779675113	-0.00016089169537652988
0.07498558783573481	-0.0001608914459387897
0.07606051577491364	-0.00016089119457564902
0.07714081835378801	-0.00016089094126747148
0.0782265224455569	-0.0001608906859945946
0.07931765505778446	-0.00016089042873713996
0.08041424333307354	-0.00016089016947479307
0.08151631454973869	-0.0001608899081870863
0.08262389612248718	-0.00016088964485335897
0.08373701560309972	-0.0001608893794524088
0.08485570068111534	-0.00016088911196307555
0.08597997918452092	-0.00016088884236363851
0.08710987908044335	-0.00016088857063234366
0.08824542847584554	-0.00016088829674672778
0.08938665561822474	-0.00016088802068460372
0.0905335888963159	-0.00016088774242311633
0.09168625684079766	-0.00016088746193908458
0.09284468812500156	-0.00016088717920920013
0.09400891156562662	-0.00016088689420969105
0.09517895612345495	-0.00016088660691649436
0.09635485090407213	-0.00016088631730521553
0.09753662515859228	-0.00016088602535124606
0.09872430828438533	-0.0001608857310294399
0.09991792982580742	-0.0001608854343144092
0.10111751947493633	-0.00016088513518054153
0.10232310707231096	-0.00016088483360151586
0.10353472260767245	-0.00016088452955112384
0.1047523962207106	-0.00016088422300230648
0.1059761582018141	-0.00016088391392804298
0.10720603899282295	-0.0001608836023006047
0.10844206918778705	-0.00016088328809219074
0.10968427953372589	-0.00016088297127433022
0.11093270093139453	-0.0001608826518184152
0.11218736443605157	-0.00016088232969507056
0.11344830125823162	-0.00016088200487484718
0.11471554276452282	-0.00016088167732777948
0.11598912047834534	-0.00016088134702347203
0.11726906608073716	-0.00016088101393111677
0.11855541141114084	-0.00016088067801934416
0.11984818846819666	-0.00016088033925634938
0.12114742941053756	-0.00016087999761022083
0.12245316655759021	-0.0001608796530481171
0.12376543239037813	-0.0001608793055371195
0.12508425955233007	-0.00016087895504351334
0.12640968085009188	-0.0001608786015333017
0.12774172925434224	-0.00016087824497193023
0.12908043790061416	-0.00016087788532438333
0.13042584009011704	-0.00016087752255508183
0.13177796929056776	-0.00016087715662797177
0.1331368591370207	-0.0001608767875065593
0.13450254343270562	-0.00016087641515364934
0.13587505614986897	-0.00016087603953167558
0.1372544314306183	-0.00016087566060237648
0.13864070358777136	-0.00016087527832697594
0.14003390710571012	-0.00016087489266633845
0.14143407664123844	-0.00016087450358044392
0.14284124702444484	-0.0001608741110288548
0.14425545325956707	-0.00016087371497052616
0.1456767305258648	-0.00016087331536386435
0.14710511417849395	-0.00016087291216652284
0.14854063974938644	-0.00016087250533568993
0.14998334294813345	-0.00016087209482780314
0.1514332596628742	-0.00016087168059880739
0.15289042596118857	-0.00016087126260383685
0.15435487809099444	-0.0001608708407975679
0.15582665248144925	-0.00016087041513372692
0.15730578574385642	-0.00016086998556556653
0.1587923146725756	-0.00016086955204588902
0.1602862762459386	-0.0001608691145260838
0.1617877076271685	-0.00016086867295752647
0.16329664616530448	-0.00016086822729073833
0.16481312939613094	-0.00016086777747510836
0.16633719504311156	-0.00016086732345978806
0.16786888101832692	-0.00016086686519287
0.16940822542341866	-0.00016086640262190697
0.17095526655053575	-0.0001608659356935266
0.17251004288328856	-0.0001608654643535755
0.1740725930977048	-0.00016086498854715877
0.1756429560631934	-0.00016086450821849876
0.17722117084350925	-0.00016086402331126694
0.17880727669772659	-0.00016086353376795767
0.18040131308121543	-0.00016086303953052525
0.18200331964662148	-0.00016086254053981663
0.18361333624485465	-0.00016086203673594873
0.18523140292607912	-0.00016086152805841624
0.18685755994070938	-0.00016086101444533112
0.18849184774041308	-0.00016086049583432293
0.19013430697911532	-0.000160859972161864
0.19178497851401088	-0.00016085944336375623
0.19344390340658082	-0.0001608589093747803
0.19511112292361377	-0.00016085837012866982
0.1967866785382319	-0.00016085782555823048
0.19847061193092289	-0.00016085727559564324
0.2001629649905775	-0.00016085672017176187
0.20186377981553055	-0.0001608561592164756
0.20357309871460819	-0.00016085559265900326
0.2052909642081813	-0.00016085502042718485
0.207017419029222	-0.00016085444244819203
0.20875250612436788	-0.00016085385864791994
0.21049626865498966	-0.00016085326895154783
0.21224874999826462	-0.00016085267328281585
0.21400999374825602	-0.00016085207156478165
0.2157800437169973	-0.0001608514637192824
0.21755894393558234	-0.00016085084966721395
0.21934673865526005	-0.00016085022932826434
0.2211434723485364	-0.00016084960262116065
0.22294918971027902	-0.00016084896946358626
0.22476393565883038	-0.00016084832977195017
0.22658775533712455	-0.0001608476834619003
0.22842069411381005	-0.0001608470304477057
0.23026279758437915	-0.00016084637064260428
0.23211411157230094	-0.00016084570395875238
0.23397468213016254	-0.0001608450303074022
0.23584455554081346	-0.00016084434959832354
0.23772377831851751	-0.00016084366174043017
0.23961239721011024	-0.00016084296664148394
0.24151045919616082	-0.00016084226420810192
0.24341801149214168	-0.0001608415543458081
0.24533510154960245	-0.00016084083695914168
0.24726177705735047	-0.00016084011195116778
0.2491980859426373	-0.00016083937922420778
0.25114407637235053	-0.00016083863867948157
0.2530997967542124	-0.000160837890216876
0.2550652957379834	-0.0001608371337353682
0.2570406222166734	-0.0001608363691327142
0.25902582532775686	-0.00016083559630584039
0.26102095445439577	-0.00016083481515036832
0.2630260592266676	-0.00016083402556084947
0.26504118952280104	-0.00016083322743106306
0.26706639547041516	-0.00016083242065365364
0.26910172744776706	-0.0001608316051199689
0.27114723608500574	-0.00016083078072084037
0.2732029722654309	-0.00016082994734574436
0.2752689871267581	-0.00016082910488344747
0.2773453320623917	-0.00016082825322154246
0.2794320587227036	-0.00016082739224696036
0.281529219016317	-0.0001608265218457142
0.2836368651113984	-0.00016082564190277073
0.28575504943695557	-0.00016082475230259108
0.28788382468414025	-0.00016082385292831726
0.2900232438075611	-0.00016082294366296133
0.29217336002659877	-0.0001608220243883446
0.29433422682673194	-0.0001608210949859123
0.29650589796086546	-0.00016082015533622172
0.29868842745066976	-0.00016081920531928667
0.30088186958792296	-0.00016081824481472426
0.30308627893586265	-0.00016081727370142207
0.305301710330542	-0.00016081629185798416
0.3075282188821948	-0.00016081529916238226
0.30976585997660583	-0.000160814295492391
0.31201468927648873	-0.00016081328072547454
0.31427476272287097	-0.00016081225473874597
0.3165461365364855	-0.00016081121740933393
0.318828867219168	-0.00016081016861406455
0.3211230115552639	-0.00016080910822978376
0.32342862661304006	-0.00016080803613326497
0.3257457697461053	-0.00016080695220158816
0.32807449859483556	-0.00016080585631167083
0.33041487108780954	-0.00016080474834098576
0.3327669454432486	-0.0001608036281670601
0.33513078017046477	-0.00016080249566808084
0.33750643407131686	-0.00016080135072244782
0.33989396624167323	-0.000160800193209254
0.3422934360728816	-0.00016079902300818107
0.34470490325324576	-0.00016079783999989626
0.3471284277695118	-0.00016079664406546963
0.34956406990835936	-0.0001607954350872492
0.3520118902579012	-0.0001607942129484756
0.3544719497091907	-0.00016079297753352468
0.35694430945773664	-0.00016079172872800554
0.3594290310050252	-0.00016079046641872033
0.36192617616005013	-0.0001607891904940379
0.3644358070408504	-0.00016078790084388467
0.36695798607605457	-0.00016078659735950263
0.36949277600643504	-0.00016078527993443315
0.37204023988646695	-0.00016078394846328435
0.374600441085899	-0.00016078260284324634
0.3771734432913285	-0.00016078124297333178
0.379759310507785	-0.00016077986875445948
0.3823581070603237	-0.00016077848009019656
0.3849698975956254	-0.00016077707688616258
0.3875947470836033	-0.0001607756590504775
0.39023272081902133	-0.0001607742264939818
0.3928838844231162	-0.00016077277912985162
0.39554830384523165	-0.00016077131687423278
0.3982260453644579	-0.00016076983964615854
0.4009171755912802	-0.00016076834736732034
0.4036217614692367	-0.00016076683996262329
0.4063398702765827	-0.00016076531736005734
0.40907156962796565	-0.00016076377949064284
0.41181692747610543	-0.00016076222628889412
0.41457601211348605	-0.00016076065769227797
0.4173488921740533	-0.0001607590736420078
0.4201356366349237	-0.00016075747408255867
0.42293631481809807	-0.00016075585896198932
0.4257509963921885	-0.00016075422823185641
0.42857975137414944	-0.000160752581847199
0.4314226501310203	-0.00016075091976709994
0.43427976338167545	-0.00016074924195362807
0.43715116219858396	-0.00016074754837325814
0.440036918009577	-0.00016074583899570538
0.44293710259962477	-0.00016074411379451213
0.4458517881126228	-0.0001607423727469919
0.4487810470531859	-0.0001607406158339842
0.45172495228845155	-0.00016073884304012074
0.45468357704989376	-0.00016073705435382322
0.45765699493514306	-0.00016073524976676409
0.46064527990981863	-0.0001607334292744932
0.4636485063093676	-0.00016073159287605725
0.4666667488409145	-0.00016072974057362955
0.4697000825851191	-0.00016072787237318787
0.4727485829980444	-0.00016072598828366328
0.4758123259130346	-0.0001607240883174636
0.47889138754259974	-0.00016072217248977043
0.4819858444803126	-0.0001607202408190124
0.4850957737027142	-0.0001607182933264316
0.48822125257122767	-0.00016071633003589432
0.49136235883408375	-0.0001607143509737801
0.49451917062825407	-0.00016071235616907527
0.49769176648139524	-0.00016071034565314066
0.5008802253138022	-0.00016070831945910085
0.5040846264403713	-0.00016070627762219418
0.5073050495725733	-0.00016070422017937813
0.510541574820436	-0.00016070214716916052
0.5137942826945383	-0.00016070005863138374
0.5170632541080108	-0.00016069795460693444
0.520348570378551	-0.00016069583513769265
0.5236503132304436	-0.00016069370026639058
0.5269685647965956	-0.00016069155003582713
0.5303034076205784	-0.00016068938448905617
0.5336549246586811	-0.00016068720366955338
0.5370231992819746	-0.00016068500761996958
0.5404083152783844	-0.00016068279638289338
0.5438103568547764	-0.00016068056999959737
0.5472294086390501	-0.00016067832851056053
0.5506655556822453	-0.00016067607195504167
0.5541188834606565	-0.0001606738003705428
0.5575894778779599	-0.00016067151379271015
0.5610774252673494	-0.00016066921225488454
0.564582812393686	-0.00016066689578821074
0.5681057264556543	-0.00016066456442097408
0.5716462550879327	-0.00016066221817828544
0.5752044863633723	-0.00016065985708236602
0.578780508795189	-0.00016065748115145817
0.5823744113391649	-0.0001606550904001313
0.5859862833958606	-0.0001606526848387831
0.5896162148128399	-0.0001606502644732441
0.5932642958869042	-0.0001606478293046655
0.5969306173663387	-0.00016064537932914644
0.6006152704531702	-0.0001606429145376651
0.6043183468054361	-0.00016064043491527893
0.6080399385394633	-0.00016063794044135908
0.6117801382321605	-0.0001606354310891088
0.615539038923321	-0.00016063290682509395
0.6193167341179376	-0.00016063036760942693
0.6231133177885273	-0.00016062781339498086
0.6269288843774701	-0.0001606252441274243
0.6307635287993573	-0.0001606226597448659
0.6346173464433539	-0.00016062006017763614
0.6384904331755705	-0.00016061744534775186
0.6423828853414483	-0.00016061481516914042
0.6462947997681555	-0.0001606121695466114
0.6502262737669962	-0.00016060950837674734
0.6541774051358311	-0.000160606831546224
0.6581482921615099	-0.0001606041389328905
0.6621390336223173	-0.0001606014304044589
0.6661497287904288	-0.0001605987058189906
0.6701804774343807	-0.00016059596502397837
0.6742313798215525	-0.00016059320785694677
0.6783025367206603	-0.0001605904341443251
0.6823940494042636	-0.00016058764370156925
0.6865060196512851	-0.000160584836333102
0.6906385497495416	-0.000160582011831886
0.6947917424982893	-0.000160579169979051
0.6989657012107808	-0.00016057631054378175
0.7031605297168348	-0.00016057343328315326
0.7073763323654189	-0.00016057053794171102
0.7116132140272461	-0.00016056762425146573
0.715871280097382	-0.00016056469193154543
0.7201506364978687	-0.00016056174068754007
0.7244513896803577	-0.00016055877021225627
0.7287736466287593	-0.00016055578018453538
0.733117514861903	-0.0001605527702693213
0.7374831024362126	-0.00016054974011771818
0.7418705179483935	-0.00016054668936641987
0.7462798705381356	-0.00016054361763745583
0.7507112698908263	-0.00016054052453843404
0.7551648262402804	-0.00016053740966144226
0.759640650371482	-0.00016053427258370825
0.7641388536233394	-0.00016053111286693463
0.7686595478914561	-0.00016052793005699362
0.7732028456309133	-0.00016052472368376187
0.7777688598590677	-0.00016052149326092018
0.7823577041583629	-0.0001605182382855588
0.7869694926791548	-0.0001605149582379267
0.7916043401425507	-0.0001605116525814204
0.7962623618432633	-0.0001605083207614334
0.8009436736524796	-0.00016050496220587548
0.805648392020742	-0.00016050157632429622
0.8103766339808457	-0.00016049816250775705
0.81512851715075	-0.00016049472012781048
0.8199041597365035	-0.00016049124853627296
0.8247036805351862	-0.00016048774706460686
0.8295271989378621	-0.0001604842150232552
0.8343748349325514	-0.0001604806517003747
0.8392467091072142	-0.0001604770563610917
0.8441429426527504	-0.00016047342824653899
0.849063657366014	-0.00016046976657235884
0.8540089756528442	-0.00016046607052701682
0.8589790205311084	-0.00016046233927038893
0.863973915633764	-0.00016045857193125617
0.8689739156337638	-0.00016045477564923503
0.8739739156337636	-0.00016045095884062373
0.8789739156337634	-0.0001604471227471437
0.8839739156337632	-0.00016044326676878569
0.8889739156337629	-0.00016043939027827878
0.8939739156337627	-0.00016043549262255305
0.8989739156337626	-0.00016043157311843576
0.9039739156337624	-0.00016042763104948322
0.9089739156337622	-0.00016042366566082258
0.913973915633762	-0.00016041967615405727
0.9189739156337617	-0.00016041566168118352
0.9239739156337615	-0.0001604116213373424
0.9289739156337613	-0.00016040755415352734
0.9339739156337611	-0.000160403459087352
0.938973915633761	-0.00016039933501263003
0.9439739156337608	-0.00016039518070836887
0.9489739156337605	-0.0001603909948446358
0.9539739156337603	-0.00016038677596773852
0.9589739156337601	-0.0001603825224825106
0.9639739156337599	-0.00016037823263213404
0.9689739156337597	-0.00016037390447462676
0.9739739156337595	-0.00016036953585631158
0.9789739156337594	-0.0001603651243796553
0.9839739156337591	-0.00016036066736802368
0.9889739156337589	-0.00016035616182258258
0.9939739156337587	-0.00016035160437294734
0.9989739156337585	-0.00016034699121924553
1.0039739156337584	-0.00016034231806427753
1.008973915633758	-0.00016033758003391983
1.013973915633758	-0.00016033277158258443
1.0189739156337576	-0.0001603278863820383
1.0239739156337575	-0.00016032291719051775
1.0289739156337572	-0.00016031785569681475
1.033973915633757	-0.000160312692336017
1.038973915633757	-0.00016030741606942335
1.0439739156337566	-0.00016030201412436598
1.0489739156337565	-0.00016029647168305696
1.0539739156337562	-0.00016029077151203386
1.058973915633756	-0.00016028489351940456
1.0639739156337558	-0.00016027881422724162
1.0689739156337557	-0.0001602725061380672
1.0739739156337553	-0.00016026593697961443
1.0789739156337552	-0.00016025906879874456
1.0839739156337551	-0.00016025185687601487
1.0889739156337548	-0.00016024424842438873
1.0939739156337547	-0.00016023618102921523
1.0989739156337544	-0.0001602275807753736
1.1039739156337542	-0.00016021835999946178
1.108973915633754	-0.00016020841459143853
1.1139739156337538	-0.0001601976207530305
1.1189739156337537	-0.0001601858311042561
1.1239739156337534	-0.00016017287000634717
1.1289739156337533	-0.0001601585279417399
1.133973915633753	-0.0001601425547602742
1.1389739156337528	-0.00016012465156594067
1.1439739156337525	-0.0001601044609667138
1.1489739156337524	-0.00016008155536106726
1.153973915633752	-0.00016005542286504247
1.158973915633752	-0.00016002545040841253
1.1639739156337519	-0.00015999090342947497
1.1689739156337515	-0.0001599509014953297
1.1739739156337514	-0.00015990438901936045
1.178973915633751	-0.00015985010010760665
1.183973915633751	-0.00015978651634937925
1.1889739156337507	-0.00015971181613239543
1.1939739156337505	-0.00015962381378043926
1.1989739156337504	-0.00015951988644085055
1.2039739156337501	-0.00015939688623033629
1.20897391563375	-0.00015925103460675183
1.2139739156337497	-0.00015907779528340072
1.2189739156337496	-0.00015887172120995625
1.2239739156337492	-0.00015862627015321407
1.2289739156337491	-0.00015833358222281147
1.2339739156337488	-0.00015798421123083709
1.2389739156337487	-0.00015756680000632252
1.2439739156337486	-0.00015706768766903236
1.2489739156337483	-0.00015647043431616772
1.2539739156337482	-0.00015575524552413335
1.2589739156337478	-0.00015489827542697625
1.2639739156337477	-0.00015387078276033283
1.2689739156337474	-0.00015263810902636587
1.2739739156337473	-0.00015115844163231232
1.2789739156337472	-0.0001493813172416149
1.2839739156337469	-0.00014724581139297267
1.2889739156337467	-0.00014467834935936896
1.2939739156337464	-0.00014159005986784774
1.2989739156337463	-0.0001378735773058268
1.303973915633746	-0.00013339917893749462
1.3089739156337459	-0.00012801012098575648
1.3139739156337455	-0.00012151701066920292
1.3189739156337454	-0.00011369101986989145
1.3239739156337453	-0.00010425570951122768
1.328973915633745	-9.287719142546726e-5
1.333973915633745	-7.915230613162583e-5
1.3389739156337446	-6.259444041545308e-5
1.3439739156337445	-4.2616548257028975e-5
1.3489739156337441	-1.851087354086766e-5
1.353973915633744	1.0575194685298654e-5
1.358973915633744	4.5667770100908324e-5
1.3639739156337436	8.800031497867264e-5
1.3689739156337435	0.0001390534213583506
1.3739739156337432	0.00020060127713668829
1.378973915633743	0.0002747655296236583
1.3839739156337427	0.00036407714665006034
1.3879804367253072	0.00044876417119139877
1.3919869578168715	0.0005467367312917018
1.395993478908436	0.0006602223218678132
1.4	0.0007915723418264565
