0.0006999999999999628	-0.00016076930528355262
0.001403500000000035	-0.0001607589798664631
0.0021105174999999296	-0.00016075876493960495
0.0028210700874998964	-0.00016075868731141714
0.003535175437937438	-0.00016075861122539747
0.004252851315127062	-0.00016075853481125512
0.004974115571702636	-0.00016075845803945375
0.005698986149561044	-0.00016075838090636601
0.006427481080308875	-0.00016075830340912892
0.007159618485710418	-0.00016075822554504325
0.007895416578138905	-0.00016075814731142184
0.008634893661029494	-0.00016075806870594344
0.00937806812933463	-0.0001607579897260936
0.010124958469981361	-0.0001607579103695257
0.010875583262331262	-0.00016075783063398955
0.01162996117864295	-0.00016075775051721904
0.012388110984536127	-0.0001607576700170199
0.013150051539458866	-0.0001607575891311953
0.013915801797156208	-0.0001607575078575558
0.014685380806142003	-0.00016075742619390407
0.015458807710172712	-0.00016075734413822048
0.01623610174872358	-0.00016075726168829184
0.017017282257467212	-0.00016075717884201924
0.017802368668754516	-0.0001607570955973323
0.01859138051209827	-0.00016075701195211162
0.019384337414658823	-0.0001607569279041763
0.020181259101732015	-0.00016075684345152498
0.020982165397240727	-0.0001607567585920421
0.02178707622422691	-0.0001607566733236358
0.02259601160534814	-0.00016075658764414956
0.02340899166337483	-0.00016075650155152337
0.024226036621691812	-0.00016075641504367336
0.02504716680480027	-0.00016075632811845072
0.025872402638824326	-0.0001607562407737722
0.02670176465201842	-0.00016075615300757524
0.02753527347527842	-0.0001607560648176586
0.028372949842654864	-0.00016075597620191566
0.0292148145918682	-0.00016075588715827675
0.03006088866482743	-0.00016075579768455199
0.03091119310815165	-0.00016075570777861537
0.0317657490736924	-0.00016075561743835205
0.03262457781906081	-0.00016075552666153223
0.03348770070815601	-0.00016075543544605094
0.034355139211696875	-0.00016075534378978148
0.035226914907755424	-0.00016075525169050142
0.03610304948229413	-0.000160755159146035
0.03698356472970569	-0.0001607550661542001
0.03786848255335419	-0.00016075497271281097
0.038757824966120964	-0.0001607548788196257
0.03965161409095162	-0.00016075478447250384
0.04054987216140643	-0.00016075468966920267
0.04145262152221345	-0.00016075459440742008
0.04235988462982453	-0.00016075449868502853
0.04327168405297366	-0.0001607544024997241
0.0441880424732386	-0.00016075430584925772
0.04510898268560485	-0.00016075420873139118
0.046034527599032954	-0.00016075411114387588
0.04696470023702812	-0.0001607540130843616
0.04789952373821329	-0.00016075391455065046
0.048839021356904266	-0.0001607538155403449
0.04978321646368884	-0.00016075371605121084
0.05073213254600732	-0.00016075361608093347
0.05168579320873729	-0.00016075351562715398
0.052644222174780875	-0.0001607534146875755
0.05360744328565471	-0.00016075331325981292
0.054575480502083065	-0.00016075321134151674
0.05554835790459365	-0.0001607531089303526
0.05652609969411678	-0.00016075300602398304
0.05750873019258755	-0.0001607529026199807
0.05849627384355038	-0.00016075279871591533
0.05948875521276831	-0.0001607526943094878
0.060486198988831924	-0.00016075258939818294
0.061488629983776036	-0.00016075248397965118
0.062496073133695054	-0.0001607523780514022
0.06350855349936363	-0.00016075227161107712
0.06452609626686023	-0.00016075216465615108
0.06554872674819473	-0.0001607520571841628
0.0665764703819355	-0.0001607519491926561
0.06760935273384511	-0.00016075184067918996
0.06864739949751451	-0.00016075173164122606
0.06969063649500218	-0.00016075162207626612
0.07073908967747725	-0.00016075151198177557
0.07179278512586448	-0.00016075140135526602
0.07285174905149387	-0.00016075129019420403
0.07391600779675113	-0.00016075117849599093
0.07498558783573481	-0.00016075106625811016
0.07606051577491364	-0.00016075095347798144
0.07714081835378801	-0.00016075084015302292
0.0782265224455569	-0.0001607507262806288
0.07931765505778446	-0.00016075061185823674
0.08041424333307354	-0.00016075049688323633
0.08151631454973869	-0.00016075038135289932
0.08262389612248718	-0.00016075026526472333
0.08373701560309972	-0.00016075014861592876
0.08485570068111534	-0.00016075003140400467
0.08597997918452092	-0.00016074991362620007
0.08710987908044335	-0.00016074979527975372
0.08824542847584554	-0.00016074967636212976
0.08938665561822474	-0.00016074955687051684
0.0905335888963159	-0.00016074943680217412
0.09168625684079766	-0.00016074931615449567
0.09284468812500156	-0.00016074919492458417
0.09400891156562662	-0.0001607490731097916
0.09517895612345495	-0.00016074895070733572
0.09635485090407213	-0.00016074882771439765
0.09753662515859228	-0.00016074870412821206
0.09872430828438533	-0.0001607485799460245
0.09991792982580742	-0.00016074845516489018
0.10111751947493633	-0.0001607483297820734
0.10232310707231096	-0.00016074820379471139
0.10353472260767245	-0.00016074807719998038
0.1047523962207106	-0.00016074794999493578
0.1059761582018141	-0.0001607478221768223
0.10720603899282295	-0.00016074769374267665
0.10844206918778705	-0.0001607475646895402
0.10968427953372589	-0.00016074743501455542
0.11093270093139453	-0.00016074730471476358
0.11218736443605157	-0.00016074717378729384
0.11344830125823162	-0.00016074704222912413
0.11471554276452282	-0.00016074691003722648
0.11598912047834534	-0.00016074677720867897
0.11726906608073716	-0.0001607466437405489
0.11855541141114084	-0.00016074650962971852
0.11984818846819666	-0.00016074637487320027
0.12114742941053756	-0.00016074623946799434
0.12245316655759021	-0.00016074610341097777
0.12376543239037813	-0.00016074596669910928
0.12508425955233007	-0.00016074582932931313
0.12640968085009188	-0.00016074569129849125
0.12774172925434224	-0.000160745552603561
0.12908043790061416	-0.00016074541324133124
0.13042584009011704	-0.0001607452732086989
0.13177796929056776	-0.00016074513250258137
0.1331368591370207	-0.00016074499111972738
0.13450254343270562	-0.00016074484905693955
0.13587505614986897	-0.0001607447063111156
0.1372544314306183	-0.0001607445628789124
0.13864070358777136	-0.00016074441875722181
0.14003390710571012	-0.0001607442739427176
0.14143407664123844	-0.00016074412843218038
0.14284124702444484	-0.0001607439822223781
0.14425545325956707	-0.00016074383530990363
0.1456767305258648	-0.00016074368769157177
0.14710511417849395	-0.00016074353936404909
0.14854063974938644	-0.00016074339032392973
0.14998334294813345	-0.00016074324056791992
0.1514332596628742	-0.00016074309009264109
0.15289042596118857	-0.0001607429388946672
0.15435487809099444	-0.00016074278697063974
0.15582665248144925	-0.000160742634317196
0.15730578574385642	-0.0001607424809307915
0.1587923146725756	-0.00016074232680803835
0.1602862762459386	-0.0001607421719454848
0.1617877076271685	-0.0001607420163395925
0.16329664616530448	-0.00016074185998690824
0.16481312939613094	-0.00016074170288390025
0.16633719504311156	-0.00016074154502700177
0.16786888101832692	-0.00016074138641272557
0.16940822542341866	-0.00016074122703745605
0.17095526655053575	-0.00016074106689761112
0.17251004288328856	-0.00016074090598959225
0.1740725930977048	-0.00016074074430974753
0.1756429560631934	-0.00016074058185446834
0.17722117084350925	-0.0001607404186200863
0.17880727669772659	-0.0001607402546029056
0.18040131308121543	-0.00016074008979926208
0.18200331964662148	-0.00016073992420533313
0.18361333624485465	-0.00016073975781751834
0.18523140292607912	-0.00016073959063198773
0.18685755994070938	-0.0001607394226449575
0.18849184774041308	-0.00016073925385265121
0.19013430697911532	-0.00016073908425131496
0.19178497851401088	-0.0001607389138369896
0.19344390340658082	-0.00016073874260586705
0.19511112292361377	-0.0001607385705540933
0.1967866785382319	-0.00016073839767774875
0.19847061193092289	-0.00016073822397287663
0.2001629649905775	-0.00016073804943559264
0.20186377981553055	-0.00016073787406187774
0.20357309871460819	-0.00016073769784788106
0.2052909642081813	-0.00016073752078936033
0.207017419029222	-0.00016073734288253792
0.20875250612436788	-0.00016073716412313039
0.21049626865498966	-0.00016073698450717246
0.21224874999826462	-0.000160736804030548
0.21400999374825602	-0.0001607366226891593
0.2157800437169973	-0.00016073644047888793
0.21755894393558234	-0.0001607362573954479
0.21934673865526005	-0.00016073607343468704
0.2211434723485364	-0.0001607358885924461
0.22294918971027902	-0.00016073570286440238
0.22476393565883038	-0.00016073551624633324
0.22658775533712455	-0.00016073532873389914
0.22842069411381005	-0.00016073514032276817
0.23026279758437915	-0.00016073495100863992
0.23211411157230094	-0.00016073476078710497
0.23397468213016254	-0.00016073456965370357
0.23584455554081346	-0.00016073437760412917
0.23772377831851751	-0.0001607341846338122
0.23961239721011024	-0.0001607339907382348
0.24151045919616082	-0.000160733795913013
0.24341801149214168	-0.0001607336001534466
0.24533510154960245	-0.0001607334034550529
0.24726177705735047	-0.00016073320581316
0.2491980859426373	-0.0001607330072231107
0.25114407637235053	-0.00016073280768029812
0.2530997967542124	-0.0001607326071799897
0.2550652957379834	-0.00016073240571741324
0.2570406222166734	-0.0001607322032878148
0.25902582532775686	-0.00016073199988640954
0.26102095445439577	-0.00016073179550833786
0.2630260592266676	-0.00016073159014867743
0.26504118952280104	-0.00016073138380258672
0.26706639547041516	-0.00016073117646510574
0.26910172744776706	-0.00016073096813119984
0.27114723608500574	-0.00016073075879584768
0.2732029722654309	-0.00016073054845399125
0.2752689871267581	-0.00016073033710061295
0.2773453320623917	-0.00016073012473046097
0.2794320587227036	-0.0001607299113384188
0.281529219016317	-0.0001607296969192222
0.2836368651113984	-0.00016072948146764985
0.28575504943695557	-0.00016072926497833124
0.28788382468414025	-0.00016072904744596125
0.2900232438075611	-0.00016072882886514035
0.29217336002659877	-0.00016072860923033917
0.29433422682673194	-0.00016072838853623737
0.29650589796086546	-0.0001607281667771729
0.29868842745066976	-0.00016072794394761015
0.30088186958792296	-0.00016072772004182062
0.30308627893586265	-0.00016072749505422062
0.305301710330542	-0.00016072726897898738
0.3075282188821948	-0.00016072704181046375
0.30976585997660583	-0.00016072681354263138
0.31201468927648873	-0.000160726584169732
0.31427476272287097	-0.00016072635368573104
0.3165461365364855	-0.00016072612208463502
0.318828867219168	-0.0001607258893603444
0.3211230115552639	-0.00016072565550675352
0.32342862661304006	-0.0001607254205176371
0.3257457697461053	-0.00016072518438674035
0.32807449859483556	-0.00016072494710778722
0.33041487108780954	-0.00016072470867430555
0.3327669454432486	-0.00016072446907993687
0.33513078017046477	-0.00016072422831803568
0.33750643407131686	-0.00016072398638209724
0.33989396624167323	-0.00016072374326537905
0.3422934360728816	-0.00016072349896114737
0.34470490325324576	-0.00016072325346261332
0.3471284277695118	-0.00016072300676277823
0.34956406990835936	-0.0001607227588547311
0.3520118902579012	-0.0001607225097314222
0.3544719497091907	-0.00016072225938568955
0.35694430945773664	-0.00016072200781023181
0.3594290310050252	-0.00016072175499778094
0.36192617616005013	-0.0001607215009408993
0.3644358070408504	-0.00016072124563208909
0.36695798607605457	-0.0001607209890636721
0.36949277600643504	-0.00016072073122793513
0.37204023988646695	-0.0001607204721171997
0.374600441085899	-0.00016072021172339272
0.3771734432913285	-0.00016071995003858597
0.379759310507785	-0.0001607196870545384
0.3823581070603237	-0.00016071942276309824
0.3849698975956254	-0.00016071915715587323
0.3875947470836033	-0.0001607188902243369
0.39023272081902133	-0.0001607186219599124
0.3928838844231162	-0.00016071835235389366
0.39554830384523165	-0.00016071808139740432
0.3982260453644579	-0.00016071780908132768
0.4009171755912802	-0.0001607175353966895
0.4036217614692367	-0.00016071726033402826
0.4063398702765827	-0.00016071698388400176
0.40907156962796565	-0.00016071670603707886
0.41181692747610543	-0.00016071642678349167
0.41457601211348605	-0.00016071614611322692
0.4173488921740533	-0.00016071586401638504
0.4201356366349237	-0.00016071558048258303
0.42293631481809807	-0.00016071529550156747
0.4257509963921885	-0.00016071500906262998
0.42857975137414944	-0.00016071472115499112
0.4314226501310203	-0.00016071443176769474
0.43427976338167545	-0.00016071414088960343
0.43715116219858396	-0.00016071384850937056
0.440036918009577	-0.00016071355461527625
0.44293710259962477	-0.00016071325919566893
0.4458517881126228	-0.0001607129622384477
0.4487810470531859	-0.00016071266373131272
0.45172495228845155	-0.00016071236366180242
0.45468357704989376	-0.00016071206201716774
0.45765699493514306	-0.00016071175878439218
0.46064527990981863	-0.0001607114539502395
0.4636485063093676	-0.00016071114750111014
0.4666667488409145	-0.00016071083942312275
0.4697000825851191	-0.0001607105297023003
0.4727485829980444	-0.0001607102183241091
0.4758123259130346	-0.00016070990527380105
0.47889138754259974	-0.00016070959053640193
0.4819858444803126	-0.00016070927409639636
0.4850957737027142	-0.00016070895593810986
0.48822125257122767	-0.00016070863604539888
0.49136235883408375	-0.00016070831440181428
0.49451917062825407	-0.0001607079909904975
0.49769176648139524	-0.00016070766579411022
0.5008802253138022	-0.0001607073387949253
0.5040846264403713	-0.00016070700997506494
0.5073050495725733	-0.00016070667931573283
0.510541574820436	-0.00016070634679807023
0.5137942826945383	-0.00016070601240242416
0.5170632541080108	-0.00016070567610897634
0.520348570378551	-0.00016070533789693876
0.5236503132304436	-0.0001607049977455859
0.5269685647965956	-0.0001607046556330912
0.5303034076205784	-0.00016070431153735224
0.5336549246586811	-0.00016070396543568964
0.5370231992819746	-0.0001607036173044405
0.5404083152783844	-0.00016070326711977213
0.5438103568547764	-0.000160702914856822
0.5472294086390501	-0.00016070256049026014
0.5506655556822453	-0.00016070220399386716
0.5541188834606565	-0.00016070184534067882
0.5575894778779599	-0.00016070148450304935
0.5610774252673494	-0.0001607011214525037
0.564582812393686	-0.00016070075615946442
0.5681057264556543	-0.00016070038859389022
0.5716462550879327	-0.00016070001872436646
0.5752044863633723	-0.00016069964651880753
0.578780508795189	-0.0001606992719440642
0.5823744113391649	-0.000160698894965797
0.5859862833958606	-0.0001606985155487691
0.5896162148128399	-0.00016069813365639322
0.5932642958869042	-0.00016069774925102858
0.5969306173663387	-0.00016069736229375943
0.6006152704531702	-0.0001606969727443551
0.6043183468054361	-0.0001606965805611598
0.6080399385394633	-0.0001606961857012108
0.6117801382321605	-0.00016069578811984841
0.615539038923321	-0.00016069538777120572
0.6193167341179376	-0.0001606949846073882
0.6231133177885273	-0.0001606945785790334
0.6269288843774701	-0.0001606941696349901
0.6307635287993573	-0.00016069375772207034
0.6346173464433539	-0.00016069334278527263
0.6384904331755705	-0.00016069292476749935
0.6423828853414483	-0.0001606925036095533
0.6462947997681555	-0.0001606920792498289
0.6502262737669962	-0.00016069165162440065
0.6541774051358311	-0.00016069122066695614
0.6581482921615099	-0.00016069078630845724
0.6621390336223173	-0.0001606903484770156
0.6661497287904288	-0.0001606899070982166
0.6701804774343807	-0.00016068946209414446
0.6742313798215525	-0.00016068901338399646
0.6783025367206603	-0.00016068856088341388
0.6823940494042636	-0.00016068810450457955
0.6865060196512851	-0.00016068764415604016
0.6906385497495416	-0.0001606871797422101
0.6947917424982893	-0.0001606867111634258
0.6989657012107808	-0.00016068623831561418
0.7031605297168348	-0.00016068576109013312
0.7073763323654189	-0.00016068527937341815
0.7116132140272461	-0.00016068479304677283
0.715871280097382	-0.00016068430198591527
0.7201506364978687	-0.0001606838060608824
0.7244513896803577	-0.00016068330513559098
0.7287736466287593	-0.00016068279906754154
0.733117514861903	-0.00016068228770717
0.7374831024362126	-0.00016068177089773695
0.7418705179483935	-0.00016068124847508055
0.7462798705381356	-0.0001606807202663531
0.7507112698908263	-0.0001606801860902269
0.7551648262402804	-0.00016067964575611622
0.759640650371482	-0.0001606790990635801
0.7641388536233394	-0.00016067854580163523
0.7686595478914561	-0.00016067798574837834
0.7732028456309133	-0.00016067741866956095
0.7777688598590677	-0.00016067684431881926
0.7823577041583629	-0.0001606762624356668
0.7869694926791548	-0.00016067567274556245
0.7916043401425507	-0.0001606750749582562
0.7962623618432633	-0.00016067446876703582
0.8009436736524796	-0.00016067385384728645
0.805648392020742	-0.00016067322985565766
0.8103766339808457	-0.00016067259642817833
0.81512851715075	-0.000160671953178943
0.8199041597365035	-0.00016067129969858757
0.8247036805351862	-0.00016067063555230007
0.8295271989378621	-0.00016066996027790144
0.8343748349325514	-0.00016066927338402267
0.8392467091072142	-0.00016066857434681757
0.8441429426527504	-0.0001606678626087215
0.849063657366014	-0.00016066713757453054
0.8540089756528442	-0.00016066639860869123
0.8589790205311084	-0.00016066564503167607
0.863973915633764	-0.00016066487611640298
0.8689739156337638	-0.0001606640930722694
0.8739739156337636	-0.00016066329685114817
0.8789739156337634	-0.0001606624870807856
0.8839739156337632	-0.00016066166305617823
0.8889739156337629	-0.00016066082402533047
0.8939739156337627	-0.00016065996918637336
0.8989739156337626	-0.00016065909768314421
0.9039739156337624	-0.00016065820860049258
0.9089739156337622	-0.00016065730095919529
0.913973915633762	-0.00016065637370898638
0.9189739156337617	-0.00016065542572303592
0.9239739156337615	-0.00016065445578986772
0.9289739156337613	-0.00016065346260468383
0.9339739156337611	-0.0001606524447603839
0.938973915633761	-0.0001606514007364943
0.9439739156337608	-0.00016065032888640132
0.9489739156337605	-0.000160649227423825
0.9539739156337603	-0.0001606480944072188
0.9589739156337601	-0.00016064692772081336
0.9639739156337599	-0.0001606457250539993
0.9689739156337597	-0.00016064448387668385
0.9739739156337595	-0.0001606432014124448
0.9789739156337594	-0.000160641874605142
0.9839739156337591	-0.00016064050008227765
0.9889739156337589	-0.00016063907411146866
0.9939739156337587	-0.00016063759254956366
0.9989739156337585	-0.00016063605078386935
1.0039739156337584	-0.00016063444366243304
1.008973915633758	-0.00016063276541334836
1.013973915633758	-0.00016063100954915544
1.0189739156337576	-0.00016062916875508933
1.0239739156337575	-0.00016062723475528378
1.0289739156337572	-0.00016062519815837552
1.033973915633757	-0.00016062304827012722
1.038973915633757	-0.00016062077287561454
1.0439739156337566	-0.00016061835797836124
1.0489739156337565	-0.00016061578749049918
1.0539739156337562	-0.00016061304286490172
1.058973915633756	-0.00016061010265646896
1.0639739156337558	-0.00016060694199857164
1.0689739156337557	-0.0001606035319796892
1.0739739156337553	-0.0001605998388960762
1.0789739156337552	-0.00016059582336009669
1.0839739156337551	-0.00016059143923274056
1.0889739156337548	-0.00016058663234335527
1.0939739156337547	-0.00016058133895811345
1.0989739156337544	-0.0001605754839408266
1.1039739156337542	-0.00016056897854736208
1.108973915633754	-0.00016056171777729418
1.1139739156337538	-0.00016055357719297616
1.1189739156337537	-0.00016054440909725893
1.1239739156337534	-0.0001605340379388252
1.1289739156337533	-0.00016052225478753172
1.133973915633753	-0.0001605088106890984
1.1389739156337528	-0.00016049340866978082
1.1439739156337525	-0.0001604756941153875
1.1489739156337524	-0.0001604552431905327
1.153973915633752	-0.00016043154889943282
1.158973915633752	-0.00016040400430254866
1.1639739156337519	-0.0001603718823094613
1.1689739156337515	-0.00016033431134785777
1.1739739156337514	-0.00016029024606280473
1.178973915633751	-0.00016023843203495552
1.183973915633751	-0.00016017736329211474
1.1889739156337507	-0.00016010523114430374
1.1939739156337505	-0.00016001986257001836
1.1989739156337504	-0.00015991864601842657
1.2039739156337501	-0.00015979844205798633
1.20897391563375	-0.00015965547577222078
1.2139739156337497	-0.00015948520716484922
1.2189739156337496	-0.00015928217506876684
1.2239739156337492	-0.00015903980911113072
1.2289739156337491	-0.00015875020316264568
1.2339739156337488	-0.00015840384231013394
1.2389739156337487	-0.00015798927373238432
1.2439739156337486	-0.00015749270981592676
1.2489739156337483	-0.00015689754939323628
1.2539739156337482	-0.0001561837999878685
1.2589739156337478	-0.00015532738033881342
1.2639739156337477	-0.00015429927810990617
1.2689739156337474	-0.00015306453243995428
1.2739739156337473	-0.00015158100470088174
1.2789739156337472	-0.00014979789333293534
1.2839739156337469	-0.00014765393972456355
1.2889739156337467	-0.00014507526158916864
1.2939739156337464	-0.00014197273794039526
1.2989739156337463	-0.00013823885532926282
1.303973915633746	-0.0001337439082652295
1.3089739156337459	-0.0001283314274677211
1.3139739156337455	-0.00012181268770957775
1.3189739156337454	-0.00011396012250625135
1.3239739156337453	-0.00010449944613412882
1.328973915633745	-9.310025510971422e-5
1.333973915633745	-7.936485270446274e-5
1.3389739156337446	-6.281501352416745e-5
1.3439739156337445	-4.287638413568858e-5
1.3489739156337441	-1.8860205332446222e-5
1.353973915633744	1.0057950696986095e-5
1.358973915633744	4.486269908747678e-5
1.3639739156337436	8.672680984294896e-5
1.3689739156337435	0.0001370426800095754
1.3739739156337432	0.00019745714884105342
1.378973915633743	0.0002699091730948442
1.3839739156337427	0.00035666943137934153
1.3879804367253072	0.000438442258297352
1.3919869578168715	0.0005324895580134519
1.395993478908436	0.000640686799431848
1.4	0.0007649531969007504
