0.0006999999999999628	-0.0001747822431450913
0.001403500000000035	-0.00017477655384790888
0.0021105174999999296	-0.00017477420495477878
0.0028210700874998964	-0.00017477187018596929
0.003535175437937438	-0.00017476952140120983
0.004252851315127062	-0.00017476715825880357
0.004974115571702636	-0.0001747647806525786
0.005698986149561044	-0.00017476238847792088
0.006427481080308875	-0.000174759981629098
0.007159618485710418	-0.00017475755999998326
0.007895416578138905	-0.00017475512348323277
0.008634893661029494	-0.00017475267197076486
0.00937806812933463	-0.0001747502053536226
0.010124958469981361	-0.00017474772352181505
0.010875583262331262	-0.00017474522636468453
0.01162996117864295	-0.00017474271377013027
0.012388110984536127	-0.00017474018562552035
0.013150051539458866	-0.00017473764181704732
0.013915801797156208	-0.00017473508222973826
0.014685380806142003	-0.00017473250674803498
0.015458807710172712	-0.00017472991525479067
0.01623610174872358	-0.00017472730763231872
0.017017282257467212	-0.00017472468376154528
0.017802368668754516	-0.00017472204352254135
0.01859138051209827	-0.00017471938679397155
0.019384337414658823	-0.0001747167134538333
0.020181259101732015	-0.00017471402337856926
0.020982165397240727	-0.00017471131644377234
0.02178707622422691	-0.00017470859252385903
0.02259601160534814	-0.00017470585149199547
0.02340899166337483	-0.00017470309322043157
0.024226036621691812	-0.00017470031757964945
0.02504716680480027	-0.00017469752443971388
0.025872402638824326	-0.000174694713668753
0.02670176465201842	-0.00017469188513426516
0.02753527347527842	-0.00017468903870211108
0.028372949842654864	-0.00017468617423702632
0.0292148145918682	-0.0001746832916024076
0.03006088866482743	-0.0001746803906605336
0.03091119310815165	-0.0001746774712722695
0.0317657490736924	-0.00017467453329708194
0.03262457781906081	-0.00017467157659320964
0.03348770070815601	-0.00017466860101761892
0.034355139211696875	-0.00017466560642568377
0.035226914907755424	-0.00017466259267153578
0.03610304948229413	-0.0001746595596080468
0.03698356472970569	-0.0001746565070863462
0.03786848255335419	-0.00017465343495635024
0.038757824966120964	-0.00017465034306651727
0.03965161409095162	-0.0001746472312637545
0.04054987216140643	-0.00017464409939367296
0.04145262152221345	-0.00017464094729999726
0.04235988462982453	-0.00017463777482526312
0.04327168405297366	-0.00017463458181037972
0.0441880424732386	-0.00017463136809474792
0.04510898268560485	-0.00017462813351599697
0.046034527599032954	-0.00017462487791048098
0.04696470023702812	-0.0001746216011125884
0.04789952373821329	-0.00017461830295523056
0.048839021356904266	-0.00017461498326966764
0.04978321646368884	-0.00017461164188551585
0.05073213254600732	-0.00017460827863064406
0.05168579320873729	-0.00017460489333111912
0.052644222174780875	-0.00017460148581144872
0.05360744328565471	-0.00017459805589413826
0.054575480502083065	-0.00017459460340017824
0.055548357904593434	-0.00017459112814854417
0.056526099694116344	-0.0001745876299564724
0.0575087301925869	-0.00017458410863937615
0.05849627384354973	-0.0001745805640105951
0.05948875521276744	-0.0001745769958817924
0.06048619898883127	-0.0001745734040626995
0.061488629983775384	-0.00017456978836090373
0.06249607313369419	-0.00017456614858209934
0.06350855349936275	-0.0001745624845301934
0.06452609626685958	-0.00017455879600671668
0.06554872674819387	-0.00017455508281130383
0.06657647038193484	-0.0001745513447416042
0.06760935273384447	-0.00017454758159309337
0.06864739949751365	-0.00017454379315901268
0.0696906364950013	-0.00017453997923062349
0.07073908967747639	-0.0001745361395968715
0.07179278512586384	-0.00017453227404451587
0.07285174905149322	-0.00017452838235804745
0.0739160077967507	-0.00017452446431976003
0.07498558783573436	-0.000174520519709435
0.07606051577491299	-0.0001745165483049203
0.07714081835378758	-0.00017451254988118555
0.07822652244555647	-0.00017450852421129932
0.07931765505778425	-0.0001745044710654913
0.0804142433330731	-0.0001745003902116984
0.08151631454973848	-0.0001744962814154853
0.08262389612248718	-0.00017449214443967243
0.0837370156030995	-0.00017448797904465592
0.0848557006811149	-0.00017448378498827668
0.0859799791845205	-0.00017447956202543716
0.08710987908044313	-0.00017447530990879906
0.08824542847584534	-0.00017447102838802727
0.08938665561822454	-0.00017446671721018303
0.09053358889631567	-0.00017446237611946385
0.09168625684079722	-0.00017445800485739118
0.09284468812500112	-0.00017445360316238286
0.09400891156562617	-0.00017444917077031046
0.0951789561234543	-0.00017444470741377456
0.09635485090407148	-0.00017444021282272037
0.09753662515859184	-0.0001744356867238043
0.0987243082843847	-0.00017443112884072616
0.09991792982580656	-0.00017442653889417718
0.10111751947493569	-0.0001744219166015883
0.10232310707231031	-0.00017441726167742003
0.1035347226076718	-0.00017441257383255025
0.10475239622071016	-0.00017440785277491813
0.10597615820181366	-0.00017440309820898302
0.10720603899282274	-0.00017439830983588203
0.10844206918778684	-0.000174393487353377
0.10968427953372567	-0.00017438863045569306
0.1109327009313943	-0.00017438373883361185
0.11218736443605135	-0.00017437881217435326
0.11344830125823162	-0.00017437385016154744
0.11471554276452282	-0.0001743688524750616
0.11598912047834534	-0.0001743638187911458
0.11726906608073695	-0.00017435874878242886
0.11855541141114062	-0.00017435364211736522
0.11984818846819621	-0.00017434849846082096
0.12114742941053713	-0.00017434331747387486
0.12245316655758978	-0.00017433809881318277
0.1237654323903777	-0.00017433284213169364
0.12508425955232963	-0.00017432754707815077
0.12640968085009122	-0.00017432221329723068
0.1277417292543416	-0.00017431684042921194
0.1290804379006133	-0.00017431142811029092
0.13042584009011637	-0.00017430597597224278
0.1317779692905669	-0.00017430048364249265
0.13313685913701961	-0.00017429495074399066
0.13450254343270476	-0.00017428937689498443
0.13587505614986833	-0.00017428376170947063
0.13725443143061763	-0.0001742781047964023
0.13864070358777073	-0.00017427240576030519
0.14003390710570945	-0.00017426666420076038
0.14143407664123803	-0.00017426087971250887
0.1428412470244442	-0.00017425505188527738
0.1442554532595664	-0.00017424918030400208
0.14567673052586416	-0.00017424326454829265
0.1471051141784935	-0.00017423730419265988
0.14854063974938603	-0.00017423129880638093
0.149983342948133	-0.00017422524795347497
0.15143325966287374	-0.00017421915119251828
0.15289042596118813	-0.00017421300807648322
0.15435487809099402	-0.0001742068181531151
0.15582665248144906	-0.00017420058096403112
0.1573057857438562	-0.00017419429604555417
0.15879231467257537	-0.0001741879629280755
0.16028627624593816	-0.00017418158113598287
0.16178770762716785	-0.0001741751501876389
0.16329664616530362	-0.0001741686695954969
0.16481312939613008	-0.0001741621388657364
0.1663371950431107	-0.0001741555574982448
0.16786888101832628	-0.00017414892498665788
0.1694082254234178	-0.00017414224081795047
0.1709552665505349	-0.00017413550447283388
0.17251004288328747	-0.00017412871542512744
0.17407259309770393	-0.00017412187314175539
0.17564295606319252	-0.00017411497708329663
0.17722117084350858	-0.00017410802670287718
0.17880727669772617	-0.00017410102144675523
0.18040131308121476	-0.0001740939607539968
0.18200331964662084	-0.00017408684405625826
0.18361333624485401	-0.0001740796707779401
0.18523140292607826	-0.0001740724403358513
0.18685755994070874	-0.00017406515213909784
0.1884918477404122	-0.00017405780558920223
0.19013430697911424	-0.00017405040007961557
0.1917849785140098	-0.00017404293499592274
0.19344390340657974	-0.00017403540971553907
0.19511112292361268	-0.00017402782360755143
0.1967866785382308	-0.00017402017603287823
0.19847061193092203	-0.0001740124663437542
0.20016296499057665	-0.00017400469388375895
0.20186377981552947	-0.000173996857987677
0.2035730987146071	-0.0001739889579816286
0.20529096420818022	-0.00017398099318234787
0.20701741902922113	-0.00017397296289760295
0.20875250612436722	-0.0001739648664255713
0.210496268654989	-0.00017395670305533797
0.21224874999826396	-0.00017394847206570225
0.21400999374825516	-0.00017394017272638984
0.21578004371699644	-0.0001739318042967349
0.21755894393558148	-0.00017392336602601726
0.2193467386552594	-0.00017391485715321822
0.22114347234853576	-0.00017390627690704649
0.22294918971027836	-0.00017389762450552868
0.2247639356588297	-0.00017388889915577327
0.2265877553371239	-0.0001738801000540733
0.2284206941138094	-0.0001738712263855662
0.23026279758437848	-0.0001738622773240952
0.23211411157230027	-0.00017385325203192155
0.23397468213016168	-0.0001738441496598125
0.23584455554081238	-0.0001738349693465052
0.23772377831851643	-0.0001738257102186593
0.23961239721010893	-0.00017381637139083915
0.24151045919615952	-0.00017380695196498924
0.24341801149214037	-0.00017379745103037578
0.24533510154960114	-0.00017378786766352226
0.24726177705734917	-0.0001737782009277745
0.24919808594263576	-0.00017376844987316867
0.251144076372349	-0.00017375861353625475
0.2530997967542107	-0.00017374869093976798
0.2550652957379817	-0.00017373868109250945
0.2570406222166717	-0.00017372858298898229
0.2590258253277551	-0.00017371839560937832
0.26102095445439405	-0.00017370811791891791
0.2630260592266659	-0.00017369774886812092
0.2650411895227993	-0.00017368728739216576
0.2670663954704134	-0.00017367673241076978
0.26910172744776534	-0.0001736660828279668
0.27114723608500396	-0.00017365533753169445
0.27320297226542917	-0.00017364449539349698
0.27526898712675635	-0.0001736335552685721
0.27734533206239	-0.0001736225159950916
0.2794320587227019	-0.00017361137639412206
0.2815292190163153	-0.0001736001352690531
0.2836368651113967	-0.0001735887914059058
0.28575504943695385	-0.0001735773435721216
0.28788382468413853	-0.00017356579051703514
0.29002324380755934	-0.00017355413097096438
0.29217336002659705	-0.0001735423636453082
0.29433422682673016	-0.00017353048723189936
0.29650589796086374	-0.00017351850040275675
0.29868842745066804	-0.00017350640180966944
0.30088186958792124	-0.00017349419008385708
0.3030862789358609	-0.00017348186383557153
0.30530171033054027	-0.00017346942165375715
0.307528218882193	-0.00017345686210539093
0.30976585997660405	-0.00017344418373543027
0.312014689276487	-0.0001734313850661845
0.31427476272286925	-0.00017341846459669347
0.3165461365364837	-0.00017340542080266491
0.3188288672191662	-0.0001733922521356229
0.32112301155526213	-0.0001733789570226525
0.32342862661303834	-0.00017336553386593657
0.3257457697461036	-0.00017335198104201322
0.32807449859483384	-0.00017333829690146138
0.3304148710878078	-0.00017332447976815964
0.33276694544324686	-0.00017331052793898033
0.33513078017046305	-0.00017329643968292064
0.33750643407131514	-0.00017328221324084287
0.3398939662416715	-0.00017326784682450942
0.3422934360728799	-0.00017325333861625234
0.34470490325324404	-0.00017323868676804178
0.3471284277695101	-0.00017322388940103217
0.34956406990835764	-0.00017320894460487178
0.3520118902578995	-0.00017319385043668378
0.354471949709189	-0.0001731786049207612
0.3569443094577349	-0.00017316320604744492
0.3594290310050235	-0.00017314765177254716
0.3619261761600484	-0.00017313194001638722
0.3644358070408486	-0.00017311606866323296
0.36695798607605284	-0.00017310003555988415
0.36949277600643327	-0.00017308383851534774
0.37204023988646523	-0.00017306747529958688
0.3746004410858973	-0.00017305094364272633
0.3771734432913268	-0.00017303424123384727
0.3797593105077832	-0.00017301736572009134
0.3823581070603219	-0.0001730003147057154
0.38496989759562367	-0.00017298308575086353
0.3875947470836016	-0.00017296567637018696
0.3902327208190196	-0.00017294808403208863
0.3928838844231145	-0.00017293030615742015
0.39554830384522993	-0.00017291234011803348
0.3982260453644561	-0.00017289418323540855
0.4009171755912785	-0.00017287583277986003
0.40362176146923495	-0.00017285728596836523
0.40633987027658097	-0.00017283853996376722
0.4090715696279639	-0.00017281959187296953
0.4118169274761037	-0.00017280043874533485
0.4145760121134843	-0.00017278107757130582
0.4173488921740515	-0.00017276150528070468
0.4201356366349219	-0.00017274171874084138
0.42293631481809635	-0.00017272171475485185
0.4257509963921868	-0.00017270149006010685
0.42857975137414767	-0.00017268104132585495
0.43142265013101855	-0.0001726603651515586
0.43427976338167373	-0.00017263945806472703
0.43715116219858224	-0.0001726183165190915
0.44003691800957523	-0.0001725969368920636
0.44293710259962304	-0.00017257531548264305
0.4458517881126211	-0.00017255344850908711
0.44878104705318417	-0.00017253133210673062
0.45172495228844983	-0.0001725089623248589
0.45468357704989204	-0.00017248633512499922
0.4576569949351413	-0.0001724634463773671
0.46064527990981685	-0.00017244029185872048
0.4636485063093658	-0.0001724168672492997
0.4666667488409128	-0.00017239316812988622
0.4697000825851173	-0.00017236918997853588
0.4727485829980427	-0.0001723449281677992
0.47581232591303285	-0.00017232037796118078
0.478891387542598	-0.0001722955345095655
0.48198584448031084	-0.00017227039284810661
0.4850957737027124	-0.00017224494789238684
0.48822125257122595	-0.0001722191944345475
0.49136235883408197	-0.00017219312713941196
0.4945191706282523	-0.00017216674054062623
0.4976917664813935	-0.00017214002903624963
0.5008802253138004	-0.0001721129868843495
0.5040846264403696	-0.00017208560819892638
0.5073050495725715	-0.00017205788694463388
0.5105415748204343	-0.0001720298169323997
0.5137942826945365	-0.0001720013918142416
0.517063254108009	-0.00017197260507799018
0.5203485703785492	-0.0001719434500422232
0.5236503132304419	-0.00017191391985022522
0.5269685647965939	-0.00017188400746437165
0.5303034076205766	-0.00017185370566022608
0.5336549246586795	-0.00017182300702037702
0.5370231992819728	-0.00017179190392742957
0.5404083152783826	-0.00017176038855782832
0.5438103568547747	-0.00017172845287481602
0.5472294086390483	-0.00017169608862074116
0.5506655556822436	-0.00017166328731001696
0.5541188834606549	-0.0001716300402210922
0.5575894778779582	-0.00017159633838819847
0.5610774252673477	-0.0001715621725931114
0.5645828123936844	-0.00017152753335615252
0.5681057264556525	-0.00017149241092737733
0.5716462550879309	-0.0001714567952766729
0.5752044863633705	-0.0001714206760839538
0.5787805087951873	-0.0001713840427292555
0.5823744113391631	-0.00017134688428143918
0.5859862833958588	-0.0001713091894874848
0.5896162148128381	-0.00017127094676072852
0.5932642958869024	-0.0001712321441687466
0.5969306173663369	-0.0001711927694207791
0.6006152704531684	-0.00017115280985467886
0.6043183468054344	-0.0001711122524231905
0.6080399385394615	-0.0001710710836795447
0.6117801382321587	-0.0001710292897631409
0.6155390389233192	-0.00017098685638317082
0.6193167341179359	-0.00017094376880341666
0.6231133177885255	-0.000170900011824619
0.6269288843774683	-0.00017085556976727397
0.6307635287993556	-0.0001708104264533205
0.6346173464433522	-0.0001707645651866125
0.6384904331755688	-0.0001707179687334405
0.6423828853414466	-0.00017067061930110133
0.6462947997681537	-0.00017062249851609868
0.6502262737669944	-0.00017057358740186771
0.6541774051358293	-0.00017052386635415392
0.6581482921615082	-0.000170473315116544
0.6621390336223156	-0.00017042191275429128
0.6661497287904271	-0.00017036963762678332
0.6701804774343789	-0.00017031646735936665
0.6742313798215507	-0.000170262378812999
0.6783025367206585	-0.00017020734805320149
0.682394049404262	-0.00017015135031715856
0.6865060196512833	-0.00017009435997916413
0.6906385497495399	-0.0001700363505148109
0.6947917424982876	-0.00016997729446304423
0.6989657012107791	-0.00016991716338610888
0.7031605297168331	-0.00016985592782823528
0.7073763323654171	-0.0001697935572714082
0.7116132140272443	-0.00016973002008902367
0.7158712800973803	-0.00016966528349753407
0.7201506364978669	-0.00016959931350457832
0.724451389680356	-0.00016953207485497312
0.7287736466287575	-0.00016946353097290907
0.7331175148619014	-0.00016939364390118996
0.737483102436211	-0.00016932237423634237
0.7418705179483918	-0.0001692496810595671
0.7462798705381338	-0.0001691755218630398
0.7507112698908246	-0.00016909985247139822
0.7551648262402787	-0.00016902262695662394
0.7596406503714802	-0.00016894379754718708
0.7641388536233378	-0.00016886331452935666
0.7686595478914543	-0.00016878112614016077
0.7732028456309116	-0.00016869717845093585
0.777768859859066	-0.00016861141523990574
0.7823577041583611	-0.0001685237778520429
0.7869694926791531	-0.00016843420504484077
0.7916043401425489	-0.00016834263281668524
0.7962623618432616	-0.00016824899421707907
0.8009436736524779	-0.0001681532191332806
0.8056483920207402	-0.0001680552340520398
0.8103766339808439	-0.00016795496179094932
0.8151285171507483	-0.0001678523211949717
0.8199041597365018	-0.00016774722679309764
0.8247036805351844	-0.00016763958840849532
0.8295271989378604	-0.00016752931071468055
0.8343748349325497	-0.00016741629273063719
0.8392467091072124	-0.0001673004272449285
0.8441429426527486	-0.00016718160015883086
0.8490636573660123	-0.00016705968973716468
0.8540089756528424	-0.0001669345657545445
0.8589790205311068	-0.0001668060885230236
0.8639739156337622	-0.0001666741077850651
0.868973915633762	-0.00016653899680612477
0.8739739156337618	-0.0001664007701027838
0.8789739156337616	-0.0001662592951617658
0.8839739156337615	-0.000166114426289586
0.8889739156337613	-0.00016596600532549523
0.893973915633761	-0.00016581386026963437
0.8989739156337608	-0.00016565780376726912
0.9039739156337606	-0.00016549763144020678
0.9089739156337604	-0.00016533312004496928
0.9139739156337602	-0.00016516402543799067
0.91897391563376	-0.00016499008031861006
0.9239739156337599	-0.00016481099171782528
0.9289739156337596	-0.0001646264381917807
0.9339739156337594	-0.00016443606667204016
0.9389739156337592	-0.0001642394889157724
0.943973915633759	-0.00016403627748584696
0.9489739156337588	-0.0001638259611832102
0.9539739156337586	-0.00016360801983459
0.9589739156337583	-0.000163381878327279
0.9639739156337582	-0.00016314689976041992
0.968973915633758	-0.0001629023775630804
0.9739739156337578	-0.0001626475264002854
0.9789739156337576	-0.00016238147166249597
0.9839739156337574	-0.00016210323729362627
0.9889739156337571	-0.0001618117316721793
0.9939739156337569	-0.00016150573121010716
0.9989739156337567	-0.00016118386127101907
1.0039739156337566	-0.00016084457394128953
1.0089739156337563	-0.00016048612209769412
1.0139739156337562	-0.00016010652911790767
1.0189739156337558	-0.0001597035534547515
1.0239739156337557	-0.0001592746471544927
1.0289739156337556	-0.00015881690722506126
1.0339739156337553	-0.00015832701855728225
1.0389739156337552	-0.0001578011868594696
1.0439739156337549	-0.00015723505977636797
1.0489739156337547	-0.00015662363402111964
1.0539739156337544	-0.00015596114594200428
1.0589739156337543	-0.00015524094246185973
1.0639739156337542	-0.00015445532875595894
1.0689739156337539	-0.00015359538835558675
1.0739739156337538	-0.00015265077056336477
1.0789739156337534	-0.00015160943911932356
1.0839739156337533	-0.000150457374941602
1.088973915633753	-0.00014917822445407246
1.093973915633753	-0.00014775288347726375
1.0989739156337526	-0.0001461590048610479
1.1039739156337525	-0.00014437041594314007
1.1089739156337524	-0.00014235642949364267
1.113973915633752	-0.00014008102900096172
1.118973915633752	-0.0001375019059522626
1.1239739156337516	-0.00013456932310725224
1.1289739156337515	-0.00013122477366823981
1.1339739156337512	-0.0001273994016979137
1.138973915633751	-0.00012301214417197254
1.143973915633751	-0.00011796754978255927
1.1489739156337506	-0.00011215322417636517
1.1539739156337505	-0.0001054368460140527
1.1589739156337502	-9.766269346650418e-5
1.16397391563375	-8.86476171344972e-5
1.1689739156337497	-7.817639371141225e-5
1.1739739156337496	-6.599639608267178e-5
1.1789739156337493	-5.18115214021439e-5
1.1839739156337492	-3.5275330601215095e-5
1.187980436725312	-2.0055373116249042e-5
1.1919869578168745	-2.8307391924635745e-6
1.1959934789084372	1.666948594417543e-5
1.2	3.8747888898644524e-5
