0.0006999999999999628	-0.0001787573984811817
0.001403500000000035	-0.0001787536609661748
0.0021105174999999296	-0.00017875348934126198
0.0028210700874998964	-0.000178753347133561
0.003535175437937438	-0.0001787532042506026
0.004252851315127062	-0.0001787530604274829
0.004974115571702636	-0.00017875291565423317
0.005698986149561044	-0.0001787527699233042
0.006427481080308875	-0.00017875262322656344
0.007159618485710418	-0.00017875247555612848
0.007895416578138905	-0.0001787523269041288
0.008634893661029494	-0.0001787521772622235
0.00937806812933463	-0.00017875202662237166
0.010124958469981361	-0.00017875187497629096
0.010875583262331262	-0.0001787517223155744
0.01162996117864295	-0.00017875156863198587
0.012388110984536127	-0.00017875141391675558
0.013150051539458866	-0.00017875125816147825
0.013915801797156208	-0.00017875110135728427
0.014685380806142003	-0.00017875094349546717
0.015458807710172712	-0.00017875078456709413
0.01623610174872358	-0.00017875062456328025
0.017017282257467212	-0.00017875046347490741
0.017802368668754516	-0.00017875030129277833
0.01859138051209827	-0.00017875013800758435
0.019384337414658823	-0.00017874997361004214
0.020181259101732015	-0.00017874980809060687
0.020982165397240727	-0.0001787496414396909
0.02178707622422691	-0.00017874947364771373
0.02259601160534814	-0.00017874930470477082
0.02340899166337483	-0.00017874913460099278
0.024226036621691812	-0.0001787489633264566
0.02504716680480027	-0.00017874879087085947
0.025872402638824326	-0.00017874861722410983
0.02670176465201842	-0.00017874844237588964
0.02753527347527842	-0.00017874826631557016
0.028372949842654864	-0.0001787480890326931
0.0292148145918682	-0.00017874791051656892
0.03006088866482743	-0.0001787477307563484
0.03091119310815165	-0.00017874754974097514
0.0317657490736924	-0.00017874736745946605
0.03262457781906081	-0.00017874718390066373
0.03348770070815601	-0.0001787469990531338
0.034355139211696875	-0.00017874681290556033
0.035226914907755424	-0.00017874662544618624
0.03610304948229413	-0.0001787464366634087
0.03698356472970569	-0.00017874624654537052
0.03786848255335419	-0.00017874605507997056
0.038757824966120964	-0.00017874586225502808
0.03965161409095162	-0.0001787456680585605
0.04054987216140643	-0.0001787454724777402
0.04145262152221345	-0.00017874527550017523
0.04235988462982453	-0.0001787450771132563
0.04327168405297366	-0.00017874487730399385
0.0441880424732386	-0.00017874467605931925
0.04510898268560485	-0.00017874447336614635
0.046034527599032954	-0.00017874426921102781
0.04696470023702812	-0.00017874406358051674
0.04789952373821329	-0.0001787438564609921
0.048839021356904266	-0.00017874364783852873
0.04978321646368884	-0.00017874343769925795
0.05073213254600732	-0.00017874322602886802
0.05168579320873729	-0.0001787430128131911
0.052644222174780875	-0.0001787427980376689
0.05360744328565471	-0.00017874258168747137
0.054575480502083065	-0.00017874236374782588
0.05554835790459365	-0.00017874214420367474
0.05652609969411678	-0.00017874192303980383
0.05750873019258755	-0.00017874170024085296
0.05849627384355038	-0.0001787414757909413
0.05948875521276831	-0.00017874124967452726
0.060486198988831924	-0.00017874102187548065
0.061488629983776036	-0.00017874079237756833
0.062496073133695054	-0.0001787405611645586
0.06350855349936363	-0.00017874032821958163
0.06452609626686023	-0.00017874009352589017
0.06554872674819473	-0.00017873985706646679
0.0665764703819355	-0.00017873961882410535
0.06760935273384511	-0.00017873937878129162
0.06864739949751451	-0.00017873913692033046
0.06969063649500218	-0.00017873889322323196
0.07073908967747725	-0.00017873864767182403
0.07179278512586448	-0.00017873840024781922
0.07285174905149387	-0.00017873815093253297
0.07391600779675113	-0.00017873789970705004
0.07498558783573481	-0.0001787376465523305
0.07606051577491364	-0.00017873739144900084
0.07714081835378801	-0.00017873713437737974
0.0782265224455569	-0.00017873687531765753
0.07931765505778446	-0.0001787366142497972
0.08041424333307354	-0.00017873635115315558
0.08151631454973869	-0.00017873608600724847
0.08262389612248718	-0.0001787358187910748
0.08373701560309972	-0.00017873554948344251
0.08485570068111534	-0.00017873527806282734
0.08597997918452092	-0.00017873500450752355
0.08710987908044335	-0.00017873472879538626
0.08824542847584554	-0.00017873445090399733
0.08938665561822474	-0.000178734170810749
0.0905335888963159	-0.00017873388849268373
0.09168625684079766	-0.00017873360392646072
0.09284468812500156	-0.0001787333170885327
0.09400891156562662	-0.00017873302795493306
0.09517895612345495	-0.00017873273650152025
0.09635485090407213	-0.00017873244270362029
0.09753662515859228	-0.0001787321465363258
0.09872430828438533	-0.00017873184797438413
0.09991792982580742	-0.00017873154699228963
0.10111751947493633	-0.00017873124356398274
0.10232310707231096	-0.0001787309376632308
0.10353472260767245	-0.00017873062926333295
0.1047523962207106	-0.00017873031833723598
0.1059761582018141	-0.00017873000485749265
0.10720603899282295	-0.0001787296887964823
0.10844206918778705	-0.00017872937012591673
0.10968427953372589	-0.00017872904881703923
0.11093270093139453	-0.00017872872484122078
0.11218736443605157	-0.00017872839816884163
0.11344830125823162	-0.00017872806877021152
0.11471554276452282	-0.00017872773661501784
0.11598912047834534	-0.0001787274016727146
0.11726906608073716	-0.00017872706391213397
0.11855541141114084	-0.0001787267233019813
0.11984818846819666	-0.00017872637981007858
0.12114742941053756	-0.00017872603340411838
0.12245316655759021	-0.00017872568405111728
0.12376543239037813	-0.000178725331717864
0.12508425955233007	-0.0001787249763704776
0.12640968085009188	-0.000178724617974707
0.12774172925434224	-0.00017872425649569052
0.12908043790061416	-0.00017872389189821117
0.13042584009011704	-0.0001787235241463246
0.13177796929056776	-0.0001787231532038486
0.1331368591370207	-0.00017872277903392504
0.13450254343270562	-0.00017872240159914364
0.13587505614986897	-0.00017872202086166157
0.1372544314306183	-0.00017872163678285825
0.13864070358777136	-0.00017872124932394478
0.14003390710571012	-0.00017872085844518679
0.14143407664123844	-0.00017872046410635786
0.14284124702444484	-0.00017872006626696462
0.14425545325956707	-0.0001787196648854431
0.1456767305258648	-0.00017871925991995734
0.14710511417849395	-0.00017871885132790148
0.14854063974938644	-0.00017871843906618417
0.14998334294813345	-0.00017871802309087596
0.1514332596628742	-0.0001787176033576592
0.15289042596118857	-0.00017871717982143615
0.15435487809099444	-0.00017871675243641652
0.15582665248144925	-0.0001787163211561148
0.15730578574385642	-0.0001787158859335684
0.1587923146725756	-0.00017871544672083564
0.1602862762459386	-0.00017871500346956995
0.1617877076271685	-0.00017871455613044693
0.16329664616530448	-0.0001787141046537523
0.16481312939613094	-0.00017871364898851535
0.16633719504311156	-0.00017871318908363714
0.16786888101832692	-0.00017871272488691043
0.16940822542341866	-0.00017871225634524864
0.17095526655053575	-0.0001787117834052795
0.17251004288328856	-0.0001787113060121924
0.1740725930977048	-0.00017871082411099725
0.1756429560631934	-0.00017871033764543253
0.17722117084350925	-0.00017870984655881717
0.17880727669772659	-0.00017870935079331127
0.18040131308121543	-0.0001787088502904313
0.18200331964662148	-0.00017870834499078323
0.18361333624485465	-0.00017870783483401546
0.18523140292607912	-0.0001787073197590606
0.18685755994070938	-0.0001787067997039854
0.18849184774041308	-0.0001787062746057834
0.19013430697911532	-0.00017870574440068734
0.19178497851401088	-0.00017870520902391125
0.19344390340658082	-0.00017870466840994853
0.19511112292361377	-0.0001787041224921631
0.1967866785382319	-0.0001787035712029208
0.19847061193092289	-0.00017870301447387758
0.2001629649905775	-0.00017870245223543422
0.20186377981553055	-0.00017870188441731943
0.20357309871460819	-0.0001787013109480694
0.2052909642081813	-0.00017870073175521502
0.207017419029222	-0.00017870014676535915
0.20875250612436788	-0.00017869955590410917
0.21049626865498966	-0.00017869895909589564
0.21224874999826462	-0.00017869835626438873
0.21400999374825602	-0.00017869774733190427
0.2157800437169973	-0.00017869713221988168
0.21755894393558234	-0.0001786965108487577
0.21934673865526005	-0.0001786958831376335
0.2211434723485364	-0.00017869524900495872
0.22294918971027902	-0.00017869460836772804
0.22476393565883038	-0.00017869396114198868
0.22658775533712455	-0.00017869330724273506
0.22842069411381005	-0.00017869264658377067
0.23026279758437915	-0.0001786919790778114
0.23211411157230094	-0.00017869130463669516
0.23397468213016254	-0.00017869062317075297
0.23584455554081346	-0.00017868993458942592
0.23772377831851751	-0.0001786892388011783
0.23961239721011024	-0.00017868853571306474
0.24151045919616082	-0.00017868782523123978
0.24341801149214168	-0.00017868710726058482
0.24533510154960245	-0.00017868638170498208
0.24726177705735047	-0.0001786856484671043
0.2491980859426373	-0.00017868490744867238
0.25114407637235053	-0.00017868415855010284
0.2530997967542124	-0.0001786834016708502
0.2550652957379834	-0.0001786826367093063
0.2570406222166734	-0.0001786818635625307
0.25902582532775686	-0.00017868108212672868
0.26102095445439577	-0.00017868029229704208
0.2630260592266676	-0.00017867949396740553
0.26504118952280104	-0.00017867868703079327
0.26706639547041516	-0.00017867787137920056
0.26910172744776706	-0.00017867704690349077
0.27114723608500574	-0.00017867621349353953
0.2732029722654309	-0.0001786753710382923
0.2752689871267581	-0.00017867451942584406
0.2773453320623917	-0.00017867365854307588
0.2794320587227036	-0.00017867278827614867
0.281529219016317	-0.00017867190851040938
0.2836368651113984	-0.0001786710191299988
0.28575504943695557	-0.0001786701200185724
0.28788382468414025	-0.00017866921105884367
0.2900232438075611	-0.00017866829213272173
0.29217336002659877	-0.00017866736312144595
0.29433422682673194	-0.00017866642390554398
0.29650589796086546	-0.00017866547436472396
0.29868842745066976	-0.00017866451437844068
0.30088186958792296	-0.00017866354382536302
0.30308627893586265	-0.0001786625625834816
0.305301710330542	-0.00017866157053048553
0.3075282188821948	-0.00017866056754367414
0.30976585997660583	-0.0001786595534999343
0.31201468927648873	-0.00017865852827588015
0.31427476272287097	-0.00017865749174756143
0.3165461365364855	-0.00017865644379127786
0.318828867219168	-0.00017865538428304972
0.3211230115552639	-0.00017865431309857995
0.32342862661304006	-0.00017865323011390273
0.3257457697461053	-0.0001786521352049577
0.32807449859483556	-0.00017865102824790873
0.33041487108780954	-0.00017864990911898386
0.3327669454432486	-0.0001786487776949312
0.33513078017046477	-0.0001786476338527628
0.33750643407131686	-0.00017864647746991817
0.33989396624167323	-0.00017864530842442948
0.3422934360728816	-0.0001786441265950365
0.34470490325324576	-0.0001786429318609895
0.3471284277695118	-0.00017864172410272694
0.34956406990835936	-0.00017864050320107102
0.3520118902579012	-0.00017863926903835225
0.3544719497091907	-0.0001786380214977924
0.35694430945773664	-0.00017863676046367993
0.3594290310050252	-0.0001786354858219385
0.36192617616005013	-0.00017863419745938817
0.3644358070408504	-0.00017863289526499058
0.36695798607605457	-0.000178631579128757
0.36949277600643504	-0.00017863024894259033
0.37204023988646695	-0.00017862890460035698
0.374600441085899	-0.000178627545997594
0.3771734432913285	-0.00017862617303204836
0.379759310507785	-0.0001786247856034658
0.3823581070603237	-0.00017862338361389953
0.3849698975956254	-0.00017862196696747317
0.3875947470836033	-0.00017862053557137847
0.39023272081902133	-0.00017861908933442677
0.3928838844231162	-0.00017861762816871583
0.39554830384523165	-0.00017861615198888528
0.3982260453644579	-0.0001786146607122455
0.4009171755912802	-0.0001786131542592797
0.4036217614692367	-0.00017861163255312895
0.4063398702765827	-0.00017861009552028816
0.40907156962796565	-0.0001786085430901338
0.41181692747610543	-0.00017860697519548883
0.41457601211348605	-0.00017860539177231508
0.4173488921740533	-0.00017860379276007097
0.4201356366349237	-0.00017860217810155047
0.42293631481809807	-0.00017860054774296105
0.4257509963921885	-0.0001785989016341255
0.42857975137414944	-0.0001785972397284771
0.4314226501310203	-0.00017859556198297712
0.43427976338167545	-0.00017859386835805764
0.43715116219858396	-0.0001785921588182018
0.440036918009577	-0.0001785904333311086
0.44293710259962477	-0.00017858869186838255
0.4458517881126228	-0.00017858693440543242
0.4487810470531859	-0.00017858516092090327
0.45172495228845155	-0.0001785833713975978
0.45468357704989376	-0.00017858156582150454
0.45765699493514306	-0.00017857974418241827
0.46064527990981863	-0.00017857790647366083
0.4636485063093676	-0.00017857605269172
0.4666667488409145	-0.00017857418283691496
0.4697000825851191	-0.0001785722969126961
0.4727485829980444	-0.00017857039492578112
0.4758123259130346	-0.0001785684768858767
0.47889138754259974	-0.00017856654280613596
0.4819858444803126	-0.00017856459270217977
0.4850957737027142	-0.00017856262659269716
0.48822125257122767	-0.00017856064449898822
0.49136235883408375	-0.0001785586464450095
0.49451917062825407	-0.0001785566324569432
0.49769176648139524	-0.00017855460256314729
0.5008802253138022	-0.00017855255679415894
0.5040846264403713	-0.00017855049518239607
0.5073050495725733	-0.00017854841776189127
0.510541574820436	-0.00017854632456808012
0.5137942826945383	-0.00017854421563779946
0.5170632541080108	-0.00017854209100888919
0.520348570378551	-0.00017853995072014765
0.5236503132304436	-0.0001785377948107229
0.5269685647965956	-0.00017853562332036113
0.5303034076205784	-0.00017853343628898086
0.5336549246586811	-0.00017853123375623586
0.5370231992819746	-0.00017852901576161694
0.5404083152783844	-0.00017852678234366663
0.5438103568547764	-0.00017852453354040635
0.5472294086390501	-0.00017852226938867814
0.5506655556822453	-0.0001785199899234969
0.5541188834606565	-0.00017851769517874587
0.5575894778779599	-0.00017851538518586342
0.5610774252673494	-0.00017851305997445104
0.564582812393686	-0.0001785107195711879
0.5681057264556543	-0.00017850836400019302
0.5716462550879327	-0.00017850599328241078
0.5752044863633723	-0.00017850360743530967
0.578780508795189	-0.00017850120647275837
0.5823744113391649	-0.00017849879040453945
0.5859862833958606	-0.00017849635923634653
0.5896162148128399	-0.00017849391296914226
0.5932642958869042	-0.00017849145159912826
0.5969306173663387	-0.0001784889751171513
0.6006152704531702	-0.0001784864835090862
0.6043183468054361	-0.0001784839767544107
0.6080399385394633	-0.00017848145482727144
0.6117801382321605	-0.00017847891769500702
0.615539038923321	-0.00017847636531871395
0.6193167341179376	-0.00017847379765219759
0.6231133177885273	-0.00017847121464258602
0.6269288843774701	-0.0001784686162292069
0.6307635287993573	-0.00017846600234376752
0.6346173464433539	-0.0001784633729100495
0.6384904331755705	-0.00017846072784344567
0.6423828853414483	-0.0001784580670508875
0.6462947997681555	-0.00017845539043038398
0.6502262737669962	-0.00017845269787091604
0.6541774051358311	-0.00017844998925201118
0.6581482921615099	-0.00017844726444366232
0.6621390336223173	-0.0001784445233058909
0.6661497287904288	-0.0001784417656885004
0.6701804774343807	-0.00017843899143102007
0.6742313798215525	-0.0001784362003621255
0.6783025367206603	-0.000178433392299632
0.6823940494042636	-0.00017843056705004273
0.6865060196512851	-0.0001784277244085132
0.6906385497495416	-0.00017842486415833492
0.6947917424982893	-0.00017842198607093002
0.6989657012107808	-0.0001784190899053944
0.7031605297168348	-0.00017841617540840816
0.7073763323654189	-0.00017841324231391342
0.7116132140272461	-0.000178410290342709
0.715871280097382	-0.00017840731920264771
0.7201506364978687	-0.0001784043285877566
0.7244513896803577	-0.0001784013181786021
0.7287736466287593	-0.00017839828764159785
0.733117514861903	-0.0001783952366290846
0.7374831024362126	-0.00017839216477848904
0.7418705179483935	-0.0001783890717131381
0.7462798705381356	-0.00017838595704105367
0.7507112698908263	-0.00017838282035477469
0.7551648262402804	-0.00017837966123191622
0.759640650371482	-0.00017837647923376866
0.7641388536233394	-0.00017837327390612836
0.7686595478914561	-0.00017837004477805416
0.7732028456309133	-0.0001783667913622197
0.7777688598590677	-0.00017836351315457974
0.7823577041583629	-0.00017836020963379144
0.7869694926791548	-0.00017835688026087944
0.7916043401425507	-0.00017835352447926882
0.7962623618432633	-0.00017835014171417766
0.8009436736524796	-0.00017834673137201486
0.805648392020742	-0.00017834329284037407
0.8103766339808457	-0.00017833982548711184
0.81512851715075	-0.00017833632866000502
0.8199041597365035	-0.00017833280168641082
0.8247036805351862	-0.00017832924387182813
0.8295271989378621	-0.00017832565449979853
0.8343748349325514	-0.00017832203283095707
0.8392467091072142	-0.0001783183781011672
0.8441429426527504	-0.00017831468952173233
0.849063657366014	-0.00017831096627645332
0.8540089756528442	-0.00017830720752115182
0.8589790205311084	-0.0001783034123812887
0.863973915633764	-0.00017829957995004703
0.8689739156337638	-0.00017829571759127788
0.8739739156337636	-0.0001782918337661304
0.8789739156337634	-0.0001782879296928405
0.8839739156337632	-0.00017828400474666057
0.8889739156337629	-0.0001782800582742663
0.8939739156337627	-0.00017827608959544377
0.8989739156337626	-0.00017827209799902848
0.9039739156337624	-0.00017826808273933384
0.9089739156337622	-0.00017826404303083348
0.913973915633762	-0.00017825997804357126
0.9189739156337617	-0.00017825588689565473
0.9239739156337615	-0.00017825176864822418
0.9289739156337613	-0.00017824762229563275
0.9339739156337611	-0.0001782434467577278
0.938973915633761	-0.00017823924086849582
0.9439739156337608	-0.00017823500336510686
0.9489739156337605	-0.00017823073287411367
0.9539739156337603	-0.0001782264278958621
0.9589739156337601	-0.0001782220867870335
0.9639739156337599	-0.00017821770773989844
0.9689739156337597	-0.00017821328875931817
0.9739739156337595	-0.00017820882763458737
0.9789739156337594	-0.00017820432190926878
0.9839739156337591	-0.00017819976884330028
0.9889739156337589	-0.00017819516537110556
0.9939739156337587	-0.0001781905080514961
0.9989739156337585	-0.00017818579300945997
1.0039739156337584	-0.00017818101586777828
1.008973915633758	-0.00017817617166694568
1.013973915633758	-0.0001781712547700187
1.0189739156337576	-0.0001781662587515569
1.0239739156337575	-0.00017816117626522448
1.0289739156337572	-0.00017815599888723897
1.033973915633757	-0.00017815071693178515
1.038973915633757	-0.00017814531922957457
1.0439739156337566	-0.00017813979286661975
1.0489739156337565	-0.00017813412287195294
1.0539739156337562	-0.0001781282918457059
1.058973915633756	-0.00017812227951391948
1.0639739156337558	-0.00017811606220032906
1.0689739156337557	-0.0001781096121896501
1.0739739156337553	-0.00017810289697007433
1.0789739156337552	-0.00017809587832470251
1.0839739156337551	-0.00017808851124158736
1.0889739156337548	-0.00017808074261050093
1.0939739156337547	-0.00017807250965616906
1.0989739156337544	-0.00017806373806190178
1.1039739156337542	-0.00017805433971463557
1.108973915633754	-0.00017804420999982984
1.1139739156337538	-0.00017803322455217709
1.1189739156337537	-0.00017802123535138955
1.1239739156337534	-0.0001780080660351726
1.1289739156337533	-0.00017799350626578097
1.133973915633753	-0.00017797730496177914
1.1389739156337528	-0.00017795916216649572
1.1439739156337525	-0.00017793871927871123
1.1489739156337524	-0.0001779155473160499
1.153973915633752	-0.0001778891328145131
1.158973915633752	-0.00017785886089405418
1.1639739156337519	-0.00017782399491939675
1.1689739156337515	-0.00017778365207575807
1.1739739156337514	-0.0001777367740443015
1.178973915633751	-0.000177682091791672
1.183973915633751	-0.00017761808330131294
1.1889739156337507	-0.00017754292281887913
1.1939739156337505	-0.00017745441991158436
1.1989739156337504	-0.00017734994626767382
1.2039739156337501	-0.0001772263477402781
1.20897391563375	-0.00017707983860873537
1.2139739156337497	-0.00017690587436464974
1.2189739156337496	-0.00017669899855167292
1.2239739156337492	-0.0001764526581857984
1.2289739156337491	-0.00017615898110517417
1.2339739156337488	-0.00017580850712719674
1.2389739156337487	-0.00017538986314059472
1.2439739156337486	-0.00017488937012541785
1.2489739156337483	-0.0001742905675522046
1.2539739156337482	-0.0001735736375549593
1.2589739156337478	-0.0001727147076254007
1.2639739156337477	-0.00017168500620898258
1.2689739156337474	-0.0001704498403318666
1.2739739156337473	-0.00016896735809187216
1.2789739156337472	-0.00016718705121575298
1.2839739156337469	-0.00016504794371040386
1.2889739156337467	-0.00016247640152845759
1.2939739156337464	-0.00015938348482703779
1.2989739156337463	-0.00015566174839007653
1.303973915633746	-0.00015118137668123637
1.3089739156337459	-0.0001457855173227251
1.3139739156337455	-0.00013928465002510133
1.3189739156337454	-0.00013144979656801726
1.3239739156337453	-0.00012200434084817474
1.328973915633745	-0.00011061418568645426
1.333973915633745	-9.687592473752032e-5
1.3389739156337446	-8.030265331382949e-5
1.3439739156337445	-6.0306981580166264e-5
1.3489739156337441	-3.618074848909393e-5
1.353973915633744	-7.070867158957072e-6
1.358973915633744	2.8049334027507096e-5
1.3639739156337436	7.04139694114134e-5
1.3689739156337435	0.00012150439036096201
1.3739739156337432	0.0001830956652992587
1.378973915633743	0.0002573104576187129
1.3839739156337427	0.00034668090098178135
1.3879804367253072	0.0004314219595069099
1.3919869578168715	0.0005294554619796264
1.395993478908436	0.0006430097665512782
1.4	0.0007744371853578713
