0.0006999999999999628	-0.000177828204867954
0.001403500000000035	-0.0001778195648220498
0.0021105174999999296	-0.00017781926624369664
0.0028210700874998964	-0.00017781907303098448
0.003535175437937438	-0.00017781888032712624
0.004252851315127062	-0.00017781868671153065
0.004974115571702636	-0.00017781849215676908
0.005698986149561044	-0.00017781829665608115
0.006427481080308875	-0.00017781810020325262
0.007159618485710418	-0.00017781790279233647
0.007895416578138905	-0.00017781770441761805
0.008634893661029494	-0.0001778175050734954
0.00937806812933463	-0.00017781730475441304
0.010124958469981361	-0.00017781710345499406
0.010875583262331262	-0.00017781690116981715
0.01162996117864295	-0.00017781669789361412
0.012388110984536127	-0.00017781649362105863
0.013150051539458866	-0.00017781628834688738
0.013915801797156208	-0.00017781608206593043
0.014685380806142003	-0.00017781587477285298
0.015458807710172712	-0.00017781566646251067
0.01623610174872358	-0.00017781545712969928
0.017017282257467212	-0.00017781524676917102
0.017802368668754516	-0.00017781503537574818
0.01859138051209827	-0.00017781482294428673
0.019384337414658823	-0.00017781460946947653
0.020181259101732015	-0.00017781439494610134
0.020982165397240727	-0.00017781417936899098
0.02178707622422691	-0.00017781396273285324
0.02259601160534814	-0.00017781374503253813
0.02340899166337483	-0.0001778135262626446
0.024226036621691812	-0.00017781330641801558
0.02504716680480027	-0.00017781308549320233
0.025872402638824326	-0.00017781286348314334
0.02670176465201842	-0.00017781264038233064
0.02753527347527842	-0.00017781241618546832
0.028372949842654864	-0.0001778121908872524
0.0292148145918682	-0.00017781196448223496
0.03006088866482743	-0.0001778117369650786
0.03091119310815165	-0.00017781150833036193
0.0317657490736924	-0.00017781127857263203
0.03262457781906081	-0.0001778110476864545
0.03348770070815601	-0.0001778108156663859
0.034355139211696875	-0.00017781058250692858
0.035226914907755424	-0.00017781034820252628
0.03610304948229413	-0.00017781011274771124
0.03698356472970569	-0.0001778098761369008
0.03786848255335419	-0.0001778096383645145
0.038757824966120964	-0.000177809399424979
0.03965161409095162	-0.00017780915931263382
0.04054987216140643	-0.0001778089180218978
0.04145262152221345	-0.00017780867554704
0.04235988462982453	-0.00017780843188243913
0.04327168405297366	-0.00017780818702238066
0.0441880424732386	-0.00017780794096111487
0.04510898268560485	-0.00017780769369284399
0.046034527599032954	-0.00017780744521183426
0.04696470023702812	-0.00017780719551225673
0.04789952373821329	-0.00017780694458834602
0.048839021356904266	-0.000177806692434221
0.04978321646368884	-0.00017780643904394519
0.05073213254600732	-0.00017780618441167996
0.05168579320873729	-0.0001778059285314882
0.052644222174780875	-0.00017780567139743551
0.05360744328565471	-0.000177805413003515
0.054575480502083065	-0.00017780515334373063
0.05554835790459365	-0.00017780489241205663
0.05652609969411678	-0.00017780463020247028
0.05750873019258755	-0.00017780436670887002
0.05849627384355038	-0.00017780410192512336
0.05948875521276831	-0.0001778038358451233
0.060486198988831924	-0.0001778035684627079
0.061488629983776036	-0.0001778032997717542
0.062496073133695054	-0.00017780302976593056
0.06350855349936363	-0.00017780275843910028
0.06452609626686023	-0.00017780248578494012
0.06554872674819473	-0.00017780221179718977
0.0665764703819355	-0.00017780193646958629
0.06760935273384511	-0.00017780165979559403
0.06864739949751451	-0.00017780138176904756
0.06969063649500218	-0.00017780110238341354
0.07073908967747725	-0.00017780082163227482
0.07179278512586448	-0.0001778005395092407
0.07285174905149387	-0.00017780025600775288
0.07391600779675113	-0.00017779997112136968
0.07498558783573481	-0.00017779968484341044
0.07606051577491364	-0.00017779939716738833
0.07714081835378801	-0.00017779910808669438
0.0782265224455569	-0.00017779881759470413
0.07931765505778446	-0.00017779852568470508
0.08041424333307354	-0.0001777982323500488
0.08151631454973869	-0.0001777979375839831
0.08262389612248718	-0.00017779764137973306
0.08373701560309972	-0.00017779734373053751
0.08485570068111534	-0.00017779704462961757
0.08597997918452092	-0.0001777967440700151
0.08710987908044335	-0.00017779644204488876
0.08824542847584554	-0.00017779613854738415
0.08938665561822474	-0.00017779583357053398
0.0905335888963159	-0.0001777955271072813
0.09168625684079766	-0.0001777952191507456
0.09284468812500156	-0.00017779490969383423
0.09400891156562662	-0.00017779459872940465
0.09517895612345495	-0.00017779428625045034
0.09635485090407213	-0.00017779397224975687
0.09753662515859228	-0.00017779365672013504
0.09872430828438533	-0.00017779333965447556
0.09991792982580742	-0.00017779302104541575
0.10111751947493633	-0.00017779270088581254
0.10232310707231096	-0.00017779237916823812
0.10353472260767245	-0.00017779205588537426
0.1047523962207106	-0.0001777917310298798
0.1059761582018141	-0.00017779140459435198
0.10720603899282295	-0.00017779107657123967
0.10844206918778705	-0.00017779074695314475
0.10968427953372589	-0.00017779041573248147
0.11093270093139453	-0.00017779008290172253
0.11218736443605157	-0.0001777897484532715
0.11344830125823162	-0.0001777894123795108
0.11471554276452282	-0.00017778907467272913
0.11598912047834534	-0.00017778873532522452
0.11726906608073716	-0.00017778839432925893
0.11855541141114084	-0.00017778805167707176
0.11984818846819666	-0.00017778770736079447
0.12114742941053756	-0.00017778736137258108
0.12245316655759021	-0.0001777870137045286
0.12376543239037813	-0.0001777866643487007
0.12508425955233007	-0.00017778631329707265
0.12640968085009188	-0.00017778596054173333
0.12774172925434224	-0.00017778560607444505
0.12908043790061416	-0.00017778524988726078
0.13042584009011704	-0.00017778489197200134
0.13177796929056776	-0.00017778453232040342
0.1331368591370207	-0.0001777841709242926
0.13450254343270562	-0.00017778380777538544
0.13587505614986897	-0.00017778344286536934
0.1372544314306183	-0.00017778307618588542
0.13864070358777136	-0.00017778270772857317
0.14003390710571012	-0.00017778233748490447
0.14143407664123844	-0.000177781965446464
0.14284124702444484	-0.00017778159160467772
0.14425545325956707	-0.00017778121595094404
0.1456767305258648	-0.00017778083847672907
0.14710511417849395	-0.00017778045917323478
0.14854063974938644	-0.00017778007803185327
0.14998334294813345	-0.00017777969504377176
0.1514332596628742	-0.00017777931020016358
0.15289042596118857	-0.00017777892349219078
0.15435487809099444	-0.00017777853491096369
0.15582665248144925	-0.00017777814444748855
0.15730578574385642	-0.0001777777520927816
0.1587923146725756	-0.0001777773578377442
0.1602862762459386	-0.00017777696167335736
0.1617877076271685	-0.00017777656359038233
0.16329664616530448	-0.00017777616357968456
0.16481312939613094	-0.0001777757616319661
0.16633719504311156	-0.000177775357737889
0.16786888101832692	-0.00017777495188813766
0.16940822542341866	-0.00017777454407328361
0.17095526655053575	-0.0001777741342838296
0.17251004288328856	-0.0001777737225103018
0.1740725930977048	-0.00017777330874305995
0.1756429560631934	-0.00017777289297251815
0.17722117084350925	-0.000177772475188995
0.17880727669772659	-0.00017777205538279344
0.18040131308121543	-0.0001777716335439588
0.18200331964662148	-0.0001777712096627017
0.18361333624485465	-0.0001777707837291855
0.18523140292607912	-0.00017777035573330368
0.18685755994070938	-0.00017776992566521417
0.18849184774041308	-0.00017776949351464342
0.19013430697911532	-0.0001777690592714511
0.19178497851401088	-0.00017776862292548143
0.19344390340658082	-0.00017776818446651647
0.19511112292361377	-0.00017776774388406736
0.1967866785382319	-0.00017776730116785504
0.19847061193092289	-0.00017776685630737404
0.2001629649905775	-0.00017776640929200656
0.20186377981553055	-0.00017776596011138992
0.20357309871460819	-0.0001777655087546671
0.2052909642081813	-0.0001777650552111728
0.207017419029222	-0.00017776459947012083
0.20875250612436788	-0.00017776414152064
0.21049626865498966	-0.00017776368135182647
0.21224874999826462	-0.00017776321895266714
0.21400999374825602	-0.00017776275431212492
0.2157800437169973	-0.0001777622874190406
0.21755894393558234	-0.00017776181826222606
0.21934673865526005	-0.00017776134683040635
0.2211434723485364	-0.00017776087311225047
0.22294918971027902	-0.00017776039709629362
0.22476393565883038	-0.00017775991877110088
0.22658775533712455	-0.00017775943812506738
0.22842069411381005	-0.00017775895514653115
0.23026279758437915	-0.00017775846982383164
0.23211411157230094	-0.00017775798214516125
0.23397468213016254	-0.0001777574920986291
0.23584455554081346	-0.00017775699967227914
0.23772377831851751	-0.00017775650485414267
0.23961239721011024	-0.0001777560076320808
0.24151045919616082	-0.00017775550799385055
0.24341801149214168	-0.00017775500592727384
0.24533510154960245	-0.00017775450141996817
0.24726177705735047	-0.0001777539944594525
0.2491980859426373	-0.0001777534850333528
0.25114407637235053	-0.00017775297312889587
0.2530997967542124	-0.00017775245873353864
0.2550652957379834	-0.00017775194183443593
0.2570406222166734	-0.00017775142241876528
0.25902582532775686	-0.00017775090047358216
0.26102095445439577	-0.00017775037598584962
0.2630260592266676	-0.00017774984894248204
0.26504118952280104	-0.00017774931933022293
0.26706639547041516	-0.00017774878713580844
0.26910172744776706	-0.00017774825234581398
0.27114723608500574	-0.00017774771494684827
0.2732029722654309	-0.00017774717492526987
0.2752689871267581	-0.0001777466322674229
0.2773453320623917	-0.00017774608695953457
0.2794320587227036	-0.00017774553898781192
0.281529219016317	-0.00017774498833827122
0.2836368651113984	-0.00017774443499684432
0.28575504943695557	-0.00017774387894942053
0.28788382468414025	-0.00017774332018171543
0.2900232438075611	-0.0001777427586794061
0.29217336002659877	-0.00017774219442812065
0.29433422682673194	-0.00017774162741328084
0.29650589796086546	-0.0001777410576201953
0.29868842745066976	-0.00017774048503419945
0.30088186958792296	-0.00017773990964042706
0.30308627893586265	-0.0001777393314238776
0.305301710330542	-0.0001777387503696161
0.3075282188821948	-0.00017773816646234566
0.30976585997660583	-0.0001777375796869345
0.31201468927648873	-0.0001777369900279363
0.31427476272287097	-0.00017773639746991327
0.3165461365364855	-0.00017773580199728582
0.318828867219168	-0.0001777352035943402
0.3211230115552639	-0.00017773460224530726
0.32342862661304006	-0.00017773399793427028
0.3257457697461053	-0.00017773339064524436
0.32807449859483556	-0.00017773278036201597
0.33041487108780954	-0.00017773216706845399
0.3327669454432486	-0.0001777315507481325
0.33513078017046477	-0.00017773093138463366
0.33750643407131686	-0.0001777303089613344
0.33989396624167323	-0.00017772968346158228
0.3422934360728816	-0.00017772905486861655
0.34470490325324576	-0.0001777284231654287
0.3471284277695118	-0.00017772778833504197
0.34956406990835936	-0.00017772715036030895
0.3520118902579012	-0.00017772650922386656
0.3544719497091907	-0.00017772586490847597
0.35694430945773664	-0.00017772521739657584
0.3594290310050252	-0.00017772456667055296
0.36192617616005013	-0.00017772391271258516
0.3644358070408504	-0.00017772325550494876
0.36695798607605457	-0.000177722595029525
0.36949277600643504	-0.00017772193126842694
0.37204023988646695	-0.00017772126420323287
0.374600441085899	-0.00017772059381569648
0.3771734432913285	-0.00017771992008737487
0.379759310507785	-0.00017771924299955357
0.3823581070603237	-0.00017771856253376138
0.3849698975956254	-0.00017771787867096225
0.3875947470836033	-0.00017771719139233469
0.39023272081902133	-0.00017771650067874628
0.3928838844231162	-0.0001777158065109421
0.39554830384523165	-0.00017771510886973888
0.3982260453644579	-0.00017771440773557966
0.4009171755912802	-0.00017771370308898167
0.4036217614692367	-0.0001777129949101208
0.4063398702765827	-0.000177712283179243
0.40907156962796565	-0.00017771156787643093
0.41181692747610543	-0.0001777108489814633
0.41457601211348605	-0.00017771012647433386
0.4173488921740533	-0.00017770940033452786
0.4201356366349237	-0.00017770867054162705
0.42293631481809807	-0.00017770793707498405
0.4257509963921885	-0.00017770719991395533
0.42857975137414944	-0.0001777064590376038
0.4314226501310203	-0.00017770571442491924
0.43427976338167545	-0.0001777049660548014
0.43715116219858396	-0.000177704213905937
0.440036918009577	-0.00017770345795683825
0.44293710259962477	-0.00017770269818609494
0.4458517881126228	-0.00017770193457191375
0.4487810470531859	-0.0001777011670925163
0.45172495228845155	-0.0001777003957257626
0.45468357704989376	-0.00017769962044975984
0.45765699493514306	-0.00017769884124194292
0.46064527990981863	-0.00017769805808005664
0.4636485063093676	-0.0001776972709415008
0.4666667488409145	-0.000177696479803489
0.4697000825851191	-0.00017769568464305399
0.4727485829980444	-0.00017769488543721367
0.4758123259130346	-0.00017769408216261164
0.47889138754259974	-0.0001776932747959574
0.4819858444803126	-0.00017769246331351987
0.4850957737027142	-0.00017769164769158169
0.48822125257122767	-0.0001776908279062526
0.49136235883408375	-0.00017769000393320138
0.49451917062825407	-0.0001776891757482403
0.49769176648139524	-0.00017768834332671372
0.5008802253138022	-0.00017768750664377264
0.5040846264403713	-0.0001776866656745441
0.5073050495725733	-0.0001776858203937124
0.510541574820436	-0.00017768497077593495
0.5137942826945383	-0.0001776841167954291
0.5170632541080108	-0.0001776832584261588
0.520348570378551	-0.00017768239564198884
0.5236503132304436	-0.00017768152841634826
0.5269685647965956	-0.00017768065672238103
0.5303034076205784	-0.00017767978053310324
0.5336549246586811	-0.00017767889982098995
0.5370231992819746	-0.00017767801455827423
0.5404083152783844	-0.00017767712471684693
0.5438103568547764	-0.00017767623026817355
0.5472294086390501	-0.00017767533118338738
0.5506655556822453	-0.00017767442743325972
0.5541188834606565	-0.00017767351898796457
0.5575894778779599	-0.000177672605817387
0.5610774252673494	-0.00017767168789087467
0.564582812393686	-0.00017767076517719035
0.5681057264556543	-0.00017766983764473562
0.5716462550879327	-0.00017766890526114338
0.5752044863633723	-0.00017766796799362585
0.578780508795189	-0.0001776670258087538
0.5823744113391649	-0.00017766607867228398
0.5859862833958606	-0.00017766512654940044
0.5896162148128399	-0.00017766416940450777
0.5932642958869042	-0.00017766320720125187
0.5969306173663387	-0.00017766223990249566
0.6006152704531702	-0.00017766126747002737
0.6043183468054361	-0.00017766028986489378
0.6080399385394633	-0.00017765930704707983
0.6117801382321605	-0.00017765831897560374
0.615539038923321	-0.00017765732560831235
0.6193167341179376	-0.00017765632690176314
0.6231133177885273	-0.0001776553228114724
0.6269288843774701	-0.00017765431329173326
0.6307635287993573	-0.00017765329829510626
0.6346173464433539	-0.00017765227777289227
0.6384904331755705	-0.00017765125167484876
0.6423828853414483	-0.0001776502199489747
0.6462947997681555	-0.0001776491825417171
0.6502262737669962	-0.0001776481393974048
0.6541774051358311	-0.0001776470904585018
0.6581482921615099	-0.00017764603566559306
0.6621390336223173	-0.00017764497495668247
0.6661497287904288	-0.00017764390826763548
0.6701804774343807	-0.0001776428355320548
0.6742313798215525	-0.0001776417566804811
0.6783025367206603	-0.00017764067164088875
0.6823940494042636	-0.00017763958033840024
0.6865060196512851	-0.00017763848269488646
0.6906385497495416	-0.00017763737862873434
0.6947917424982893	-0.00017763626805520472
0.6989657012107808	-0.00017763515088550688
0.7031605297168348	-0.00017763402702691017
0.7073763323654189	-0.00017763289638267812
0.7116132140272461	-0.00017763175885145588
0.715871280097382	-0.00017763061432707103
0.7201506364978687	-0.00017762946269850375
0.7244513896803577	-0.00017762830384930502
0.7287736466287593	-0.0001776271376572463
0.733117514861903	-0.0001776259639942419
0.7374831024362126	-0.00017762478272572837
0.7418705179483935	-0.00017762359371026042
0.7462798705381356	-0.0001776223967992015
0.7507112698908263	-0.0001776211918361476
0.7551648262402804	-0.00017761997865642238
0.759640650371482	-0.0001776187570866495
0.7641388536233394	-0.00017761752694400398
0.7686595478914561	-0.00017761628803586034
0.7732028456309133	-0.00017761504015872208
0.7777688598590677	-0.00017761378309806946
0.7823577041583629	-0.00017761251662684233
0.7869694926791548	-0.00017761124050504144
0.7916043401425507	-0.0001776099544791746
0.7962623618432633	-0.00017760865828047798
0.8009436736524796	-0.00017760735162430965
0.805648392020742	-0.00017760603420902756
0.8103766339808457	-0.00017760470571447412
0.81512851715075	-0.00017760336580112854
0.8199041597365035	-0.00017760201410746507
0.8247036805351862	-0.00017760065024999679
0.8295271989378621	-0.00017759927382007937
0.8343748349325514	-0.0001775978843827007
0.8392467091072142	-0.0001775964814737525
0.8441429426527504	-0.00017759506459853486
0.849063657366014	-0.0001775936332283523
0.8540089756528442	-0.00017759218679808494
0.8589790205311084	-0.0001775907247029832
0.863973915633764	-0.00017758924629502465
0.8689739156337638	-0.000177587754445551
0.8739739156337636	-0.00017758625182472752
0.8789739156337634	-0.000177584738451917
0.8839739156337632	-0.00017758321369593208
0.8889739156337629	-0.00017758167688130028
0.8939739156337627	-0.00017758012728679028
0.8989739156337626	-0.00017757856414084692
0.9039739156337624	-0.00017757698661785876
0.9089739156337622	-0.00017757539383183294
0.913973915633762	-0.00017757378483190578
0.9189739156337617	-0.00017757215859539108
0.9239739156337615	-0.00017757051402078093
0.9289739156337613	-0.00017756884991948518
0.9339739156337611	-0.0001775671650064135
0.938973915633761	-0.00017756545789019134
0.9439739156337608	-0.00017756372706054
0.9489739156337605	-0.0001775619708750518
0.9539739156337603	-0.00017756018754333793
0.9589739156337601	-0.00017755837510981617
0.9639739156337599	-0.00017755653143155267
0.9689739156337597	-0.00017755465415619505
0.9739739156337595	-0.00017755274069344794
0.9789739156337594	-0.0001775507881828761
0.9839739156337591	-0.000177548793457923
0.9889739156337589	-0.00017754675300136644
0.9939739156337587	-0.00017754466289508165
0.9989739156337585	-0.00017754251876152117
1.0039739156337584	-0.00017754031569301466
1.008973915633758	-0.00017753804817137719
1.013973915633758	-0.00017753570997149692
1.0189739156337576	-0.00017753329404743466
1.0239739156337575	-0.00017753079239965117
1.0289739156337572	-0.00017752819591632926
1.033973915633757	-0.00017752549418589486
1.038973915633757	-0.00017752267527434436
1.0439739156337566	-0.00017751972546214113
1.0489739156337565	-0.00017751662892858267
1.0539739156337562	-0.00017751336737941033
1.058973915633756	-0.00017750991959959215
1.0639739156337558	-0.0001775062609224556
1.0689739156337557	-0.00017750236259455842
1.0739739156337553	-0.00017749819101675027
1.0789739156337552	-0.00017749370683698505
1.0839739156337551	-0.00017748886386412173
1.0889739156337548	-0.00017748360776782438
1.0939739156337547	-0.00017747787452038912
1.0989739156337544	-0.00017747158852832856
1.1039739156337542	-0.00017746466039331404
1.108973915633754	-0.00017745698422281373
1.1139739156337538	-0.00017744843440551807
1.1189739156337537	-0.00017743886173660138
1.1239739156337534	-0.00017742808876644375
1.1289739156337533	-0.00017741590421268064
1.133973915633753	-0.000177402056246327
1.1389739156337528	-0.00017738624442422101
1.1439739156337525	-0.0001773681099941027
1.1489739156337524	-0.0001773472242425989
1.153973915633752	-0.0001773230744882266
1.158973915633752	-0.00017729504724876952
1.1639739156337519	-0.00017726240800454443
1.1689739156337515	-0.00017722427687505773
1.1739739156337514	-0.00017717959937850084
1.178973915633751	-0.00017712711128207482
1.183973915633751	-0.00017706529634463187
1.1889739156337507	-0.00017699233550833542
1.1939739156337505	-0.00017690604580046322
1.1989739156337504	-0.00017680380684803354
1.2039739156337501	-0.00017668247246514863
1.20897391563375	-0.00017653826424422544
1.2139739156337497	-0.00017636664343698076
1.2189739156337496	-0.0001761621566106241
1.2239739156337492	-0.00017591824961596877
1.2289739156337491	-0.00017562704322014323
1.2339739156337488	-0.00017527906234214146
1.2389739156337487	-0.0001748629091025698
1.2439739156337486	-0.00017436486781196979
1.2489739156337483	-0.0001737684275008384
1.2539739156337482	-0.00017305370457265271
1.2589739156337478	-0.00017219674450025016
1.2639739156337477	-0.00017116867711017882
1.2689739156337474	-0.00016993469472770224
1.2739739156337473	-0.00016845281612923646
1.2789739156337472	-0.00016667239164421758
1.2839739156337469	-0.00016453229563093456
1.2889739156337467	-0.00016195874163131097
1.2939739156337464	-0.00015886264245461515
1.2989739156337463	-0.00015513642192755778
1.303973915633746	-0.0001506501666474292
1.3089739156337459	-0.00014524698442606264
1.3139739156337455	-0.000138737410772923
1.3189739156337454	-0.00013089267537196955
1.3239739156337453	-0.00012143660676404249
1.328973915633745	-0.00011003591519118155
1.333973915633745	-9.628855099546987e-5
1.3389739156337446	-7.970978965463201e-5
1.3439739156337445	-5.97156459031544e-5
1.3489739156337441	-3.56031707884331e-5
1.353973915633744	-6.5271409959714844e-6
1.358973915633744	2.8527384526004523e-5
1.3639739156337436	7.077718061846992e-5
1.3689739156337435	0.00012167816734860523
1.3739739156337432	0.00018296837224599741
1.378973915633743	0.00025671685793874613
1.3839739156337427	0.00034537868571003056
1.3879804367253072	0.0004292991950487835
1.3919869578168715	0.0005262133752119838
1.395993478908436	0.0006382434244650361
1.4	0.0007676083069917543
