0.0006999999999999628	-0.0001740440828098609
0.001403500000000035	-0.00017403415302448053
0.0021105174999999296	-0.00017403359312293066
0.0028210700874998964	-0.00017403316100175146
0.003535175437937438	-0.00017403272805548414
0.004252851315127062	-0.00017403229246343868
0.004974115571702636	-0.0001740318541764453
0.005698986149561044	-0.00017403141317083557
0.006427481080308875	-0.00017403096942373455
0.007159618485710418	-0.00017403052291234183
0.007895416578138905	-0.00017403007361416081
0.008634893661029494	-0.00017402962150651435
0.00937806812933463	-0.00017402916656686644
0.010124958469981361	-0.00017402870877252457
0.010875583262331262	-0.0001740282481007904
0.01162996117864295	-0.00017402778452883504
0.012388110984536127	-0.00017402731803367263
0.013150051539458866	-0.00017402684859225216
0.013915801797156208	-0.00017402637618125247
0.014685380806142003	-0.00017402590077735794
0.015458807710172712	-0.00017402542235691804
0.01623610174872358	-0.0001740249408961782
0.017017282257467212	-0.0001740244563712357
0.017802368668754516	-0.00017402396875787422
0.01859138051209827	-0.00017402347803182957
0.019384337414658823	-0.00017402298416846522
0.020181259101732015	-0.00017402248714300692
0.020982165397240727	-0.00017402198693053933
0.02178707622422691	-0.00017402148350573868
0.02259601160534814	-0.00017402097684325794
0.02340899166337483	-0.00017402046691733486
0.024226036621691812	-0.00017401995370208606
0.02504716680480027	-0.0001740194371713146
0.025872402638824326	-0.00017401891729865564
0.02670176465201842	-0.0001740183940574035
0.02753527347527842	-0.00017401786742065922
0.028372949842654864	-0.0001740173373612237
0.0292148145918682	-0.00017401680385164238
0.03006088866482743	-0.00017401626686423916
0.03091119310815165	-0.00017401572637096717
0.0317657490736924	-0.00017401518234361047
0.03262457781906081	-0.00017401463475359737
0.03348770070815601	-0.00017401408357211844
0.034355139211696875	-0.00017401352877005727
0.035226914907755424	-0.00017401297031795492
0.03610304948229413	-0.00017401240818615336
0.03698356472970569	-0.00017401184234465292
0.03786848255335419	-0.00017401127276305564
0.038757824966120964	-0.0001740106994108015
0.03965161409095162	-0.00017401012225694488
0.04054987216140643	-0.00017400954127020737
0.04145262152221345	-0.0001740089564190281
0.04235988462982453	-0.0001740083676715143
0.04327168405297366	-0.00017400777499533985
0.0441880424732386	-0.00017400717835798528
0.04510898268560485	-0.00017400657772652213
0.046034527599032954	-0.00017400597306768985
0.04696470023702812	-0.0001740053643478979
0.04789952373821329	-0.0001740047515330898
0.048839021356904266	-0.00017400413458900494
0.04978321646368884	-0.0001740035134809148
0.05073213254600732	-0.00017400288817375268
0.05168579320873729	-0.0001740022586320697
0.052644222174780875	-0.00017400162482005235
0.05360744328565471	-0.00017400098670145633
0.054575480502083065	-0.00017400034423971096
0.055548357904593434	-0.00017399969739778051
0.056526099694116344	-0.00017399904613826098
0.0575087301925869	-0.0001739983904233741
0.05849627384354973	-0.00017399773021477765
0.05948875521276744	-0.00017399706547399022
0.06048619898883127	-0.00017399639616181824
0.061488629983775384	-0.0001739957222388
0.06249607313369419	-0.00017399504366494704
0.06350855349936275	-0.00017399436039989015
0.06452609626685958	-0.00017399367240279512
0.06554872674819387	-0.00017399297963236352
0.06657647038193484	-0.0001739922820467975
0.06760935273384447	-0.00017399157960390458
0.06864739949751365	-0.00017399087226093967
0.0696906364950013	-0.00017399015997470352
0.07073908967747639	-0.0001739894427015631
0.07179278512586384	-0.0001739887203972322
0.07285174905149322	-0.0001739879930171171
0.0739160077967507	-0.00017398726051597144
0.07498558783573436	-0.00017398652284808853
0.07606051577491299	-0.00017398577996716747
0.07714081835378758	-0.0001739850318264404
0.07822652244555647	-0.0001739842783785791
0.07931765505778425	-0.00017398351957572045
0.0804142433330731	-0.0001739827553693842
0.08151631454973848	-0.0001739819857105662
0.08262389612248718	-0.00017398121054969327
0.0837370156030995	-0.00017398042983655476
0.0848557006811149	-0.00017397964352041244
0.0859799791845205	-0.0001739788515498688
0.08710987908044313	-0.00017397805387294444
0.08824542847584534	-0.00017397725043701335
0.08938665561822454	-0.00017397644118887575
0.09053358889631567	-0.0001739756260746509
0.09168625684079722	-0.00017397480503976553
0.09284468812500112	-0.00017397397802907215
0.09400891156562617	-0.0001739731449866738
0.0951789561234543	-0.0001739723058560953
0.09635485090407148	-0.00017397146058001147
0.09753662515859184	-0.00017397060910053936
0.0987243082843847	-0.00017396975135904893
0.09991792982580656	-0.0001739688872961446
0.10111751947493569	-0.00017396801685174365
0.10232310707231031	-0.00017396713996494526
0.1035347226076718	-0.00017396625657417194
0.10475239622071016	-0.00017396536661705328
0.10597615820181366	-0.0001739644700303859
0.10720603899282274	-0.00017396356675025414
0.10844206918778684	-0.0001739626567118506
0.10968427953372567	-0.00017396173984962998
0.1109327009313943	-0.00017396081609714466
0.11218736443605135	-0.00017395988538712002
0.11344830125823162	-0.00017395894765144954
0.11471554276452282	-0.00017395800282112348
0.11598912047834534	-0.0001739570508262437
0.11726906608073695	-0.00017395609159600838
0.11855541141114062	-0.00017395512505871948
0.11984818846819621	-0.0001739541511417444
0.12114742941053713	-0.00017395316977144727
0.12245316655758978	-0.00017395218087327697
0.1237654323903777	-0.00017395118437172504
0.12508425955232963	-0.00017395018019026397
0.12640968085009122	-0.00017394916825130244
0.1277417292543416	-0.00017394814847628714
0.1290804379006133	-0.00017394712078559442
0.13042584009011637	-0.00017394608509852164
0.1317779692905669	-0.00017394504133334482
0.13313685913701961	-0.00017394398940715156
0.13450254343270476	-0.00017394292923595084
0.13587505614986833	-0.00017394186073463436
0.13725443143061763	-0.00017394078381693023
0.13864070358777073	-0.00017393969839530452
0.14003390710570945	-0.00017393860438117694
0.14143407664123803	-0.00017393750168465184
0.1428412470244442	-0.00017393639021455812
0.1442554532595664	-0.00017393526987858748
0.14567673052586416	-0.00017393414058302134
0.1471051141784935	-0.00017393300223290416
0.14854063974938603	-0.00017393185473196974
0.149983342948133	-0.00017393069798251037
0.15143325966287374	-0.00017392953188556973
0.15289042596118813	-0.0001739283563406695
0.15435487809099402	-0.00017392717124596155
0.15582665248144906	-0.0001739259764981972
0.1573057857438562	-0.0001739247719925606
0.15879231467257537	-0.000173923557622766
0.16028627624593816	-0.00017392233328104132
0.16178770762716785	-0.000173921098857987
0.16329664616530362	-0.00017391985424266993
0.16481312939613008	-0.00017391859932247667
0.1663371950431107	-0.00017391733398325703
0.16786888101832628	-0.00017391605810909821
0.1694082254234178	-0.00017391477158241455
0.1709552665505349	-0.00017391347428385984
0.17251004288328747	-0.0001739121660923388
0.17407259309770393	-0.00017391084688499125
0.17564295606319252	-0.00017390951653703957
0.17722117084350858	-0.00017390817492186225
0.17880727669772617	-0.00017390682191099845
0.18040131308121476	-0.00017390545737398384
0.18200331964662084	-0.00017390408117836392
0.18361333624485401	-0.00017390269318970762
0.18523140292607826	-0.00017390129327148708
0.18685755994070874	-0.00017389988128514573
0.1884918477404122	-0.0001738984570899144
0.19013430697911424	-0.00017389702054290647
0.1917849785140098	-0.00017389557149903814
0.19344390340657974	-0.00017389410981089428
0.19511112292361268	-0.0001738926353287543
0.1967866785382308	-0.0001738911479006265
0.19847061193092203	-0.00017388964737205295
0.20016296499057665	-0.0001738881335861808
0.20186377981552947	-0.00017388660638359324
0.2035730987146071	-0.00017388506560246235
0.20529096420818022	-0.00017388351107820718
0.20701741902922113	-0.0001738819426437081
0.20875250612436722	-0.00017388036012910515
0.210496268654989	-0.00017387876336184228
0.21224874999826396	-0.0001738771521664972
0.21400999374825516	-0.00017387552636477234
0.21578004371699644	-0.0001738738857755051
0.21755894393558148	-0.00017387223021446212
0.2193467386552594	-0.0001738705594944789
0.22114347234853576	-0.00017386887342522655
0.22294918971027836	-0.00017386717181317552
0.2247639356588297	-0.00017386545446160706
0.2265877553371239	-0.00017386372117041487
0.2284206941138094	-0.00017386197173619876
0.23026279758437848	-0.0001738602059520974
0.23211411157230027	-0.00017385842360773633
0.23397468213016168	-0.00017385662448907713
0.23584455554081238	-0.0001738548083784665
0.23772377831851643	-0.00017385297505449903
0.23961239721010893	-0.00017385112429191927
0.24151045919615952	-0.00017384925586160478
0.24341801149214037	-0.00017384736953034115
0.24533510154960114	-0.00017384546506087677
0.24726177705734917	-0.00017384354221181955
0.24919808594263576	-0.00017384160073746397
0.251144076372349	-0.00017383964038772452
0.2530997967542107	-0.00017383766090810814
0.2550652957379817	-0.0001738356620395495
0.2570406222166717	-0.00017383364351827832
0.2590258253277551	-0.00017383160507580312
0.26102095445439405	-0.00017382954643874722
0.2630260592266659	-0.00017382746732876717
0.2650411895227993	-0.0001738253674623535
0.2670663954704134	-0.0001738232465508952
0.26910172744776534	-0.00017382110430035403
0.27114723608500396	-0.00017381894041126027
0.27320297226542917	-0.0001738167545786342
0.27526898712675635	-0.0001738145464916126
0.27734533206239	-0.0001738123158337117
0.2794320587227019	-0.00017381006228227303
0.2815292190163153	-0.00017380778550861497
0.2836368651113967	-0.0001738054851777385
0.28575504943695385	-0.00017380316094832432
0.28788382468413853	-0.00017380081247229267
0.29002324380755934	-0.0001737984393950848
0.29217336002659705	-0.00017379604135504286
0.29433422682673016	-0.0001737936179835162
0.29650589796086374	-0.0001737911689047048
0.29868842745066804	-0.0001737886937352779
0.30088186958792124	-0.00017378619208439962
0.3030862789358609	-0.0001737836635534394
0.30530171033054027	-0.0001737811077358093
0.307528218882193	-0.000173778524216733
0.30976585997660405	-0.00017377591257309376
0.312014689276487	-0.00017377327237317878
0.31427476272286925	-0.00017377060317649227
0.3165461365364837	-0.00017376790453349373
0.3188288672191662	-0.0001737651759854026
0.32112301155526213	-0.00017376241706404223
0.32342862661303834	-0.00017375962729136466
0.3257457697461036	-0.00017375680617942268
0.32807449859483384	-0.0001737539532299899
0.3304148710878078	-0.00017375106793441947
0.33276694544324686	-0.00017374814977320696
0.33513078017046305	-0.00017374519821575094
0.33750643407131514	-0.0001737422127202183
0.3398939662416715	-0.00017373919273301562
0.3422934360728799	-0.00017373613768858129
0.34470490325324404	-0.00017373304700909437
0.3471284277695101	-0.00017372992010408533
0.34956406990835764	-0.00017372675637014249
0.3520118902578995	-0.0001737235551905332
0.354471949709189	-0.00017372031593472953
0.3569443094577349	-0.0001737170379583437
0.3594290310050235	-0.0001737137206023566
0.3619261761600484	-0.00017371036319294836
0.3644358070408486	-0.00017370696504109769
0.36695798607605284	-0.0001737035254419164
0.36949277600643327	-0.0001737000436745503
0.37204023988646523	-0.00017369651900143733
0.3746004410858973	-0.00017369295066792985
0.3771734432913268	-0.00017368933790187815
0.3797593105077832	-0.00017368567991299854
0.3823581070603219	-0.00017368197589244524
0.38496989759562367	-0.00017367822501218602
0.3875947470836016	-0.0001736744264244702
0.3902327208190196	-0.00017367057926129945
0.3928838844231145	-0.00017366668263384003
0.39554830384522993	-0.0001736627356315649
0.3982260453644561	-0.00017365873732198118
0.4009171755912785	-0.00017365468674959299
0.40362176146923495	-0.00017365058293556963
0.40633987027658097	-0.00017364642487667072
0.4090715696279639	-0.00017364221154477348
0.4118169274761037	-0.0001736379418859473
0.4145760121134843	-0.00017363361481982802
0.4173488921740515	-0.00017362922923844454
0.4201356366349219	-0.0001736247840057894
0.42293631481809635	-0.00017362027795666144
0.4257509963921868	-0.0001736157098957353
0.42857975137414767	-0.00017361107859678802
0.43142265013101855	-0.00017360638280147507
0.43427976338167373	-0.00017360162121848725
0.43715116219858224	-0.00017359679252228273
0.44003691800957523	-0.0001735918953521726
0.44293710259962304	-0.0001735869283111233
0.4458517881126211	-0.00017358188996425045
0.44878104705318417	-0.00017357677883815051
0.45172495228844983	-0.00017357159341896766
0.45468357704989204	-0.00017356633215151733
0.4576569949351413	-0.00017356099343756681
0.46064527990981685	-0.00017355557563460616
0.4636485063093658	-0.00017355007705412078
0.4666667488409128	-0.00017354449596015958
0.4697000825851173	-0.0001735388305675699
0.4727485829980427	-0.00017353307904031807
0.47581232591303285	-0.00017352723948981693
0.478891387542598	-0.00017352130997273194
0.48198584448031084	-0.0001735152884894022
0.4850957737027124	-0.00017350917298158174
0.48822125257122595	-0.00017350296133047285
0.49136235883408197	-0.00017349665135433354
0.4945191706282523	-0.00017349024080631106
0.4976917664813935	-0.00017348372737205204
0.5008802253138004	-0.0001734771086670616
0.5040846264403696	-0.0001734703822341586
0.5073050495725715	-0.00017346354554082243
0.5105415748204343	-0.00017345659597618033
0.5137942826945365	-0.00017344953084808074
0.517063254108009	-0.00017344234738004324
0.5203485703785492	-0.00017343504270779343
0.5236503132304419	-0.00017342761387611282
0.5269685647965939	-0.0001734200578349181
0.5303034076205766	-0.00017341237143585116
0.5336549246586795	-0.00017340455142818086
0.5370231992819728	-0.00017339659445467234
0.5404083152783826	-0.0001733884970473071
0.5438103568547747	-0.000173380255622887
0.5472294086390483	-0.00017337186647805756
0.5506655556822436	-0.00017336332578459833
0.5541188834606549	-0.00017335462958399368
0.5575894778779582	-0.00017334577378208023
0.5610774252673477	-0.00017333675414329716
0.5645828123936844	-0.00017332756628460474
0.5681057264556525	-0.00017331820566909793
0.5716462550879309	-0.00017330866759951373
0.5752044863633705	-0.00017329894721097012
0.5787805087951873	-0.00017328903946381595
0.5823744113391631	-0.00017327893913557548
0.5859862833958588	-0.00017326864081306905
0.5896162148128381	-0.00017325813888360896
0.5932642958869024	-0.00017324742752590358
0.5969306173663369	-0.00017323650070051467
0.6006152704531684	-0.00017322535213963743
0.6043183468054344	-0.00017321397533663171
0.6080399385394615	-0.0001732023635345245
0.6117801382321587	-0.0001731905097140733
0.6155390389233192	-0.00017317840658139926
0.6193167341179359	-0.0001731660465543984
0.6231133177885255	-0.00017315342174874842
0.6269288843774683	-0.00017314052396282838
0.6307635287993556	-0.00017312734466222893
0.6346173464433522	-0.00017311387496239612
0.6384904331755688	-0.00017310010561132958
0.6423828853414466	-0.00017308602697033298
0.6462947997681537	-0.00017307162899411302
0.6502262737669944	-0.00017305690120932328
0.6541774051358293	-0.0001730418326918135
0.6581482921615082	-0.0001730264120425596
0.6621390336223156	-0.00017301062736167872
0.6661497287904271	-0.00017299446622120966
0.6701804774343789	-0.00017297791563540806
0.6742313798215507	-0.0001729609620299025
0.6783025367206585	-0.00017294359120782887
0.682394049404262	-0.00017292578831398607
0.6865060196512833	-0.00017290753779674575
0.6906385497495399	-0.0001728888233665566
0.6947917424982876	-0.00017286962795184197
0.6989657012107791	-0.0001728499336517455
0.7031605297168331	-0.00017282972168466778
0.7073763323654171	-0.00017280897233345707
0.7116132140272443	-0.00017278766488600225
0.7158712800973803	-0.0001727657775709311
0.7201506364978669	-0.00017274328748857816
0.724451389680356	-0.0001727201705354394
0.7287736466287575	-0.0001726964013229938
0.7331175148619014	-0.00017267195308888353
0.737483102436211	-0.00017264679760058675
0.7418705179483918	-0.0001726209050502376
0.7462798705381338	-0.00017259424393993472
0.7507112698908246	-0.0001725667809558969
0.7551648262402787	-0.00017253848083093992
0.7596406503714802	-0.00017250930619313736
0.7641388536233378	-0.00017247921739917
0.7686595478914543	-0.00017244817235117924
0.7732028456309116	-0.0001724161262935513
0.777768859859066	-0.00017238303158863301
0.7823577041583611	-0.00017234883746758393
0.7869694926791531	-0.00017231348975366338
0.7916043401425489	-0.00017227693055348804
0.7962623618432616	-0.00017223909791309536
0.8009436736524779	-0.00017219992543290806
0.8056483920207402	-0.00017215934183625604
0.8103766339808439	-0.00017211727048518138
0.8151285171507483	-0.00017207362883532874
0.8199041597365018	-0.00017202832782250277
0.8247036805351844	-0.00017198127116917767
0.8295271989378604	-0.0001719323546010658
0.8343748349325497	-0.00017188146495961872
0.8392467091072124	-0.0001718284791949461
0.8441429426527486	-0.00017177326322293776
0.8490636573660123	-0.00017171567062421249
0.8540089756528424	-0.00017165554116350382
0.8589790205311068	-0.0001715926991013408
0.8639739156337622	-0.00017152695126782
0.868973915633762	-0.00017145836243304314
0.8739739156337618	-0.0001713868113133826
0.8789739156337616	-0.00017131209247002644
0.8839739156337615	-0.00017123398020996963
0.8889739156337613	-0.0001711522264606094
0.893973915633761	-0.000171066558178583
0.8989739156337608	-0.00017097667445030342
0.9039739156337606	-0.00017088224325123385
0.9089739156337604	-0.00017078289782429608
0.9139739156337602	-0.0001706782326346766
0.91897391563376	-0.00017056779885267785
0.9239739156337599	-0.00017045109930859863
0.9289739156337596	-0.000170327582859722
0.9339739156337594	-0.00017019663809666907
0.9389739156337592	-0.0001700575863101577
0.943973915633759	-0.0001699096736246034
0.9489739156337588	-0.0001697520621925431
0.9539739156337586	-0.00016958382032572595
0.9589739156337583	-0.00016940391142131035
0.9639739156337582	-0.0001692111815159976
0.968973915633758	-0.0001690043452761368
0.9739739156337578	-0.00016878197019806531
0.9789739156337576	-0.00016854245875715966
0.9839739156337574	-0.00016828402819745505
0.9889739156337571	-0.00016800468760388374
0.9939739156337569	-0.00016770221183683205
0.9989739156337567	-0.00016737411183366394
1.0039739156337566	-0.00016701760070013974
1.0089739156337563	-0.00016662955490827559
1.0139739156337562	-0.00016620646979984824
1.0189739156337558	-0.00016574440845019503
1.0239739156337557	-0.00016523894277935904
1.0289739156337556	-0.00016468508559785657
1.0339739156337553	-0.00016407721203948481
1.0389739156337552	-0.00016340896855578178
1.0439739156337549	-0.00016267316732383706
1.0489739156337547	-0.00016186166353418968
1.0539739156337544	-0.00016096521258339812
1.0589739156337543	-0.0001599733036751347
1.0639739156337542	-0.00015887396573182605
1.0689739156337539	-0.00015765354082714463
1.0739739156337538	-0.0001562964195531306
1.0789739156337534	-0.00015478473183100133
1.0839739156337533	-0.00015309798565976232
1.088973915633753	-0.00015121264516097978
1.093973915633753	-0.00014910163803748275
1.0989739156337526	-0.00014673378123413751
1.1039739156337525	-0.00014407311219359894
1.1089739156337524	-0.00014107811170210497
1.113973915633752	-0.00013770080299601667
1.118973915633752	-0.00013388571066217384
1.1239739156337516	-0.00012956866208285048
1.1289739156337515	-0.00012467541396818098
1.1339739156337512	-0.00011912008716149806
1.138973915633751	-0.00011280339476495397
1.143973915633751	-0.00010561065211565556
1.1489739156337506	-9.74095627149959e-5
1.1539739156337505	-8.80477823289959e-5
1.1589739156337502	-7.735027447937194e-5
1.16397391563375	-6.511648455718174e-5
1.1689739156337497	-5.111737646107618e-5
1.1739739156337496	-3.5092393927931e-5
1.1789739156337493	-1.674642647769536e-5
1.1839739156337492	4.253126270157452e-6
1.187980436725312	2.324782840780343e-5
1.1919869578168745	4.43938893303792e-5
1.1959934789084372	6.792367557564841e-5
1.2	9.408593599064383e-5
