0.0006999999999999628	-0.00016022919472632368
0.001403500000000035	-0.00016021963250352267
0.0021105174999999296	-0.0001602189647560789
0.0028210700874998964	-0.00016021841201671225
0.003535175437937438	-0.00016021785762365494
0.004252851315127062	-0.00016021729995083673
0.004974115571702636	-0.0001602167389470004
0.005698986149561044	-0.00016021617458400128
0.006427481080308875	-0.00016021560683458734
0.007159618485710418	-0.0001602150356718481
0.007895416578138905	-0.0001602144610689852
0.008634893661029494	-0.00016021388299935214
0.00937806812933463	-0.00016021330143631027
0.010124958469981361	-0.00016021271635308768
0.010875583262331262	-0.00016021212772307207
0.01162996117864295	-0.0001602115355193093
0.012388110984536127	-0.00016021093971490036
0.013150051539458866	-0.0001602103402827099
0.013915801797156208	-0.00016020973719550527
0.014685380806142003	-0.00016020913042585477
0.015458807710172712	-0.0001602085199461738
0.01623610174872358	-0.00016020790572861637
0.017017282257467212	-0.00016020728774522922
0.017802368668754516	-0.00016020666596779258
0.01859138051209827	-0.00016020604036789704
0.019384337414658823	-0.00016020541091685755
0.020181259101732015	-0.00016020477758581757
0.020982165397240727	-0.00016020414034566386
0.02178707622422691	-0.00016020349916703652
0.02259601160534814	-0.0001602028540203192
0.02340899166337483	-0.00016020220487567117
0.024226036621691812	-0.00016020155170290648
0.02504716680480027	-0.00016020089447172685
0.025872402638824326	-0.00016020023315141649
0.02670176465201842	-0.000160199567711059
0.02753527347527842	-0.0001601988981194878
0.028372949842654864	-0.00016019822434513761
0.0292148145918682	-0.0001601975463563353
0.03006088866482743	-0.00016019686412091624
0.03091119310815165	-0.00016019617760659863
0.0317657490736924	-0.00016019548678064576
0.03262457781906081	-0.00016019479161016815
0.03348770070815601	-0.00016019409206183968
0.034355139211696875	-0.0001601933881020604
0.035226914907755424	-0.00016019267969696126
0.03610304948229413	-0.00016019196681227858
0.03698356472970569	-0.00016019124941347478
0.03786848255335419	-0.00016019052746568674
0.038757824966120964	-0.00016018980093363878
0.03965161409095162	-0.0001601890697818276
0.04054987216140643	-0.00016018833397429922
0.04145262152221345	-0.0001601875934747812
0.04235988462982453	-0.00016018684824670688
0.04327168405297366	-0.00016018609825311996
0.0441880424732386	-0.00016018534345660525
0.04510898268560485	-0.00016018458381954198
0.046034527599032954	-0.00016018381930383145
0.04696470023702812	-0.00016018304987101798
0.04789952373821329	-0.00016018227548224146
0.048839021356904266	-0.00016018149609829598
0.04978321646368884	-0.00016018071167955307
0.05073213254600732	-0.00016017992218600482
0.05168579320873729	-0.00016017912757719662
0.052644222174780875	-0.00016017832781234454
0.05360744328565471	-0.00016017752285018294
0.054575480502083065	-0.00016017671264903212
0.055548357904593434	-0.00016017589716678938
0.056526099694116344	-0.00016017507636093296
0.0575087301925869	-0.0001601742501885073
0.05849627384354973	-0.00016017341860607932
0.05948875521276744	-0.00016017258156983145
0.06048619898883127	-0.00016017173903540595
0.061488629983775384	-0.00016017089095803446
0.06249607313369419	-0.00016017003729250557
0.06350855349936275	-0.00016016917799302648
0.06452609626685958	-0.00016016831301347045
0.06554872674819387	-0.00016016744230708618
0.06657647038193484	-0.0001601665658267521
0.06760935273384447	-0.0001601656835247499
0.06864739949751365	-0.0001601647953528561
0.0696906364950013	-0.000160163901262411
0.07073908967747639	-0.00016016300120414605
0.07179278512586384	-0.0001601620951283228
0.07285174905149322	-0.000160161182984637
0.0739160077967507	-0.0001601602647222507
0.07498558783573436	-0.00016015934028977243
0.07606051577491299	-0.00016015840963521004
0.07714081835378758	-0.0001601574727060883
0.07822652244555647	-0.0001601565294493006
0.07931765505778425	-0.00016015557981115318
0.0804142433330731	-0.0001601546237373702
0.08151631454973848	-0.00016015366117309984
0.08262389612248718	-0.000160152692062838
0.0837370156030995	-0.0001601517163505043
0.0848557006811149	-0.0001601507339793588
0.0859799791845205	-0.00016014974489204282
0.08710987908044313	-0.00016014874903054737
0.08824542847584534	-0.00016014774633620662
0.08938665561822454	-0.0001601467367497413
0.09053358889631567	-0.00016014572021109648
0.09168625684079722	-0.0001601446966596246
0.09284468812500112	-0.00016014366603392513
0.09400891156562617	-0.00016014262827197153
0.0951789561234543	-0.00016014158331096546
0.09635485090407148	-0.00016014053108733754
0.09753662515859184	-0.00016013947153695058
0.0987243082843847	-0.00016013840459467858
0.09991792982580656	-0.00016013733019490175
0.10111751947493569	-0.00016013624827101842
0.10232310707231031	-0.00016013515875577212
0.1035347226076718	-0.00016013406158109497
0.10475239622071016	-0.00016013295667805283
0.10597615820181366	-0.0001601318439769683
0.10720603899282274	-0.00016013072340731314
0.10844206918778684	-0.00016012959489772208
0.10968427953372567	-0.00016012845837597107
0.1109327009313943	-0.0001601273137689608
0.11218736443605135	-0.00016012616100276116
0.11344830125823162	-0.00016012500000249746
0.11471554276452282	-0.00016012383069236773
0.11598912047834534	-0.00016012265299574717
0.11726906608073695	-0.000160121466834981
0.11855541141114062	-0.00016012027213153728
0.11984818846819621	-0.00016011906880586266
0.12114742941053713	-0.00016011785677742368
0.12245316655758978	-0.0001601166359647531
0.1237654323903777	-0.00016011540628534045
0.12508425955232963	-0.00016011416765562706
0.12640968085009122	-0.0001601129199910406
0.1277417292543416	-0.00016011166320593057
0.1290804379006133	-0.00016011039721360956
0.13042584009011637	-0.0001601091219262645
0.1317779692905669	-0.00016010783725496218
0.13313685913701961	-0.00016010654310964572
0.13450254343270476	-0.00016010523939914717
0.13587505614986833	-0.00016010392603109903
0.13725443143061763	-0.00016010260291195164
0.13864070358777073	-0.00016010126994697399
0.14003390710570945	-0.00016009992704018407
0.14143407664123803	-0.0001600985740943656
0.1428412470244442	-0.00016009721101104967
0.1442554532595664	-0.00016009583769047918
0.14567673052586416	-0.00016009445403156788
0.1471051141784935	-0.00016009305993192464
0.14854063974938603	-0.00016009165528781634
0.149983342948133	-0.0001600902399941144
0.15143325966287374	-0.00016008881394428387
0.15289042596118813	-0.00016008737703038676
0.15435487809099402	-0.0001600859291430789
0.15582665248144906	-0.0001600844701714775
0.1573057857438562	-0.00016008300000324327
0.15879231467257537	-0.0001600815185245499
0.16028627624593816	-0.0001600800256199232
0.16178770762716785	-0.0001600785211724052
0.16329664616530362	-0.00016007700506344305
0.16481312939613008	-0.00016007547717278607
0.1663371950431107	-0.00016007393737859857
0.16786888101832628	-0.00016007238555730923
0.1694082254234178	-0.00016007082158365062
0.1709552665505349	-0.00016006924533064438
0.17251004288328747	-0.00016006765666944274
0.17407259309770393	-0.00016006605546951602
0.17564295606319252	-0.00016006444159840145
0.17722117084350858	-0.0001600628149217653
0.17880727669772617	-0.000160061175303457
0.18040131308121476	-0.00016005952260524998
0.18200331964662084	-0.00016005785668706305
0.18361333624485401	-0.00016005617740671294
0.18523140292607826	-0.00016005448462005028
0.18685755994070874	-0.0001600527781807329
0.1884918477404122	-0.0001600510579404137
0.19013430697911424	-0.00016004932374850448
0.1917849785140098	-0.0001600475754522199
0.19344390340657974	-0.00016004581289653713
0.19511112292361268	-0.0001600440359241658
0.1967866785382308	-0.0001600422443754389
0.19847061193092203	-0.0001600404380884034
0.20016296499057665	-0.00016003861689855577
0.20186377981552947	-0.00016003678063903137
0.2035730987146071	-0.0001600349291404663
0.20529096420818022	-0.00016003306223080717
0.20701741902922113	-0.00016003117973552227
0.20875250612436722	-0.00016002928147736175
0.210496268654989	-0.00016002736727639656
0.21224874999826396	-0.0001600254369498799
0.21400999374825516	-0.00016002349031232391
0.21578004371699644	-0.00016002152717527608
0.21755894393558148	-0.00016001954734745204
0.2193467386552594	-0.00016001755063449225
0.22114347234853576	-0.0001600155368390634
0.22294918971027836	-0.00016001350576068932
0.2247639356588297	-0.0001600114571957112
0.2265877553371239	-0.0001600093909372034
0.2284206941138094	-0.0001600073067750847
0.23026279758437848	-0.0001600052044957959
0.23211411157230027	-0.0001600030838823407
0.23397468213016168	-0.00016000094471423331
0.23584455554081238	-0.000159998786767474
0.23772377831851643	-0.00015999660981432111
0.23961239721010893	-0.00015999441362340007
0.24151045919615952	-0.00015999219795942164
0.24341801149214037	-0.00015998996258334902
0.24533510154960114	-0.0001599877072521003
0.24726177705734917	-0.00015998543171857118
0.24919808594263576	-0.00015998313573152567
0.251144076372349	-0.00015998081903551952
0.2530997967542107	-0.00015997848137075269
0.2550652957379817	-0.00015997612247310248
0.2570406222166717	-0.0001599737420739573
0.2590258253277551	-0.00015997133989998903
0.26102095445439405	-0.00015996891567330478
0.2630260592266659	-0.0001599664691112261
0.2650411895227993	-0.00015996399992605575
0.2670663954704134	-0.0001599615078252415
0.26910172744776534	-0.00015995899251101457
0.27114723608500396	-0.00015995645368041816
0.27320297226542917	-0.00015995389102516137
0.27526898712675635	-0.000159951304231462
0.27734533206239	-0.0001599486929799892
0.2794320587227019	-0.0001599460569456854
0.2815292190163153	-0.0001599433957976166
0.2836368651113967	-0.00015994070919895522
0.28575504943695385	-0.00015993799680669152
0.28788382468413853	-0.00015993525827161256
0.29002324380755934	-0.00015993249323807042
0.29217336002659705	-0.00015992970134395777
0.29433422682673016	-0.000159926882220381
0.29650589796086374	-0.00015992403549163582
0.29868842745066804	-0.0001599211607750537
0.30088186958792124	-0.00015991825768067099
0.3030862789358609	-0.0001599153258113649
0.30530171033054027	-0.00015991236476230376
0.307528218882193	-0.00015990937412104015
0.30976585997660405	-0.00015990635346729552
0.312014689276487	-0.00015990330237262724
0.31427476272286925	-0.0001599002204003507
0.3165461365364837	-0.00015989710710533907
0.3188288672191662	-0.00015989396203375836
0.32112301155526213	-0.00015989078472287288
0.32342862661303834	-0.0001598875747008738
0.3257457697461036	-0.00015988433148657048
0.32807449859483384	-0.00015988105458923036
0.3304148710878078	-0.00015987774350828234
0.33276694544324686	-0.00015987439773313105
0.33513078017046305	-0.0001598710167428352
0.33750643407131514	-0.00015986760000588765
0.3398939662416715	-0.00015986414697994412
0.3422934360728799	-0.0001598606571115217
0.34470490325324404	-0.00015985712983571416
0.3471284277695101	-0.00015985356457591938
0.34956406990835764	-0.00015984996074351734
0.3520118902578995	-0.0001598463177375786
0.354471949709189	-0.00015984263494444673
0.3569443094577349	-0.00015983891173756387
0.3594290310050235	-0.0001598351474769565
0.3619261761600484	-0.0001598313415089964
0.3644358070408486	-0.00015982749316601405
0.36695798607605284	-0.00015982360176581463
0.36949277600643327	-0.00015981966661145704
0.37204023988646523	-0.00015981568699069662
0.3746004410858973	-0.0001598116621756328
0.3771734432913268	-0.00015980759142229567
0.3797593105077832	-0.00015980347397014636
0.3823581070603219	-0.0001597993090416481
0.38496989759562367	-0.000159795095841802
0.3875947470836016	-0.00015979083355760018
0.3902327208190196	-0.00015978652135753256
0.3928838844231145	-0.0001597821583911697
0.39554830384522993	-0.0001597777437883938
0.3982260453644561	-0.00015977327665904156
0.4009171755912785	-0.000159768756092252
0.40362176146923495	-0.00015976418115578586
0.40633987027658097	-0.000159759550895487
0.4090715696279639	-0.0001597548643346585
0.4118169274761037	-0.0001597501204733086
0.4145760121134843	-0.00015974531828746887
0.4173488921740515	-0.0001597404567285345
0.4201356366349219	-0.00015973553472251623
0.42293631481809635	-0.0001597305511691604
0.4257509963921868	-0.00015972550494128385
0.42857975137414767	-0.00015972039488383773
0.43142265013101855	-0.00015971521981315512
0.43427976338167373	-0.00015970997851599006
0.43715116219858224	-0.00015970466974854182
0.44003691800957523	-0.00015969929223565247
0.44293710259962304	-0.00015969384466963882
0.4458517881126211	-0.000159688325709389
0.44878104705318417	-0.00015968273397922364
0.45172495228844983	-0.00015967706806774138
0.45468357704989204	-0.00015967132652685082
0.4576569949351413	-0.00015966550787028006
0.46064527990981685	-0.00015965961057262649
0.4636485063093658	-0.00015965363306783649
0.4666667488409128	-0.00015964757374798877
0.4697000825851173	-0.00015964143096179782
0.4727485829980427	-0.00015963520301320188
0.47581232591303285	-0.00015962888815992656
0.478891387542598	-0.00015962248461173203
0.48198584448031084	-0.00015961599052895654
0.4850957737027124	-0.0001596094040206325
0.48822125257122595	-0.0001596027231428734
0.49136235883408197	-0.0001595959458969106
0.4945191706282523	-0.0001595890702271293
0.4976917664813935	-0.00015958209401924995
0.5008802253138004	-0.00015957501509801075
0.5040846264403696	-0.0001595678312251211
0.5073050495725715	-0.0001595605400969114
0.5105415748204343	-0.00015955313934199158
0.5137942826945365	-0.00015954562651874927
0.517063254108009	-0.00015953799911278885
0.5203485703785492	-0.0001595302545342349
0.5236503132304419	-0.00015952239011486
0.5269685647965939	-0.00015951440310520165
0.5303034076205766	-0.0001595062906713732
0.5336549246586795	-0.00015949804989202668
0.5370231992819728	-0.00015948967775486887
0.5404083152783826	-0.00015948117115313347
0.5438103568547747	-0.00015947252688194532
0.5472294086390483	-0.00015946374163452288
0.5506655556822436	-0.0001594548119979754
0.5541188834606549	-0.00015944573444933723
0.5575894778779582	-0.0001594365053509291
0.5610774252673477	-0.00015942712094589888
0.5645828123936844	-0.000159417577353244
0.5681057264556525	-0.00015940787056286366
0.5716462550879309	-0.00015939799643006878
0.5752044863633705	-0.00015938795067015174
0.5787805087951873	-0.00015937772885243163
0.5823744113391631	-0.00015936732639419907
0.5859862833958588	-0.00015935673855405316
0.5896162148128381	-0.0001593459604254042
0.5932642958869024	-0.0001593349869290435
0.5969306173663369	-0.00015932381280589486
0.6006152704531684	-0.00015931243260891434
0.6043183468054344	-0.00015930084069500162
0.6080399385394615	-0.00015928903121607203
0.6117801382321587	-0.00015927699810997496
0.6155390389233192	-0.0001592647350907616
0.6193167341179359	-0.00015925223563858454
0.6231133177885255	-0.00015923949298866273
0.6269288843774683	-0.00015922650012024914
0.6307635287993556	-0.00015921324974439214
0.6346173464433522	-0.00015919973429130938
0.6384904331755688	-0.00015918594589707313
0.6423828853414466	-0.00015917187638951873
0.6462947997681537	-0.00015915751727302107
0.6502262737669944	-0.00015914285971280632
0.6541774051358293	-0.00015912789451820434
0.6581482921615082	-0.00015911261212472942
0.6621390336223156	-0.00015909700257519984
0.6661497287904271	-0.00015908105549967486
0.6701804774343789	-0.00015906476009420247
0.6742313798215507	-0.00015904810509803058
0.6783025367206585	-0.00015903107876952355
0.682394049404262	-0.00015901366886050193
0.6865060196512833	-0.00015899586258857218
0.6906385497495399	-0.0001589776466080884
0.6947917424982876	-0.00015895900697872589
0.6989657012107791	-0.0001589399291316718
0.7031605297168331	-0.00015892039783425545
0.7073763323654171	-0.00015890039715076617
0.7116132140272443	-0.00015887991040128933
0.7158712800973803	-0.00015885892011707617
0.7201506364978669	-0.0001588374079923318
0.724451389680356	-0.000158815354832183
0.7287736466287575	-0.00015879274049677625
0.7331175148619014	-0.0001587695438399488
0.737483102436211	-0.00015874574264337834
0.7418705179483918	-0.00015872131354462027
0.7462798705381338	-0.00015869623195871436
0.7507112698908246	-0.00015867047199237533
0.7551648262402787	-0.00015864400635053123
0.7596406503714802	-0.0001586168062334606
0.7641388536233378	-0.00015858884122362785
0.7686595478914543	-0.00015856007916144622
0.7732028456309116	-0.00015853048600753848
0.777768859859066	-0.0001585000256907892
0.7823577041583611	-0.00015846865993911284
0.7869694926791531	-0.00015843634809207854
0.7916043401425489	-0.000158403046891387
0.7962623618432616	-0.00015836871024699824
0.8009436736524779	-0.00015833328897519564
0.8056483920207402	-0.00015829673050519054
0.8103766339808439	-0.00015825897854830964
0.8151285171507483	-0.00015821997272629765
0.8199041597365018	-0.00015817964815087742
0.8247036805351844	-0.00015813793494930158
0.8295271989378604	-0.0001580947577264352
0.8343748349325497	-0.00015805003495552954
0.8392467091072124	-0.00015800367828618352
0.8441429426527486	-0.00015795559175828345
0.8490636573660123	-0.0001579056709077952
0.8540089756528424	-0.00015785380174961983
0.8589790205311068	-0.00015779985961920722
0.8639739156337622	-0.00015774370785311503
0.868973915633762	-0.00015768543043574422
0.8739739156337618	-0.00015762495479925404
0.8789739156337616	-0.00015756213895972617
0.8839739156337615	-0.00015749682682595793
0.8889739156337613	-0.0001574288470842117
0.893973915633761	-0.00015735801147062495
0.8989739156337608	-0.00015728411284720017
0.9039739156337606	-0.0001572069230579998
0.9089739156337604	-0.00015712619054047557
0.9139739156337602	-0.0001570416376621968
0.91897391563376	-0.00015695295774667504
0.9239739156337599	-0.00015685981174890428
0.9289739156337596	-0.0001567618245321638
0.9339739156337594	-0.00015665858069033455
0.9389739156337592	-0.00015654961985095254
0.943973915633759	-0.00015643443138219114
0.9489739156337588	-0.00015631244841397615
0.9539739156337586	-0.00015618304106995026
0.9589739156337583	-0.00015604550878588606
0.9639739156337582	-0.00015589907157262
0.968973915633758	-0.00015574286005482318
0.9739739156337578	-0.0001555759040891925
0.9789739156337576	-0.00015539711973070687
0.9839739156337574	-0.00015520529427658428
0.9889739156337571	-0.0001549990690681687
0.9939739156337569	-0.00015477691967594016
0.9989739156337567	-0.00015453713302551042
1.0039739156337566	-0.00015427778094115915
1.0089739156337563	-0.00015399668949079475
1.0139739156337562	-0.00015369140340172196
1.0189739156337558	-0.00015335914468360515
1.0239739156337557	-0.00015299676443431015
1.0289739156337556	-0.00015260068661684728
1.0339739156337553	-0.000152166842369666
1.0389739156337552	-0.0001516905931463449
1.0439739156337549	-0.0001511666406645631
1.0489739156337547	-0.0001505889212731148
1.0539739156337544	-0.00014995048189958243
1.0589739156337543	-0.00014924333422361351
1.0639739156337542	-0.00014845828310480085
1.0689739156337539	-0.00014758472457050185
1.0739739156337538	-0.00014661040782181718
1.0789739156337534	-0.00014552115472449991
1.0839739156337533	-0.00014430052909404273
1.088973915633753	-0.00014292944674586418
1.093973915633753	-0.0001413857157328972
1.0989739156337526	-0.00013964349442779531
1.1039739156337525	-0.00013767265309287468
1.1089739156337524	-0.00013543802233322683
1.113973915633752	-0.00013289850933313982
1.118973915633752	-0.0001300060600739241
1.1239739156337516	-0.00012670444287051505
1.1289739156337515	-0.00012292782564538566
1.1339739156337512	-0.00011859911653930567
1.138973915633751	-0.00011362803496784773
1.143973915633751	-0.00010790887841485805
1.1489739156337506	-0.00010131794955421586
1.1539739156337505	-9.371060933790395e-5
1.1589739156337502	-8.491792522071998e-5
1.16397391563375	-7.474289066043065e-5
1.1689739156337497	-6.295620342913755e-5
1.1739739156337496	-4.929160713106173e-5
1.1789739156337493	-3.3440823408632e-5
1.1839739156337492	-1.504813185373427e-5
1.187980436725312	1.8005414063299833e-6
1.1919869578168745	2.0777830735512408e-5
1.1959934789084372	4.214964075136522e-5
1.2	6.620766949649574e-5
