0.0006999999999999628	-0.00017506555323791427
0.001403500000000035	-0.00017505524719560011
0.0021105174999999296	-0.00017505504403609053
0.0028210700874998964	-0.00017505497949365647
0.003535175437937438	-0.00017505491658103786
0.004252851315127062	-0.00017505485340245657
0.004974115571702636	-0.00017505478992857793
0.005698986149561044	-0.0001750547261563037
0.006427481080308875	-0.0001750546620830604
0.007159618485710418	-0.0001750545977067328
0.007895416578138905	-0.00017505453302498345
0.008634893661029494	-0.00017505446803572897
0.00937806812933463	-0.00017505440273696957
0.010124958469981361	-0.0001750543371267521
0.010875583262331262	-0.0001750542712030688
0.01162996117864295	-0.0001750542049641126
0.012388110984536127	-0.0001750541384079581
0.013150051539458866	-0.00017505407153271566
0.013915801797156208	-0.00017505400433663726
0.014685380806142003	-0.00017505393681788544
0.015458807710172712	-0.00017505386897472366
0.01623610174872358	-0.0001750538008052072
0.017017282257467212	-0.00017505373230772324
0.017802368668754516	-0.00017505366348044291
0.01859138051209827	-0.00017505359432160313
0.019384337414658823	-0.00017505352482937708
0.020181259101732015	-0.000175053455002091
0.020982165397240727	-0.00017505338483791332
0.02178707622422691	-0.00017505331433509142
0.02259601160534814	-0.00017505324349194912
0.02340899166337483	-0.00017505317230663035
0.024226036621691812	-0.00017505310077737027
0.02504716680480027	-0.00017505302890246996
0.025872402638824326	-0.00017505295668008916
0.02670176465201842	-0.00017505288410841214
0.02753527347527842	-0.0001750528111858592
0.028372949842654864	-0.00017505273791041862
0.0292148145918682	-0.0001750526642803901
0.03006088866482743	-0.00017505259029401815
0.03091119310815165	-0.00017505251594942387
0.0317657490736924	-0.00017505244124488406
0.03262457781906081	-0.00017505236617847773
0.03348770070815601	-0.00017505229074853682
0.034355139211696875	-0.0001750522149531285
0.035226914907755424	-0.00017505213879046293
0.03610304948229413	-0.0001750520622586889
0.03698356472970569	-0.0001750519853559879
0.03786848255335419	-0.00017505190808045744
0.038757824966120964	-0.00017505183043032955
0.03965161409095162	-0.00017505175240369535
0.04054987216140643	-0.00017505167399866378
0.04145262152221345	-0.0001750515952133736
0.04235988462982453	-0.00017505151604591652
0.04327168405297366	-0.00017505143649442504
0.0441880424732386	-0.00017505135655703592
0.04510898268560485	-0.0001750512762317886
0.046034527599032954	-0.00017505119551677355
0.04696470023702812	-0.00017505111441005436
0.04789952373821329	-0.00017505103290978207
0.048839021356904266	-0.0001750509510138999
0.04978321646368884	-0.00017505086872055055
0.05073213254600732	-0.0001750507860276896
0.05168579320873729	-0.00017505070293342804
0.052644222174780875	-0.00017505061943578462
0.05360744328565471	-0.00017505053553272957
0.054575480502083065	-0.00017505045122228043
0.05554835790459365	-0.00017505036650250567
0.05652609969411678	-0.00017505028137134837
0.05750873019258755	-0.00017505019582675794
0.05849627384355038	-0.00017505010986674916
0.05948875521276831	-0.00017505002348927547
0.060486198988831924	-0.00017504993669232937
0.061488629983776036	-0.0001750498494737898
0.062496073133695054	-0.00017504976183165018
0.06350855349936363	-0.00017504967376377875
0.06452609626686023	-0.00017504958526818302
0.06554872674819473	-0.00017504949634266506
0.0665764703819355	-0.00017504940698522106
0.06760935273384511	-0.00017504931719366056
0.06864739949751451	-0.00017504922696593672
0.06969063649500218	-0.00017504913629981116
0.07073908967747725	-0.00017504904519326643
0.07179278512586448	-0.00017504895364411135
0.07285174905149387	-0.00017504886165011033
0.07391600779675113	-0.00017504876920920826
0.07498558783573481	-0.00017504867631915028
0.07606051577491364	-0.00017504858297777632
0.07714081835378801	-0.0001750484891828884
0.0782265224455569	-0.00017504839493223394
0.07931765505778446	-0.0001750483002236563
0.08041424333307354	-0.00017504820505484425
0.08151631454973869	-0.00017504810942364137
0.08262389612248718	-0.00017504801332771165
0.08373701560309972	-0.000175047916764814
0.08485570068111534	-0.0001750478197327148
0.08597997918452092	-0.00017504772222914165
0.08710987908044335	-0.00017504762425167423
0.08824542847584554	-0.00017504752579811895
0.08938665561822474	-0.00017504742686616859
0.0905335888963159	-0.00017504732745334448
0.09168625684079766	-0.00017504722755740806
0.09284468812500156	-0.0001750471271760891
0.09400891156562662	-0.00017504702630690382
0.09517895612345495	-0.00017504692494744564
0.09635485090407213	-0.00017504682309543495
0.09753662515859228	-0.0001750467207483723
0.09872430828438533	-0.0001750466179039462
0.09991792982580742	-0.00017504651455965133
0.10111751947493633	-0.00017504641071308674
0.10232310707231096	-0.00017504630636175933
0.10353472260767245	-0.00017504620150327177
0.1047523962207106	-0.0001750460961350682
0.1059761582018141	-0.0001750459902547954
0.10720603899282295	-0.00017504588385981712
0.10844206918778705	-0.00017504577694770634
0.10968427953372589	-0.00017504566951586964
0.11093270093139453	-0.0001750455615618147
0.11218736443605157	-0.00017504545308302268
0.11344830125823162	-0.00017504534407680018
0.11471554276452282	-0.00017504523454076726
0.11598912047834534	-0.0001750451244722048
0.11726906608073716	-0.00017504501386853466
0.11855541141114084	-0.00017504490272716164
0.11984818846819666	-0.00017504479104535586
0.12114742941053756	-0.00017504467882060865
0.12245316655759021	-0.0001750445660501803
0.12376543239037813	-0.00017504445273142203
0.12508425955233007	-0.00017504433886169073
0.12640968085009188	-0.00017504422443825947
0.12774172925434224	-0.00017504410945832387
0.12908043790061416	-0.00017504399391928338
0.13042584009011704	-0.00017504387781831283
0.13177796929056776	-0.0001750437611527298
0.1331368591370207	-0.00017504364391968648
0.13450254343270562	-0.00017504352611642964
0.13587505614986897	-0.00017504340774016053
0.1372544314306183	-0.00017504328878808725
0.13864070358777136	-0.00017504316925721002
0.14003390710571012	-0.00017504304914495313
0.14143407664123844	-0.00017504292844820713
0.14284124702444484	-0.00017504280716426122
0.14425545325956707	-0.00017504268529020903
0.1456767305258648	-0.00017504256282294662
0.14710511417849395	-0.00017504243975976466
0.14854063974938644	-0.00017504231609758708
0.14998334294813345	-0.00017504219183352623
0.1514332596628742	-0.000175042066964557
0.15289042596118857	-0.0001750419414877255
0.15435487809099444	-0.00017504181540000817
0.15582665248144925	-0.00017504168869828616
0.15730578574385642	-0.00017504156137969004
0.1587923146725756	-0.0001750414334410359
0.1602862762459386	-0.0001750413048792396
0.1617877076271685	-0.00017504117569120084
0.16329664616530448	-0.00017504104587382985
0.16481312939613094	-0.00017504091542404213
0.16633719504311156	-0.00017504078433858657
0.16786888101832692	-0.00017504065261431567
0.16940822542341866	-0.0001750405202481074
0.17095526655053575	-0.00017504038723653535
0.17251004288328856	-0.0001750402535766661
0.1740725930977048	-0.00017504011926504744
0.1756429560631934	-0.00017503998429848009
0.17722117084350925	-0.00017503984867365012
0.17880727669772659	-0.0001750397123872084
0.18040131308121543	-0.00017503957543594826
0.18200331964662148	-0.0001750394378164172
0.18361333624485465	-0.00017503929952521438
0.18523140292607912	-0.0001750391605589998
0.18685755994070938	-0.00017503902091437653
0.18849184774041308	-0.0001750388805879361
0.19013430697911532	-0.0001750387395760184
0.19178497851401088	-0.0001750385978754171
0.19344390340658082	-0.00017503845548240692
0.19511112292361377	-0.00017503831239357973
0.1967866785382319	-0.00017503816860533128
0.19847061193092289	-0.000175038024114137
0.2001629649905775	-0.00017503787891633079
0.20186377981553055	-0.0001750377330083637
0.20357309871460819	-0.00017503758638649872
0.2052909642081813	-0.0001750374390471923
0.207017419029222	-0.0001750372909866293
0.20875250612436788	-0.00017503714220113488
0.21049626865498966	-0.00017503699268693417
0.21224874999826462	-0.00017503684244025205
0.21400999374825602	-0.00017503669145737462
0.2157800437169973	-0.00017503653973440915
0.21755894393558234	-0.00017503638726745177
0.21934673865526005	-0.0001750362340526512
0.2211434723485364	-0.0001750360800861444
0.22294918971027902	-0.00017503592536397545
0.22476393565883038	-0.00017503576988212824
0.22658775533712455	-0.0001750356136365978
0.22842069411381005	-0.00017503545662345832
0.23026279758437915	-0.00017503529883857046
0.23211411157230094	-0.00017503514027778603
0.23397468213016254	-0.00017503498093716086
0.23584455554081346	-0.00017503482081242122
0.23772377831851751	-0.0001750346598993351
0.23961239721011024	-0.00017503449819379497
0.24151045919616082	-0.00017503433569148843
0.24341801149214168	-0.00017503417238811858
0.24533510154960245	-0.0001750340082794202
0.24726177705735047	-0.00017503384336097353
0.2491980859426373	-0.00017503367762848707
0.25114407637235053	-0.0001750335110774285
0.2530997967542124	-0.00017503334370335964
0.2550652957379834	-0.00017503317550185304
0.2570406222166734	-0.00017503300646830493
0.25902582532775686	-0.00017503283659808217
0.26102095445439577	-0.00017503266588660398
0.2630260592266676	-0.0001750324943293384
0.26504118952280104	-0.00017503232192140765
0.26706639547041516	-0.00017503214865816443
0.26910172744776706	-0.00017503197453480325
0.27114723608500574	-0.0001750317995465211
0.2732029722654309	-0.0001750316236883888
0.2752689871267581	-0.0001750314469555385
0.2773453320623917	-0.00017503126934296077
0.2794320587227036	-0.000175031090845738
0.281529219016317	-0.00017503091145860478
0.2836368651113984	-0.00017503073117676292
0.28575504943695557	-0.00017503054999479424
0.28788382468414025	-0.00017503036790765162
0.2900232438075611	-0.00017503018490997693
0.29217336002659877	-0.00017503000099648917
0.29433422682673194	-0.00017502981616179054
0.29650589796086546	-0.0001750296304006235
0.29868842745066976	-0.00017502944370728266
0.30088186958792296	-0.0001750292560763593
0.30308627893586265	-0.00017502906750223684
0.305301710330542	-0.00017502887797930697
0.3075282188821948	-0.00017502868750175714
0.30976585997660583	-0.00017502849606393852
0.31201468927648873	-0.0001750283036599037
0.31427476272287097	-0.0001750281102837913
0.3165461365364855	-0.0001750279159295915
0.318828867219168	-0.00017502772059140053
0.3211230115552639	-0.00017502752426292093
0.32342862661304006	-0.00017502732693808453
0.3257457697461053	-0.00017502712861057018
0.32807449859483556	-0.00017502692927421633
0.33041487108780954	-0.0001750267289223568
0.3327669454432486	-0.00017502652754870977
0.33513078017046477	-0.0001750263251466714
0.33750643407131686	-0.00017502612170955221
0.33989396624167323	-0.00017502591723063822
0.3422934360728816	-0.00017502571170310995
0.34470490325324576	-0.00017502550512009802
0.3471284277695118	-0.00017502529747463944
0.34956406990835936	-0.00017502508875953866
0.3520118902579012	-0.00017502487896769938
0.3544719497091907	-0.00017502466809185728
0.35694430945773664	-0.00017502445612461686
0.3594290310050252	-0.0001750242430583912
0.36192617616005013	-0.00017502402888580458
0.3644358070408504	-0.00017502381359897794
0.36695798607605457	-0.0001750235971902727
0.36949277600643504	-0.00017502337965155573
0.37204023988646695	-0.00017502316097507488
0.374600441085899	-0.00017502294115252147
0.3771734432913285	-0.00017502272017550963
0.379759310507785	-0.00017502249803596465
0.3823581070603237	-0.0001750222747250816
0.3849698975956254	-0.00017502205023437248
0.3875947470836033	-0.00017502182455488664
0.39023272081902133	-0.00017502159767781471
0.3928838844231162	-0.00017502136959405472
0.39554830384523165	-0.0001750211402942653
0.3982260453644579	-0.00017502090976928043
0.4009171755912802	-0.00017502067800940623
0.4036217614692367	-0.0001750204450050159
0.4063398702765827	-0.00017502021074620246
0.40907156962796565	-0.00017501997522295916
0.41181692747610543	-0.00017501973842507304
0.41457601211348605	-0.00017501950034224905
0.4173488921740533	-0.00017501926096376842
0.4201356366349237	-0.00017501902027891377
0.42293631481809807	-0.00017501877827685007
0.4257509963921885	-0.00017501853494623787
0.42857975137414944	-0.00017501829027576998
0.4314226501310203	-0.00017501804425390432
0.43427976338167545	-0.00017501779686872782
0.43715116219858396	-0.0001750175481083388
0.440036918009577	-0.00017501729796038864
0.44293710259962477	-0.00017501704641238524
0.4458517881126228	-0.0001750167934515224
0.4487810470531859	-0.00017501653906477213
0.45172495228845155	-0.00017501628323885227
0.45468357704989376	-0.00017501602596022088
0.45765699493514306	-0.0001750157672149554
0.46064527990981863	-0.00017501550698902971
0.4636485063093676	-0.00017501524526776686
0.4666667488409145	-0.00017501498203667447
0.4697000825851191	-0.00017501471728039695
0.4727485829980444	-0.00017501445098365786
0.4758123259130346	-0.00017501418313066629
0.47889138754259974	-0.00017501391370525416
0.4819858444803126	-0.00017501364269100622
0.4850957737027142	-0.0001750133700708175
0.48822125257122767	-0.00017501309582759232
0.49136235883408375	-0.00017501281994343154
0.49451917062825407	-0.0001750125424005157
0.49769176648139524	-0.00017501226317998965
0.5008802253138022	-0.00017501198226303104
0.5040846264403713	-0.00017501169962999918
0.5073050495725733	-0.00017501141526105103
0.510541574820436	-0.0001750111291355346
0.5137942826945383	-0.000175010841232515
0.5170632541080108	-0.0001750105515304114
0.520348570378551	-0.00017501026000711742
0.5236503132304436	-0.0001750099666398889
0.5269685647965956	-0.00017500967140542491
0.5303034076205784	-0.00017500937427979873
0.5336549246586811	-0.00017500907523821668
0.5370231992819746	-0.00017500877425551372
0.5404083152783844	-0.00017500847130577142
0.5438103568547764	-0.00017500816636198535
0.5472294086390501	-0.00017500785939681885
0.5506655556822453	-0.00017500755038205604
0.5541188834606565	-0.0001750072392883955
0.5575894778779599	-0.00017500692608586054
0.5610774252673494	-0.00017500661074362056
0.564582812393686	-0.00017500629322985978
0.5681057264556543	-0.0001750059735118154
0.5716462550879327	-0.00017500565155551936
0.5752044863633723	-0.00017500532732618224
0.578780508795189	-0.000175005000787972
0.5823744113391649	-0.00017500467190374337
0.5859862833958606	-0.00017500434063509517
0.5896162148128399	-0.00017500400694270447
0.5932642958869042	-0.00017500367078558505
0.5969306173663387	-0.00017500333212148203
0.6006152704531702	-0.0001750029909070159
0.6043183468054361	-0.00017500264709701906
0.6080399385394633	-0.00017500230064471122
0.6117801382321605	-0.0001750019515021397
0.615539038923321	-0.0001750015996192274
0.6193167341179376	-0.0001750012449443471
0.6231133177885273	-0.00017500088742400556
0.6269288843774701	-0.00017500052700272832
0.6307635287993573	-0.00017500016362302146
0.6346173464433539	-0.00017499979722539435
0.6384904331755705	-0.00017499942774791528
0.6423828853414483	-0.00017499905512651344
0.6462947997681555	-0.0001749986792947058
0.6502262737669962	-0.00017499830018341105
0.6541774051358311	-0.00017499791772073706
0.6581482921615099	-0.00017499753183206456
0.6621390336223173	-0.00017499714243987256
0.6661497287904288	-0.00017499674946345366
0.6701804774343807	-0.00017499635281891922
0.6742313798215525	-0.00017499595241908354
0.6783025367206603	-0.00017499554817273821
0.6823940494042636	-0.00017499513998521523
0.6865060196512851	-0.00017499472775755985
0.6906385497495416	-0.00017499431138715557
0.6947917424982893	-0.00017499389076617452
0.6989657012107808	-0.00017499346578270236
0.7031605297168348	-0.00017499303631981794
0.7073763323654189	-0.00017499260225502497
0.7116132140272461	-0.00017499216346054442
0.715871280097382	-0.00017499171980293315
0.7201506364978687	-0.00017499127114226773
0.7244513896803577	-0.0001749908173322724
0.7287736466287593	-0.00017499035821991475
0.733117514861903	-0.00017498989364463986
0.7374831024362126	-0.000174989423438247
0.7418705179483935	-0.00017498894742438962
0.7462798705381356	-0.00017498846541782727
0.7507112698908263	-0.00017498797722439015
0.7551648262402804	-0.00017498748263975294
0.759640650371482	-0.00017498698144947166
0.7641388536233394	-0.0001749864734279416
0.7686595478914561	-0.00017498595833741464
0.7732028456309133	-0.000174985435928041
0.7777688598590677	-0.0001749849059362494
0.7823577041583629	-0.00017498436808428548
0.7869694926791548	-0.00017498382207897827
0.7916043401425507	-0.0001749832676112965
0.7962623618432633	-0.00017498270435385482
0.8009436736524796	-0.00017498213196166887
0.805648392020742	-0.00017498155006889787
0.8103766339808457	-0.00017498095828867582
0.81512851715075	-0.00017498035621085731
0.8199041597365035	-0.00017497974340082258
0.8247036805351862	-0.00017497911939712697
0.8295271989378621	-0.0001749784837098438
0.8343748349325514	-0.00017497783581795027
0.8392467091072142	-0.00017497717516736462
0.8441429426527504	-0.00017497650116785122
0.849063657366014	-0.0001749758131902537
0.8540089756528442	-0.00017497511056331633
0.8589790205311084	-0.00017497439257013324
0.863973915633764	-0.00017497365844388948
0.8689739156337638	-0.00017497290930987416
0.8739739156337636	-0.00017497214598502153
0.8789739156337634	-0.00017497136804310953
0.8839739156337632	-0.00017497057474692905
0.8889739156337629	-0.0001749697653116002
0.8939739156337627	-0.00017496893890048314
0.8989739156337626	-0.00017496809462121728
0.9039739156337624	-0.00017496723152107062
0.9089739156337622	-0.00017496634858087085
0.913973915633762	-0.00017496544470950546
0.9189739156337617	-0.0001749645187370234
0.9239739156337615	-0.00017496356940678953
0.9289739156337613	-0.00017496259536716125
0.9339739156337611	-0.00017496159516162282
0.938973915633761	-0.00017496056721827337
0.9439739156337608	-0.00017495950983684058
0.9489739156337605	-0.0001749584211752462
0.9539739156337603	-0.00017495729923305462
0.9589739156337601	-0.00017495614183306036
0.9639739156337599	-0.0001749549466006823
0.9689739156337597	-0.00017495371093932788
0.9739739156337595	-0.0001749524320024405
0.9789739156337594	-0.0001749511066612681
0.9839739156337591	-0.00017494973146743085
0.9889739156337589	-0.00017494830260931626
0.9939739156337587	-0.0001749468158615268
0.9989739156337585	-0.00017494526652536802
1.0039739156337584	-0.00017494364935967814
1.008973915633758	-0.0001749419585003214
1.013973915633758	-0.0001749401873637201
1.0189739156337576	-0.00017493832853530706
1.0239739156337575	-0.0001749363736374365
1.0289739156337572	-0.00017493431317171782
1.033973915633757	-0.00017493213633587893
1.038973915633757	-0.0001749298308032178
1.0439739156337566	-0.00017492738246270562
1.0489739156337565	-0.00017492477511042416
1.0539739156337562	-0.0001749219900814157
1.058973915633756	-0.00017491900581179606
1.0639739156337558	-0.00017491579731622635
1.0689739156337557	-0.00017491233556428027
1.0739739156337553	-0.00017490858673570393
1.0789739156337552	-0.00017490451132903045
1.0839739156337551	-0.00017490006309498724
1.0889739156337548	-0.00017489518775875938
1.0939739156337547	-0.00017488982148915774
1.0989739156337544	-0.0001748838890612459
1.1039739156337542	-0.00017487730165247536
1.108973915633754	-0.00017486995419535093
1.1139739156337538	-0.00017486172219843894
1.1189739156337537	-0.00017485245792353468
1.1239739156337534	-0.00017484198579187246
1.1289739156337533	-0.00017483009685668967
1.133973915633753	-0.00017481654215539103
1.1389739156337528	-0.00017480102470633158
1.1439739156337525	-0.00017478318987801468
1.1489739156337524	-0.00017476261379254497
1.153973915633752	-0.00017473878936235173
1.158973915633752	-0.00017471110947332515
1.1639739156337519	-0.00017467884673266526
1.1689739156337515	-0.0001746411290729183
1.1739739156337514	-0.00017459691036742045
1.178973915633751	-0.00017454493503699906
1.183973915633751	-0.00017448369541307724
1.1889739156337507	-0.00017441138038552974
1.1939739156337505	-0.00017432581354733147
1.1989739156337504	-0.00017422437869694558
1.2039739156337501	-0.00017410393011262364
1.20897391563375	-0.00017396068449499372
1.2139739156337497	-0.00017379009082771324
1.2189739156337496	-0.00017358667364684936
1.2239739156337492	-0.00017334384427088165
1.2289739156337491	-0.00017305367342022854
1.2339739156337488	-0.00017270661728859267
1.2389739156337487	-0.00017229118746029399
1.2439739156337486	-0.00017179355306062765
1.2489739156337483	-0.00017119706106221507
1.2539739156337482	-0.0001704816577060796
1.2589739156337478	-0.00016962319038208787
1.2639739156337477	-0.0001685925649628147
1.2689739156337474	-0.00016735472834911253
1.2739739156337473	-0.00016586743971236663
1.2789739156337472	-0.00016407978645544696
1.2839739156337469	-0.00016193039208787567
1.2889739156337467	-0.00015934525282599785
1.2939739156337464	-0.00015623512761132703
1.2989739156337463	-0.00015249239218457247
1.303973915633746	-0.00014798725169874527
1.3089739156337459	-0.00014256318798139145
1.3139739156337455	-0.00013603149695270983
1.3189739156337454	-0.00012816474907705418
1.3239739156337453	-0.00011868898158482075
1.328973915633745	-0.00010727440654804522
1.333973915633745	-9.352439549301137e-5
1.3389739156337446	-7.696248180119993e-5
1.3439739156337445	-5.7017110834324716e-5
1.3489739156337441	-3.3003870503640216e-5
1.353973915633744	-4.104960190373475e-6
1.358973915633744	3.0654285254749836e-5
1.3639739156337436	7.243189284073903e-5
1.3689739156337435	0.00012259867388425555
1.3739739156337432	0.0001827702168699944
1.378973915633743	0.00025484073109469487
1.3839739156337427	0.0003410175333509263
1.3879804367253072	0.00042211319431935526
1.3919869578168715	0.0005152409241340002
1.395993478908436	0.0006221932811732965
1.4	0.00074478990593359
