0.0006999999999999628	-0.00015918831121445947
0.001403500000000035	-0.0001591836784790313
0.0021105174999999296	-0.0001591823928429099
0.0028210700874998964	-0.000159181127640408
0.003535175437937438	-0.00015917985476993822
0.004252851315127062	-0.00015917857393332098
0.004974115571702636	-0.00015917728506831895
0.005698986149561044	-0.00015917598811449995
0.006427481080308875	-0.00015917468301062423
0.007159618485710418	-0.00015917336969551948
0.007895416578138905	-0.00015917204810710948
0.008634893661029494	-0.00015917071818296303
0.00937806812933463	-0.00015916937986018993
0.010124958469981361	-0.0001591680330753126
0.010875583262331262	-0.000159166677764258
0.01162996117864295	-0.00015916531386230695
0.012388110984536127	-0.00015916394130422807
0.013150051539458866	-0.00015916256002428196
0.013915801797156208	-0.000159161169956075
0.014685380806142003	-0.00015915977103231864
0.015458807710172712	-0.00015915836318572405
0.01623610174872358	-0.0001591569463477747
0.017017282257467212	-0.00015915552044957213
0.017802368668754516	-0.00015915408542156254
0.01859138051209827	-0.0001591526411935419
0.019384337414658823	-0.0001591511876945983
0.020181259101732015	-0.00015914972485305592
0.020982165397240727	-0.00015914825259681555
0.02178707622422691	-0.00015914677085281074
0.02259601160534814	-0.000159145279547451
0.02340899166337483	-0.00015914377860633784
0.024226036621691812	-0.00015914226795442932
0.02504716680480027	-0.00015914074751590746
0.025872402638824326	-0.00015913921721425787
0.02670176465201842	-0.00015913767697215778
0.02753527347527842	-0.0001591361267114829
0.028372949842654864	-0.00015913456635349666
0.0292148145918682	-0.00015913299581870444
0.03006088866482743	-0.0001591314150264804
0.03091119310815165	-0.00015912982389594085
0.0317657490736924	-0.00015912822234491914
0.03262457781906081	-0.0001591266102907995
0.03348770070815601	-0.00015912498764979186
0.034355139211696875	-0.00015912335433755813
0.035226914907755424	-0.0001591217102687947
0.03610304948229413	-0.0001591200553573072
0.03698356472970569	-0.00015911838951613883
0.03786848255335419	-0.00015911671265733668
0.038757824966120964	-0.00015911502469222527
0.03965161409095162	-0.00015911332553103402
0.04054987216140643	-0.0001591116150831662
0.04145262152221345	-0.00015910989325721147
0.04235988462982453	-0.00015910815996053699
0.04327168405297366	-0.00015910641509997133
0.0441880424732386	-0.000159104658580977
0.04510898268560485	-0.00015910289030829675
0.046034527599032954	-0.0001591011101856211
0.04696470023702812	-0.00015909931811561754
0.04789952373821329	-0.00015909751399997352
0.048839021356904266	-0.0001590956977394561
0.04978321646368884	-0.0001590938692334982
0.05073213254600732	-0.00015909202838091744
0.05168579320873729	-0.0001590901750789527
0.052644222174780875	-0.00015908830922425405
0.05360744328565471	-0.0001590864307120971
0.054575480502083065	-0.00015908453943679044
0.055548357904593434	-0.00015908263529141329
0.056526099694116344	-0.00015908071816797466
0.0575087301925869	-0.00015907878795723816
0.05849627384354973	-0.00015907684454894518
0.05948875521276744	-0.00015907488783168113
0.06048619898883127	-0.0001590729176927767
0.061488629983775384	-0.00015907093401805998
0.06249607313369419	-0.000159068936692741
0.06350855349936275	-0.00015906692560029427
0.06452609626685958	-0.0001590649006230562
0.06554872674819387	-0.00015906286164217025
0.06657647038193484	-0.00015906080853748462
0.06760935273384447	-0.0001590587411874487
0.06864739949751365	-0.00015905665946920952
0.0696906364950013	-0.00015905456325871574
0.07073908967747639	-0.00015905245243027184
0.07179278512586384	-0.00015905032685706078
0.07285174905149322	-0.0001590481864105852
0.0739160077967507	-0.0001590460309614139
0.07498558783573436	-0.0001590438603781502
0.07606051577491299	-0.0001590416745280518
0.07714081835378758	-0.00015903947327723512
0.07822652244555647	-0.00015903725648996482
0.07931765505778425	-0.00015903502402927425
0.0804142433330731	-0.00015903277575616748
0.08151631454973848	-0.0001590305115306074
0.08262389612248718	-0.00015902823121077903
0.0837370156030995	-0.0001590259346532597
0.0848557006811149	-0.0001590236217128722
0.0859799791845205	-0.00015902129224301418
0.08710987908044313	-0.00015901894609529382
0.08824542847584534	-0.00015901658311964783
0.08938665561822454	-0.00015901420316432577
0.09053358889631567	-0.00015901180607559787
0.09168625684079722	-0.00015900939169844657
0.09284468812500112	-0.00015900695987559213
0.09400891156562617	-0.0001590045104480968
0.0951789561234543	-0.00015900204325525812
0.09635485090407148	-0.00015899955813452774
0.09753662515859184	-0.00015899705492123468
0.0987243082843847	-0.00015899453344912917
0.09991792982580656	-0.00015899199354959647
0.10111751947493569	-0.00015898943505232395
0.10232310707231031	-0.0001589868577849315
0.1035347226076718	-0.00015898426157308365
0.10475239622071016	-0.00015898164624021297
0.10597615820181366	-0.00015897901160786382
0.10720603899282274	-0.00015897635749508068
0.10844206918778684	-0.00015897368371928296
0.10968427953372567	-0.0001589709900951596
0.1109327009313943	-0.00015896827643570256
0.11218736443605135	-0.00015896554255125512
0.11344830125823162	-0.00015896278825005837
0.11471554276452282	-0.00015896001333804983
0.11598912047834534	-0.00015895721761884248
0.11726906608073695	-0.00015895440089335627
0.11855541141114062	-0.00015895156296063517
0.11984818846819621	-0.00015894870361672812
0.12114742941053713	-0.0001589458226555639
0.12245316655758978	-0.0001589429198683759
0.1237654323903777	-0.00015893999504396308
0.12508425955232963	-0.00015893704796835062
0.12640968085009122	-0.00015893407842508764
0.1277417292543416	-0.0001589310861948791
0.1290804379006133	-0.00015892807105593134
0.13042584009011637	-0.00015892503278353966
0.1317779692905669	-0.00015892197115008265
0.13313685913701961	-0.00015891888592553963
0.13450254343270476	-0.00015891577687650958
0.13587505614986833	-0.00015891264376693273
0.13725443143061763	-0.00015890948635774647
0.13864070358777073	-0.00015890630440690642
0.14003390710570945	-0.000158903097669246
0.14143407664123803	-0.0001588998658964176
0.1428412470244442	-0.00015889660883715152
0.1442554532595664	-0.00015889332623687225
0.14567673052586416	-0.00015889001783757624
0.1471051141784935	-0.0001588866833782881
0.14854063974938603	-0.00015888332259456715
0.149983342948133	-0.0001588799352183916
0.15143325966287374	-0.00015887652097861885
0.15289042596118813	-0.00015887307960036652
0.15435487809099402	-0.00015886961080533387
0.15582665248144906	-0.00015886611431150467
0.1573057857438562	-0.00015886258983333735
0.15879231467257537	-0.00015885903708157673
0.16028627624593816	-0.00015885545576307573
0.16178770762716785	-0.0001588518455809005
0.16329664616530362	-0.0001588482062343931
0.16481312939613008	-0.0001588445374187216
0.1663371950431107	-0.00015884083882518888
0.16786888101832628	-0.0001588371101410056
0.1694082254234178	-0.00015883335104934247
0.1709552665505349	-0.00015882956122910044
0.17251004288328747	-0.0001588257403548161
0.17407259309770393	-0.00015882188809691794
0.17564295606319252	-0.00015881800412132462
0.17722117084350858	-0.00015881408808959816
0.17880727669772617	-0.00015881013965872375
0.18040131308121476	-0.00015880615848120044
0.18200331964662084	-0.00015880214420476587
0.18361333624485401	-0.00015879809647230105
0.18523140292607826	-0.00015879401492217653
0.18685755994070874	-0.00015878989918775887
0.1884918477404122	-0.00015878574889751843
0.19013430697911424	-0.00015878156367479923
0.1917849785140098	-0.00015877734313793167
0.19344390340657974	-0.0001587730868999913
0.19511112292361268	-0.00015876879456897054
0.1967866785382308	-0.00015876446574729619
0.19847061193092203	-0.00015876010003214273
0.20016296499057665	-0.00015875569701510441
0.20186377981552947	-0.00015875125628217194
0.2035730987146071	-0.00015874677741379596
0.20529096420818022	-0.0001587422599844937
0.20701741902922113	-0.0001587377035630114
0.20875250612436722	-0.0001587331077121875
0.210496268654989	-0.00015872847198885405
0.21224874999826396	-0.00015872379594356075
0.21400999374825516	-0.00015871907912078554
0.21578004371699644	-0.00015871432105861428
0.21755894393558148	-0.0001587095212887307
0.2193467386552594	-0.0001587046793364592
0.22114347234853576	-0.00015869979472013876
0.22294918971027836	-0.00015869486695188343
0.2247639356588297	-0.00015868989553657445
0.2265877553371239	-0.00015868487997230214
0.2284206941138094	-0.00015867981975027927
0.23026279758437848	-0.0001586747143543235
0.23211411157230027	-0.00015866956326115542
0.23397468213016168	-0.00015866436594004737
0.23584455554081238	-0.00015865912185279049
0.23772377831851643	-0.00015865383045369819
0.23961239721010893	-0.0001586484911891861
0.24151045919615952	-0.00015864310349793516
0.24341801149214037	-0.00015863766681064069
0.24533510154960114	-0.00015863218054977285
0.24726177705734917	-0.00015862664412980378
0.24919808594263576	-0.00015862105695667227
0.251144076372349	-0.00015861541842800844
0.2530997967542107	-0.0001586097279326435
0.2550652957379817	-0.0001586039848507514
0.2570406222166717	-0.0001585981885534136
0.2590258253277551	-0.00015859233840291795
0.26102095445439405	-0.0001585864337524166
0.2630260592266659	-0.00015858047394528543
0.2650411895227993	-0.0001585744583158649
0.2670663954704134	-0.0001585683861885514
0.26910172744776534	-0.00015856225687813202
0.27114723608500396	-0.00015855606968931602
0.27320297226542917	-0.00015854982391660388
0.27526898712675635	-0.00015854351884442205
0.27734533206239	-0.00015853715374637608
0.2794320587227019	-0.0001585307278857328
0.2815292190163153	-0.00015852424051471047
0.2836368651113967	-0.00015851769087466995
0.28575504943695385	-0.00015851107819547054
0.28788382468413853	-0.00015850440169592605
0.29002324380755934	-0.00015849766058286793
0.29217336002659705	-0.0001584908540516071
0.29433422682673016	-0.0001584839812852292
0.29650589796086374	-0.00015847704145472075
0.29868842745066804	-0.00015847003371847798
0.30088186958792124	-0.00015846295722235526
0.3030862789358609	-0.0001584558110989496
0.30530171033054027	-0.00015844859446800412
0.307528218882193	-0.0001584413064357506
0.30976585997660405	-0.00015843394609478924
0.312014689276487	-0.0001584265125236275
0.31427476272286925	-0.0001584190047867743
0.3165461365364837	-0.00015841142193403793
0.3188288672191662	-0.00015840376300062876
0.32112301155526213	-0.0001583960270065699
0.32342862661303834	-0.000158388212956576
0.3257457697461036	-0.00015838031983970088
0.32807449859483384	-0.00015837234662886498
0.3304148710878078	-0.00015836429228079167
0.33276694544324686	-0.00015835615573534762
0.33513078017046305	-0.00015834793591543367
0.33750643407131514	-0.00015833963172662277
0.3398939662416715	-0.00015833124205635106
0.3422934360728799	-0.00015832276577425119
0.34470490325324404	-0.00015831420173103566
0.3471284277695101	-0.00015830554875856948
0.34956406990835764	-0.00015829680566907309
0.3520118902578995	-0.00015828797125498742
0.354471949709189	-0.00015827904428812356
0.3569443094577349	-0.00015827002351960498
0.3594290310050235	-0.00015826090767904425
0.3619261761600484	-0.00015825169547412625
0.3644358070408486	-0.00015824238559012003
0.36695798607605284	-0.0001582329766891795
0.36949277600643327	-0.00015822346740977734
0.37204023988646523	-0.00015821385636631584
0.3746004410858973	-0.00015820414214815772
0.3771734432913268	-0.00015819432331927227
0.3797593105077832	-0.00015818439841739222
0.3823581070603219	-0.00015817436595316235
0.38496989759562367	-0.00015816422440990418
0.3875947470836016	-0.00015815397224235427
0.3902327208190196	-0.00015814360787617615
0.3928838844231145	-0.00015813312970684823
0.39554830384522993	-0.00015812253609928206
0.3982260453644561	-0.0001581118253864019
0.4009171755912785	-0.00015810099586871092
0.40362176146923495	-0.00015809004581298448
0.40633987027658097	-0.00015807897345152547
0.4090715696279639	-0.0001580677769810041
0.4118169274761037	-0.00015805645456161882
0.4145760121134843	-0.00015804500431572442
0.4173488921740515	-0.00015803342432666888
0.4201356366349219	-0.0001580217126380028
0.42293631481809635	-0.00015800986725196303
0.4257509963921868	-0.0001579978861281846
0.42857975137414767	-0.0001579857671825094
0.43142265013101855	-0.0001579735082854733
0.43427976338167373	-0.00015796110726130783
0.43715116219858224	-0.00015794856188565325
0.44003691800957523	-0.00015793586988508104
0.44293710259962304	-0.00015792302893456023
0.4458517881126211	-0.0001579100366566674
0.44878104705318417	-0.00015789689061895427
0.45172495228844983	-0.00015788358833309575
0.45468357704989204	-0.00015787012725272857
0.4576569949351413	-0.00015785650477126315
0.46064527990981685	-0.00015784271822035905
0.4636485063093658	-0.00015782876486767703
0.4666667488409128	-0.00015781464191489902
0.4697000825851173	-0.00015780034649553573
0.4727485829980427	-0.00015778587567247374
0.47581232591303285	-0.0001577712264358825
0.478891387542598	-0.00015775639570067172
0.48198584448031084	-0.0001577413803040547
0.4850957737027124	-0.00015772617700286282
0.48822125257122595	-0.0001577107824708758
0.49136235883408197	-0.00015769519329613232
0.4945191706282523	-0.00015767940597781157
0.4976917664813935	-0.00015766341692326306
0.5008802253138004	-0.00015764722244516577
0.5040846264403696	-0.0001576308187579244
0.5073050495725715	-0.0001576142019745444
0.5105415748204343	-0.0001575973681030982
0.5137942826945365	-0.00015758031304294057
0.517063254108009	-0.00015756303258129126
0.5203485703785492	-0.00015754552238897717
0.5236503132304419	-0.00015752777801664395
0.5269685647965939	-0.0001575097948905054
0.5303034076205766	-0.00015749156830787193
0.5336549246586795	-0.00015747309343273913
0.5370231992819728	-0.0001574543652910859
0.5404083152783826	-0.00015743537876583005
0.5438103568547747	-0.0001574161285919148
0.5472294086390483	-0.000157396609350961
0.5506655556822436	-0.00015737681546569985
0.5541188834606549	-0.0001573567411944736
0.5575894778779582	-0.00015733638062490768
0.5610774252673477	-0.00015731572766810177
0.5645828123936844	-0.00015729477605196237
0.5681057264556525	-0.00015727351931451428
0.5716462550879309	-0.00015725195079700633
0.5752044863633705	-0.00015723006363663265
0.5787805087951873	-0.00015720785075851816
0.5823744113391631	-0.0001571853048686044
0.5859862833958588	-0.0001571624184447284
0.5896162148128381	-0.00015713918372807614
0.5932642958869024	-0.000157115592714622
0.5969306173663369	-0.00015709163714544886
0.6006152704531684	-0.000157067308496908
0.6043183468054344	-0.0001570425979705315
0.6080399385394615	-0.0001570174964824163
0.6117801382321587	-0.00015699199465193028
0.6155390389233192	-0.00015696608279020406
0.6193167341179359	-0.00015693975088770776
0.6231133177885255	-0.0001569129886020307
0.6269288843774683	-0.00015688578524391812
0.6307635287993556	-0.00015685812976366767
0.6346173464433522	-0.00015683001073651536
0.6384904331755688	-0.00015680141634738442
0.6423828853414466	-0.00015677233437477148
0.6462947997681537	-0.00015674275217393262
0.6502262737669944	-0.00015671265665937676
0.6541774051358293	-0.00015668203428635273
0.6581482921615082	-0.00015665087103156498
0.6621390336223156	-0.00015661915237262912
0.6661497287904271	-0.00015658686326695828
0.6701804774343789	-0.0001565539881291364
0.6742313798215507	-0.00015652051080717843
0.6783025367206585	-0.00015648641455804474
0.682394049404262	-0.00015645168202105202
0.6865060196512833	-0.0001564162951905254
0.6906385497495399	-0.00015638023538662945
0.6947917424982876	-0.00015634348322446975
0.6989657012107791	-0.0001563060185818097
0.7031605297168331	-0.00015626782056462937
0.7073763323654171	-0.00015622886747049456
0.7116132140272443	-0.00015618913675038369
0.7158712800973803	-0.00015614860496691141
0.7201506364978669	-0.0001561072477512771
0.724451389680356	-0.00015606503975639164
0.7287736466287575	-0.0001560219546067725
0.7331175148619014	-0.00015597796484605433
0.737483102436211	-0.000155933041879078
0.7418705179483918	-0.00015588715591086075
0.7462798705381338	-0.0001558402758799558
0.7507112698908246	-0.00015579236938705957
0.7551648262402787	-0.00015574340261719123
0.7596406503714802	-0.00015569334025516195
0.7641388536233378	-0.00015564214539337006
0.7686595478914543	-0.00015558977943076866
0.7732028456309116	-0.00015553620196204557
0.777768859859066	-0.00015548137065562022
0.7823577041583611	-0.000155425241118013
0.7869694926791531	-0.00015536776674501842
0.7916043401425489	-0.00015530889855391115
0.7962623618432616	-0.0001552485849982301
0.8009436736524779	-0.00015518677175914517
0.8056483920207402	-0.00015512340151172002
0.8103766339808439	-0.00015505841366194315
0.8151285171507483	-0.00015499174405033276
0.8199041597365018	-0.0001549233246165078
0.8247036805351844	-0.00015485308302087662
0.8295271989378604	-0.00015478094221455676
0.8343748349325497	-0.00015470681995291322
0.8392467091072124	-0.00015463062824328864
0.8441429426527486	-0.0001545522727181113
0.8490636573660123	-0.00015447165192335134
0.8540089756528424	-0.00015438865651166625
0.8589790205311068	-0.0001543031683263662
0.8639739156337622	-0.0001542150593634425
0.868973915633762	-0.00015412454734569639
0.8739739156337618	-0.00015403161459493257
0.8789739156337616	-0.00015393614137521757
0.8839739156337615	-0.00015383799532985913
0.8889739156337613	-0.0001537370322768634
0.893973915633761	-0.00015363309492365127
0.8989739156337608	-0.00015352601143705396
0.9039739156337606	-0.0001534155938571714
0.9089739156337604	-0.00015330163633421614
0.9139739156337602	-0.00015318391316230623
0.91897391563376	-0.00015306217658243702
0.9239739156337599	-0.00015293615431781165
0.9289739156337596	-0.00015280554679960467
0.9339739156337594	-0.00015267002403511237
0.9389739156337592	-0.00015252922205816836
0.943973915633759	-0.00015238273889562077
0.9489739156337588	-0.00015223012996752724
0.9539739156337586	-0.00015207090282976714
0.9589739156337583	-0.00015190451114737734
0.9639739156337582	-0.00015173034777186934
0.968973915633758	-0.00015154773677125406
0.9739739156337578	-0.0001513559242373008
0.9789739156337576	-0.00015115406766267396
0.9839739156337574	-0.0001509412236451397
0.9889739156337571	-0.00015071633363269844
0.9939739156337569	-0.0001504782073715065
0.9989739156337567	-0.00015022550365894545
1.0039739156337566	-0.0001499567079303893
1.0089739156337563	-0.00014967010612381576
1.0139739156337562	-0.0001493637541606459
1.0189739156337558	-0.00014903544226453063
1.0239739156337557	-0.000148682653188465
1.0289739156337556	-0.00014830251325383085
1.0339739156337553	-0.00014789173489625234
1.0389739156337552	-0.00014744654917101598
1.0439739156337549	-0.00014696262637930928
1.0489739156337547	-0.0001464349826355896
1.0539739156337544	-0.0001458578697821637
1.0589739156337543	-0.00014522464557859203
1.0639739156337542	-0.00014452762051101405
1.0689739156337539	-0.0001437578768925208
1.0739739156337538	-0.00014290505511396195
1.0789739156337534	-0.00014195710096005104
1.0839739156337533	-0.00014089996677895173
1.088973915633753	-0.00013971725798206182
1.093973915633753	-0.00013838981480317444
1.0989739156337526	-0.00013689521744217505
1.1039739156337525	-0.0001352072006149914
1.1089739156337524	-0.00013329496109556682
1.113973915633752	-0.00013112233902078888
1.118973915633752	-0.00012864685051015452
1.1239739156337516	-0.00012581854549166966
1.1289739156337515	-0.00012257866050776646
1.1339739156337512	-0.0001188580317178885
1.138973915633751	-0.0001145752283407651
1.143973915633751	-0.0001096343615066165
1.1489739156337506	-0.00010392251806890873
1.1539739156337505	-9.730676365447479e-5
1.1589739156337502	-8.963065451536422e-5
1.16397391563375	-8.071019421044153e-5
1.1689739156337497	-7.032916961339498e-5
1.1739739156337496	-5.823380235393567e-5
1.1789739156337493	-4.4126657926371584e-5
1.1839739156337492	-2.7659767069529867e-5
1.187980436725312	-1.2488092246515102e-5
1.1919869578168745	4.695792888241076e-6
1.1959934789084372	2.4163894780736913e-5
1.2	4.621998781511262e-5
