0.0006999999999999628	-0.00017513823717198347
0.001403500000000035	-0.00017512814796962538
0.0021105174999999296	-0.00017512719520377707
0.0028210700874998964	-0.00017512636055172395
0.003535175437937438	-0.00017512552251058256
0.004252851315127062	-0.00017512467936743362
0.004974115571702636	-0.0001751238310564162
0.005698986149561044	-0.00017512297753553531
0.006427481080308875	-0.00017512211876352063
0.007159618485710418	-0.0001751212546991938
0.007895416578138905	-0.00017512038530149667
0.008634893661029494	-0.00017511951052918796
0.00937806812933463	-0.0001751186303409667
0.010124958469981361	-0.0001751177446953785
0.010875583262331262	-0.00017511685355063288
0.01162996117864295	-0.0001751159568648155
0.012388110984536127	-0.00017511505459568932
0.013150051539458866	-0.00017511414670069822
0.013915801797156208	-0.00017511323313701492
0.014685380806142003	-0.00017511231386150764
0.015458807710172712	-0.00017511138883067714
0.01623610174872358	-0.0001751104580006561
0.017017282257467212	-0.00017510952132722405
0.017802368668754516	-0.0001751085787658973
0.01859138051209827	-0.00017510763027162038
0.019384337414658823	-0.00017510667579910975
0.020181259101732015	-0.0001751057153025909
0.020982165397240727	-0.00017510474873595812
0.02178707622422691	-0.00017510377605262453
0.02259601160534814	-0.00017510279720561246
0.02340899166337483	-0.00017510181214753907
0.024226036621691812	-0.00017510082083053465
0.02504716680480027	-0.00017509982320636683
0.025872402638824326	-0.00017509881922625893
0.02670176465201842	-0.00017509780884105634
0.02753527347527842	-0.00017509679200112567
0.028372949842654864	-0.00017509576865630492
0.0292148145918682	-0.0001750947387560915
0.03006088866482743	-0.00017509370224933542
0.03091119310815165	-0.00017509265908448394
0.0317657490736924	-0.00017509160920949914
0.03262457781906081	-0.00017509055257185826
0.03348770070815601	-0.0001750894891183972
0.034355139211696875	-0.0001750884187956467
0.035226914907755424	-0.00017508734154943995
0.03610304948229413	-0.00017508625732514253
0.03698356472970569	-0.00017508516606760848
0.03786848255335419	-0.0001750840677210858
0.038757824966120964	-0.0001750829622293354
0.03965161409095162	-0.00017508184953551168
0.04054987216140643	-0.0001750807295822202
0.04145262152221345	-0.00017507960231150245
0.04235988462982453	-0.00017507846766481928
0.04327168405297366	-0.00017507732558304925
0.0441880424732386	-0.00017507617600636956
0.04510898268560485	-0.0001750750188745645
0.046034527599032954	-0.0001750738541265897
0.04696470023702812	-0.0001750726817009021
0.04789952373821329	-0.00017507150153529458
0.048839021356904266	-0.0001750703135669553
0.04978321646368884	-0.00017506911773238092
0.05073213254600732	-0.00017506791396744312
0.05168579320873729	-0.0001750667022073381
0.052644222174780875	-0.00017506548238657664
0.05360744328565471	-0.00017506425443903676
0.054575480502083065	-0.00017506301829784936
0.055548357904593434	-0.00017506177389550612
0.056526099694116344	-0.0001750605211637238
0.0575087301925869	-0.00017505926003355245
0.05849627384354973	-0.0001750579904352804
0.05948875521276744	-0.00017505671229848374
0.06048619898883127	-0.00017505542555199452
0.061488629983775384	-0.00017505413012387685
0.06249607313369419	-0.0001750528259414157
0.06350855349936275	-0.00017505151293110467
0.06452609626685958	-0.0001750501910187137
0.06554872674819387	-0.00017504886012913873
0.06657647038193484	-0.00017504752018654622
0.06760935273384447	-0.00017504617111419502
0.06864739949751365	-0.00017504481283453686
0.0696906364950013	-0.00017504344526919445
0.07073908967747639	-0.00017504206833898948
0.07179278512586384	-0.00017504068196375755
0.07285174905149322	-0.00017503928606251806
0.0739160077967507	-0.00017503788055339952
0.07498558783573436	-0.00017503646535363038
0.07606051577491299	-0.00017503504037952175
0.07714081835378758	-0.00017503360554638585
0.07822652244555647	-0.00017503216076874355
0.07931765505778425	-0.00017503070595998194
0.0804142433330731	-0.00017502924103263463
0.08151631454973848	-0.00017502776589822507
0.08262389612248718	-0.00017502628046722036
0.0837370156030995	-0.00017502478464920078
0.0848557006811149	-0.00017502327835255987
0.0859799791845205	-0.00017502176148478075
0.08710987908044313	-0.00017502023395224296
0.08824542847584534	-0.00017501869566024326
0.08938665561822454	-0.00017501714651301214
0.09053358889631567	-0.00017501558641365932
0.09168625684079722	-0.00017501401526411723
0.09284468812500112	-0.00017501243296532014
0.09400891156562617	-0.00017501083941696117
0.0951789561234543	-0.0001750092345175399
0.09635485090407148	-0.00017500761816445438
0.09753662515859184	-0.00017500599025383067
0.0987243082843847	-0.00017500435068056977
0.09991792982580656	-0.00017500269933840292
0.10111751947493569	-0.00017500103611970148
0.10232310707231031	-0.0001749993609156272
0.1035347226076718	-0.00017499767361605443
0.10475239622071016	-0.00017499597410947253
0.10597615820181366	-0.00017499426228309437
0.10720603899282274	-0.0001749925380227592
0.10844206918778684	-0.00017499080121296704
0.10968427953372567	-0.00017498905173669844
0.1109327009313943	-0.00017498728947566797
0.11218736443605135	-0.00017498551431004145
0.11344830125823162	-0.00017498372611858936
0.11471554276452282	-0.0001749819247785265
0.11598912047834534	-0.00017498011016559066
0.11726906608073695	-0.00017497828215405628
0.11855541141114062	-0.00017497644061649788
0.11984818846819621	-0.0001749745854240527
0.12114742941053713	-0.00017497271644610488
0.12245316655758978	-0.00017497083355057146
0.1237654323903777	-0.00017496893660361415
0.12508425955232963	-0.00017496702546970062
0.12640968085009122	-0.00017496510001164216
0.1277417292543416	-0.0001749631600904552
0.1290804379006133	-0.00017496120556548996
0.13042584009011637	-0.00017495923629415926
0.1317779692905669	-0.00017495725213219677
0.13313685913701961	-0.00017495525293339826
0.13450254343270476	-0.00017495323854970025
0.13587505614986833	-0.00017495120883113195
0.13725443143061763	-0.0001749491636257561
0.13864070358777073	-0.00017494710277973937
0.14003390710570945	-0.0001749450261371197
0.14143407664123803	-0.00017494293354001393
0.1428412470244442	-0.00017494082482836002
0.1442554532595664	-0.00017493869984013392
0.14567673052586416	-0.00017493655841094893
0.1471051141784935	-0.00017493440037447692
0.14854063974938603	-0.0001749322255619805
0.149983342948133	-0.00017493003380261515
0.15143325966287374	-0.00017492782492316148
0.15289042596118813	-0.00017492559874805736
0.15435487809099402	-0.0001749233550994729
0.15582665248144906	-0.00017492109379707455
0.1573057857438562	-0.00017491881465811487
0.15879231467257537	-0.00017491651749731947
0.16028627624593816	-0.00017491420212700044
0.16178770762716785	-0.0001749118683567402
0.16329664616530362	-0.0001749095159935348
0.16481312939613008	-0.00017490714484179364
0.1663371950431107	-0.00017490475470312368
0.16786888101832628	-0.00017490234537643245
0.1694082254234178	-0.0001748999166577438
0.1709552665505349	-0.0001748974683402976
0.17251004288328747	-0.00017489500021439626
0.17407259309770393	-0.00017489251206736242
0.17564295606319252	-0.00017489000368354381
0.17722117084350858	-0.0001748874748441333
0.17880727669772617	-0.00017488492532730253
0.18040131308121476	-0.0001748823549080025
0.18200331964662084	-0.00017487976335789883
0.18361333624485401	-0.00017487715044543434
0.18523140292607826	-0.0001748745159357069
0.18685755994070874	-0.00017487185959032863
0.1884918477404122	-0.00017486918116747476
0.19013430697911424	-0.0001748664804216937
0.1917849785140098	-0.00017486375710411178
0.19344390340657974	-0.0001748610109619885
0.19511112292361268	-0.00017485824173895715
0.1967866785382308	-0.00017485544917474172
0.19847061193092203	-0.0001748526330053246
0.20016296499057665	-0.0001748497929625839
0.20186377981552947	-0.00017484692877443284
0.2035730987146071	-0.00017484404016467934
0.20529096420818022	-0.00017484112685290588
0.20701741902922113	-0.00017483818855449935
0.20875250612436722	-0.00017483522498043253
0.210496268654989	-0.00017483223583728843
0.21224874999826396	-0.00017482922082706813
0.21400999374825516	-0.00017482617964729297
0.21578004371699644	-0.0001748231119906315
0.21755894393558148	-0.00017482001754508483
0.2193467386552594	-0.00017481689599376928
0.22114347234853576	-0.0001748137470147519
0.22294918971027836	-0.00017481057028108824
0.2247639356588297	-0.0001748073654606401
0.2265877553371239	-0.0001748041322160193
0.2284206941138094	-0.00017480087020442137
0.23026279758437848	-0.00017479757907756427
0.23211411157230027	-0.00017479425848153824
0.23397468213016168	-0.00017479090805679065
0.23584455554081238	-0.0001747875274378906
0.23772377831851643	-0.00017478411625347295
0.23961239721010893	-0.00017478067412610293
0.24151045919615952	-0.00017477720067214485
0.24341801149214037	-0.00017477369550168782
0.24533510154960114	-0.00017477015821827928
0.24726177705734917	-0.0001747665884189431
0.24919808594263576	-0.0001747629856940252
0.251144076372349	-0.000174759349626899
0.2530997967542107	-0.0001747556797940023
0.2550652957379817	-0.0001747519757646594
0.2570406222166717	-0.00017474823710072847
0.2590258253277551	-0.00017474446335679063
0.26102095445439405	-0.00017474065407972487
0.2630260592266659	-0.00017473680880855994
0.2650411895227993	-0.00017473292707457423
0.2670663954704134	-0.00017472900840062838
0.26910172744776534	-0.00017472505230149997
0.27114723608500396	-0.0001747210582834935
0.27320297226542917	-0.00017471702584408183
0.27526898712675635	-0.0001747129544719966
0.27734533206239	-0.0001747088436469361
0.2794320587227019	-0.00017470469283925203
0.2815292190163153	-0.0001747005015099051
0.2836368651113967	-0.00017469626911017822
0.28575504943695385	-0.00017469199508142949
0.28788382468413853	-0.00017468767885491234
0.29002324380755934	-0.00017468331985155124
0.29217336002659705	-0.00017467891748167605
0.29433422682673016	-0.00017467447114484413
0.29650589796086374	-0.0001746699802294726
0.29868842745066804	-0.00017466544411268216
0.30088186958792124	-0.00017466086216004622
0.3030862789358609	-0.0001746562337252054
0.30530171033054027	-0.00017465155814970647
0.307528218882193	-0.0001746468347626998
0.30976585997660405	-0.00017464206288055837
0.312014689276487	-0.00017463724180678402
0.31427476272286925	-0.00017463237083132794
0.3165461365364837	-0.00017462744923070324
0.3188288672191662	-0.00017462247626733501
0.32112301155526213	-0.00017461745118936114
0.32342862661303834	-0.00017461237323030852
0.3257457697461036	-0.00017460724160866546
0.32807449859483384	-0.0001746020555275184
0.3304148710878078	-0.00017459681417418587
0.33276694544324686	-0.0001745915167199258
0.33513078017046305	-0.0001745861623193016
0.33750643407131514	-0.0001745807501100666
0.3398939662416715	-0.0001745752792124236
0.3422934360728799	-0.00017456974872891306
0.34470490325324404	-0.00017456415774370513
0.3471284277695101	-0.00017455850532218162
0.34956406990835764	-0.00017455279051062857
0.3520118902578995	-0.00017454701233547725
0.354471949709189	-0.00017454116980306233
0.3569443094577349	-0.00017453526189880583
0.3594290310050235	-0.0001745292875870104
0.3619261761600484	-0.00017452324581002242
0.3644358070408486	-0.00017451713548773614
0.36695798607605284	-0.00017451095551712146
0.36949277600643327	-0.00017450470477144584
0.37204023988646523	-0.0001744983820996689
0.3746004410858973	-0.000174491986325936
0.3771734432913268	-0.00017448551624871697
0.3797593105077832	-0.00017447897064018966
0.3823581070603219	-0.00017447234824557648
0.38496989759562367	-0.0001744656477822943
0.3875947470836016	-0.0001744588679392591
0.3902327208190196	-0.00017445200737610712
0.3928838844231145	-0.00017444506472231398
0.39554830384522993	-0.00017443803857633772
0.3982260453644561	-0.0001744309275048959
0.4009171755912785	-0.0001744237300418551
0.40362176146923495	-0.0001744164446874984
0.40633987027658097	-0.00017440906990732284
0.4090715696279639	-0.00017440160413128018
0.4118169274761037	-0.0001743940457526133
0.4145760121134843	-0.00017438639312681472
0.4173488921740515	-0.00017437864457045524
0.4201356366349219	-0.00017437079836020116
0.42293631481809635	-0.0001743628527314738
0.4257509963921868	-0.00017435480587723402
0.42857975137414767	-0.0001743466559468053
0.43142265013101855	-0.0001743384010444535
0.43427976338167373	-0.00017433003922813235
0.43715116219858224	-0.0001743215685079028
0.44003691800957523	-0.000174312986844654
0.44293710259962304	-0.0001743042921484333
0.4458517881126211	-0.00017429548227695634
0.44878104705318417	-0.00017428655503393665
0.45172495228844983	-0.0001742775081673435
0.45468357704989204	-0.00017426833936776487
0.4576569949351413	-0.0001742590462664333
0.46064527990981685	-0.0001742496264334729
0.4636485063093658	-0.00017424007737575658
0.4666667488409128	-0.00017423039653499485
0.4697000825851173	-0.00017422058128559658
0.4727485829980427	-0.00017421062893241068
0.47581232591303285	-0.00017420053670841882
0.478891387542598	-0.00017419030177237546
0.48198584448031084	-0.00017417992120643676
0.4850957737027124	-0.00017416939201328217
0.48822125257122595	-0.00017415871111377184
0.49136235883408197	-0.00017414787534391726
0.4945191706282523	-0.0001741368814520507
0.4976917664813935	-0.0001741257260958121
0.5008802253138004	-0.0001741144058389413
0.5040846264403696	-0.00017410291714809898
0.5073050495725715	-0.0001740912563892868
0.5105415748204343	-0.00017407941982439912
0.5137942826945365	-0.00017406740360749245
0.517063254108009	-0.0001740552037807685
0.5203485703785492	-0.0001740428162708064
0.5236503132304419	-0.00017403023688406985
0.5269685647965939	-0.0001740174613025924
0.5303034076205766	-0.00017400448507943046
0.5336549246586795	-0.00017399130363388412
0.5370231992819728	-0.00017397791224636058
0.5404083152783826	-0.00017396430605314786
0.5438103568547747	-0.00017395048004109303
0.5472294086390483	-0.00017393642904161983
0.5506655556822436	-0.00017392214772515168
0.5541188834606549	-0.00017390763059433554
0.5575894778779582	-0.0001738928719778668
0.5610774252673477	-0.00017387786602343522
0.5645828123936844	-0.00017386260669069619
0.5681057264556525	-0.00017384708774357736
0.5716462550879309	-0.0001738313027425496
0.5752044863633705	-0.0001738152450362449
0.5787805087951873	-0.00017379890775283643
0.5823744113391631	-0.0001737822837910144
0.5859862833958588	-0.00017376536581031245
0.5896162148128381	-0.00017374814622129242
0.5932642958869024	-0.00017373061717490732
0.5969306173663369	-0.000173712770551458
0.6006152704531684	-0.00017369459794907457
0.6043183468054344	-0.00017367609067152448
0.6080399385394615	-0.00017365723971534997
0.6117801382321587	-0.00017363803575647734
0.6155390389233192	-0.00017361846913599703
0.6193167341179359	-0.000173598529845192
0.6231133177885255	-0.00017357820750994434
0.6269288843774683	-0.00017355749137400409
0.6307635287993556	-0.00017353637028171784
0.6346173464433522	-0.00017351483265951232
0.6384904331755688	-0.00017349286649658824
0.6423828853414466	-0.000173470459324248
0.6462947997681537	-0.00017344759819436846
0.6502262737669944	-0.00017342426965675462
0.6541774051358293	-0.0001734004597344144
0.6581482921615082	-0.00017337615389866518
0.6621390336223156	-0.00017335133704172472
0.6661497287904271	-0.00017332599344803453
0.6701804774343789	-0.00017330010676410733
0.6742313798215507	-0.00017327365996638094
0.6783025367206585	-0.0001732466353268783
0.682394049404262	-0.00017321901437744605
0.6865060196512833	-0.00017319077787066256
0.6906385497495399	-0.00017316190573959662
0.6947917424982876	-0.0001731323770538018
0.6989657012107791	-0.00017310216997339718
0.7031605297168331	-0.00017307126169933672
0.7073763323654171	-0.0001730396284210377
0.7116132140272443	-0.00017300724526004058
0.7158712800973803	-0.00017297408620972876
0.7201506364978669	-0.0001729401240713127
0.724451389680356	-0.0001729053303846752
0.7287736466287575	-0.00017286967535449864
0.7331175148619014	-0.00017283312777094045
0.737483102436211	-0.0001727956549240494
0.7418705179483918	-0.00017275722251182003
0.7462798705381338	-0.00017271779454080874
0.7507112698908246	-0.0001726773332189471
0.7551648262402787	-0.0001726357988390104
0.7596406503714802	-0.0001725931496527984
0.7641388536233378	-0.000172549341733786
0.7686595478914543	-0.00017250432882766779
0.7732028456309116	-0.00017245806218936326
0.777768859859066	-0.00017241049040412766
0.7823577041583611	-0.00017236155919159393
0.7869694926791531	-0.00017231121118969615
0.7916043401425489	-0.00017225938571670504
0.7962623618432616	-0.00017220601850757405
0.8009436736524779	-0.00017215104142123816
0.8056483920207402	-0.00017209438211480385
0.8103766339808439	-0.00017203596368004038
0.8151285171507483	-0.0001719757042359692
0.8199041597365018	-0.00017191351647128403
0.8247036805351844	-0.00017184930712936444
0.8295271989378604	-0.00017178297642625787
0.8343748349325497	-0.00017171441739199236
0.8392467091072124	-0.00017164351512300875
0.8441429426527486	-0.0001715701459317811
0.8490636573660123	-0.00017149417637813408
0.8540089756528424	-0.00017141546216335117
0.8589790205311068	-0.00017133384686655642
0.8639739156337622	-0.00017124916049861627
0.868973915633762	-0.00017116157033264667
0.8739739156337618	-0.0001710710079194251
0.8789739156337616	-0.00017097730557042966
0.8839739156337615	-0.00017088028021158347
0.8889739156337613	-0.00017077973197846563
0.893973915633761	-0.0001706754422499339
0.8989739156337608	-0.00017056717144769463
0.9039739156337606	-0.0001704546565774013
0.9089739156337604	-0.0001703376084848604
0.9139739156337602	-0.0001702157087966714
0.91897391563376	-0.00017008860650858838
0.9239739156337599	-0.0001699559141834354
0.9289739156337596	-0.0001698172037108767
0.9339739156337594	-0.00016967200157431267
0.9389739156337592	-0.0001695197835619582
0.943973915633759	-0.0001693599688461969
0.9489739156337588	-0.00016919191334226894
0.9539739156337586	-0.00016901490224295585
0.9589739156337583	-0.0001688281416034505
0.9639739156337582	-0.00016863074883283191
0.968973915633758	-0.0001684217419192344
0.9739739156337578	-0.000168200027186933
0.9789739156337576	-0.00016796438534772765
0.9839739156337574	-0.00016771345556687096
0.9889739156337571	-0.00016744571721422243
0.9939739156337569	-0.00016715946891474607
0.9989739156337567	-0.00016685280444089223
1.0039739156337566	-0.00016652358491121082
1.0089739156337563	-0.00016616940666055145
1.0139739156337562	-0.000165787564034693
1.0189739156337558	-0.0001653750062257057
1.0239739156337557	-0.00016492828710275008
1.0289739156337556	-0.00016444350680356516
1.0339739156337553	-0.00016391624362409126
1.0389739156337552	-0.00016334147447475555
1.0439739156337549	-0.00016271348185656006
1.0489739156337547	-0.00016202574493096153
1.0539739156337544	-0.00016127081181639238
1.0589739156337543	-0.00016044014972058467
1.0639739156337542	-0.00015952396890218167
1.0689739156337539	-0.00015851101573401862
1.0739739156337538	-0.00015738832929698544
1.0789739156337534	-0.00015614095495180435
1.0839739156337533	-0.0001547516071967422
1.088973915633753	-0.00015320027280822903
1.093973915633753	-0.00015146374376334134
1.0989739156337526	-0.0001495150677399757
1.1039739156337525	-0.00014732290208970632
1.1089739156337524	-0.00014485075506397678
1.113973915633752	-0.0001420560957967913
1.118973915633752	-0.0001388893121200763
1.1239739156337516	-0.0001352924928176651
1.1289739156337515	-0.0001311980085218743
1.1339739156337512	-0.00012652686332576785
1.138973915633751	-0.00012118678759296964
1.143973915633751	-0.00011507004177482474
1.1489739156337506	-0.00010805090179896476
1.1539739156337505	-9.998279939050623e-5
1.1589739156337502	-9.069509630310626e-5
1.16397391563375	-7.998948069644159e-5
1.1689739156337497	-6.763598766109146e-5
1.1739739156337496	-5.3368664813423796e-5
1.1789739156337493	-3.6880928203712465e-5
1.1839739156337492	-1.782068285078622e-5
1.187980436725312	-4.189985935848059e-7
1.1919869578168745	1.912218186034409e-5
1.1959934789084372	4.1062400733933424e-5
1.2	6.568485486378237e-5
