0.0006999999999999628	-0.0001607879945270619
0.001403500000000035	-0.00016077788996023937
0.0021105174999999296	-0.0001607777056278931
0.0028210700874998964	-0.00016077765943679924
0.003535175437937438	-0.0001607776149624854
0.004252851315127062	-0.00016077757030738538
0.004974115571702636	-0.00016077752544300646
0.005698986149561044	-0.00016077748036698986
0.006427481080308875	-0.0001607774350774432
0.007159618485710418	-0.00016077738957267465
0.007895416578138905	-0.0001607773438511195
0.008634893661029494	-0.00016077729791117175
0.00937806812933463	-0.0001607772517513626
0.010124958469981361	-0.00016077720537013712
0.010875583262331262	-0.00016077715876620496
0.01162996117864295	-0.0001607771119381126
0.012388110984536127	-0.00016077706488446891
0.013150051539458866	-0.0001607770176039173
0.013915801797156208	-0.0001607769700951172
0.014685380806142003	-0.00016077692235676983
0.015458807710172712	-0.00016077687438756372
0.01623610174872358	-0.00016077682618617547
0.017017282257467212	-0.00016077677775120817
0.017802368668754516	-0.00016077672908148833
0.01859138051209827	-0.00016077668017569816
0.019384337414658823	-0.00016077663103246002
0.020181259101732015	-0.00016077658165058632
0.020982165397240727	-0.00016077653202869506
0.02178707622422691	-0.0001607764821655507
0.02259601160534814	-0.00016077643205982467
0.02340899166337483	-0.00016077638171023661
0.024226036621691812	-0.00016077633111550378
0.02504716680480027	-0.00016077628027427819
0.025872402638824326	-0.00016077622918533006
0.02670176465201842	-0.00016077617784729083
0.02753527347527842	-0.0001607761262588747
0.028372949842654864	-0.00016077607441874342
0.0292148145918682	-0.00016077602232568476
0.03006088866482743	-0.00016077596997826214
0.03091119310815165	-0.00016077591737514662
0.0317657490736924	-0.00016077586451512257
0.03262457781906081	-0.00016077581139675848
0.03348770070815601	-0.00016077575801872146
0.034355139211696875	-0.00016077570437973712
0.035226914907755424	-0.00016077565047837306
0.03610304948229413	-0.00016077559631331594
0.03698356472970569	-0.00016077554188320732
0.03786848255335419	-0.00016077548718668332
0.038757824966120964	-0.00016077543222236038
0.03965161409095162	-0.00016077537698885226
0.04054987216140643	-0.00016077532148480996
0.04145262152221345	-0.00016077526570884443
0.04235988462982453	-0.00016077520965954392
0.04327168405297366	-0.00016077515333548146
0.0441880424732386	-0.0001607750967352256
0.04510898268560485	-0.0001607750398574484
0.046034527599032954	-0.00016077498270072757
0.04696470023702812	-0.00016077492526360684
0.04789952373821329	-0.00016077486754460904
0.048839021356904266	-0.00016077480954235058
0.04978321646368884	-0.00016077475125537345
0.05073213254600732	-0.0001607746926821836
0.05168579320873729	-0.00016077463382142796
0.052644222174780875	-0.00016077457467148426
0.05360744328565471	-0.00016077451523102029
0.054575480502083065	-0.00016077445549846282
0.05554835790459365	-0.00016077439547239797
0.05652609969411678	-0.00016077433515122093
0.05750873019258755	-0.00016077427453356773
0.05849627384355038	-0.0001607742136178043
0.05948875521276831	-0.00016077415240246408
0.060486198988831924	-0.00016077409088605693
0.061488629983776036	-0.00016077402906698274
0.062496073133695054	-0.0001607739669437537
0.06350855349936363	-0.0001607739045147308
0.06452609626686023	-0.00016077384177850442
0.06554872674819473	-0.00016077377873340183
0.0665764703819355	-0.00016077371537782264
0.06760935273384511	-0.0001607736517102848
0.06864739949751451	-0.00016077358772917676
0.06969063649500218	-0.00016077352343284033
0.07073908967747725	-0.0001607734588197363
0.07179278512586448	-0.0001607733938882661
0.07285174905149387	-0.0001607733286366729
0.07391600779675113	-0.0001607732630634618
0.07498558783573481	-0.00016077319716690665
0.07606051577491364	-0.0001607731309454662
0.07714081835378801	-0.0001607730643973908
0.0782265224455569	-0.0001607729975211122
0.07931765505778446	-0.00016077293031476947
0.08041424333307354	-0.0001607728627768427
0.08151631454973869	-0.00016077279490552871
0.08262389612248718	-0.0001607727266993025
0.08373701560309972	-0.0001607726581563012
0.08485570068111534	-0.0001607725892748179
0.08597997918452092	-0.00016077252005318522
0.08710987908044335	-0.00016077245048960477
0.08824542847584554	-0.0001607723805823704
0.08938665561822474	-0.00016077231032966588
0.0905335888963159	-0.0001607722397297999
0.09168625684079766	-0.0001607721687809189
0.09284468812500156	-0.0001607720974812638
0.09400891156562662	-0.00016077202582905545
0.09517895612345495	-0.00016077195382247986
0.09635485090407213	-0.000160771881459728
0.09753662515859228	-0.00016077180873891756
0.09872430828438533	-0.00016077173565829175
0.09991792982580742	-0.0001607716622159325
0.10111751947493633	-0.00016077158841000576
0.10232310707231096	-0.00016077151423867222
0.10353472260767245	-0.0001607714396999964
0.1047523962207106	-0.00016077136479207403
0.1059761582018141	-0.00016077128951307642
0.10720603899282295	-0.00016077121386102403
0.10844206918778705	-0.00016077113783403578
0.10968427953372589	-0.0001607710614301838
0.11093270093139453	-0.00016077098464746154
0.11218736443605157	-0.0001607709074839824
0.11344830125823162	-0.00016077082993769997
0.11471554276452282	-0.0001607707520066481
0.11598912047834534	-0.00016077067368885733
0.11726906608073716	-0.00016077059498235464
0.11855541141114084	-0.00016077051588506434
0.11984818846819666	-0.00016077043639493285
0.12114742941053756	-0.0001607703565100181
0.12245316655759021	-0.000160770276228197
0.12376543239037813	-0.0001607701955473768
0.12508425955233007	-0.00016077011446552806
0.12640968085009188	-0.0001607700329805065
0.12774172925434224	-0.00016076995109030398
0.12908043790061416	-0.0001607698687926948
0.13042584009011704	-0.0001607697860855543
0.13177796929056776	-0.00016076970296684416
0.1331368591370207	-0.0001607696194342825
0.13450254343270562	-0.00016076953548577527
0.13587505614986897	-0.00016076945111907222
0.1372544314306183	-0.00016076936633207275
0.13864070358777136	-0.0001607692811224421
0.14003390710571012	-0.00016076919548802153
0.14143407664123844	-0.0001607691094265444
0.14284124702444484	-0.00016076902293578582
0.14425545325956707	-0.00016076893601343762
0.1456767305258648	-0.00016076884865720063
0.14710511417849395	-0.000160768760864817
0.14854063974938644	-0.0001607686726339293
0.14998334294813345	-0.00016076858396228761
0.1514332596628742	-0.00016076849484743212
0.15289042596118857	-0.0001607684052870694
0.15435487809099444	-0.00016076831527878378
0.15582665248144925	-0.00016076822482020788
0.15730578574385642	-0.00016076813390896268
0.1587923146725756	-0.00016076804254248962
0.1602862762459386	-0.00016076795071854206
0.1617877076271685	-0.0001607678584345237
0.16329664616530448	-0.00016076776568790625
0.16481312939613094	-0.00016076767247632539
0.16633719504311156	-0.0001607675787971943
0.16786888101832692	-0.0001607674846480046
0.16940822542341866	-0.00016076739002618973
0.17095526655053575	-0.000160767294929194
0.17251004288328856	-0.00016076719935448214
0.1740725930977048	-0.00016076710329934258
0.1756429560631934	-0.00016076700676124844
0.17722117084350925	-0.0001607669097375297
0.17880727669772659	-0.00016076681222549494
0.18040131308121543	-0.0001607667142224875
0.18200331964662148	-0.00016076661572585904
0.18361333624485465	-0.00016076651673281635
0.18523140292607912	-0.00016076641724063637
0.18685755994070938	-0.00016076631724659397
0.18849184774041308	-0.00016076621674787083
0.19013430697911532	-0.00016076611574163843
0.19178497851401088	-0.00016076601422513288
0.19344390340658082	-0.00016076591219545185
0.19511112292361377	-0.0001607658096497693
0.1967866785382319	-0.00016076570658525712
0.19847061193092289	-0.00016076560299882884
0.2001629649905775	-0.0001607654988876618
0.20186377981553055	-0.00016076539424883616
0.20357309871460819	-0.00016076528907928397
0.2052909642081813	-0.00016076518337598646
0.207017419029222	-0.00016076507713603893
0.20875250612436788	-0.00016076497035623894
0.21049626865498966	-0.00016076486303359482
0.21224874999826462	-0.0001607647551649675
0.21400999374825602	-0.0001607646467472642
0.2157800437169973	-0.0001607645377772303
0.21755894393558234	-0.00016076442825175408
0.21934673865526005	-0.0001607643181676593
0.2211434723485364	-0.00016076420752159906
0.22294918971027902	-0.00016076409631043945
0.22476393565883038	-0.0001607639845307586
0.22658775533712455	-0.00016076387217927161
0.22842069411381005	-0.00016076375925260262
0.23026279758437915	-0.0001607636457474395
0.23211411157230094	-0.00016076353166032578
0.23397468213016254	-0.00016076341698781504
0.23584455554081346	-0.00016076330172641118
0.23772377831851751	-0.0001607631858726579
0.23961239721011024	-0.00016076306942296075
0.24151045919616082	-0.0001607629523737139
0.24341801149214168	-0.00016076283472138617
0.24533510154960245	-0.0001607627164623183
0.24726177705735047	-0.00016076259759278502
0.2491980859426373	-0.00016076247810914952
0.25114407637235053	-0.0001607623580076085
0.2530997967542124	-0.00016076223728433934
0.2550652957379834	-0.0001607621159356271
0.2570406222166734	-0.00016076199395749266
0.25902582532775686	-0.00016076187134615974
0.26102095445439577	-0.00016076174809760138
0.2630260592266676	-0.00016076162420789364
0.26504118952280104	-0.00016076149967288398
0.26706639547041516	-0.00016076137448866487
0.26910172744776706	-0.00016076124865106885
0.27114723608500574	-0.00016076112215597567
0.2732029722654309	-0.00016076099499912207
0.2752689871267581	-0.00016076086717637487
0.2773453320623917	-0.00016076073868346083
0.2794320587227036	-0.00016076060951584323
0.281529219016317	-0.0001607604796693894
0.2836368651113984	-0.000160760349139491
0.28575504943695557	-0.00016076021792178869
0.28788382468414025	-0.0001607600860116745
0.2900232438075611	-0.00016075995340469925
0.29217336002659877	-0.00016075982009605
0.29433422682673194	-0.00016075968608117962
0.29650589796086546	-0.00016075955135525755
0.29868842745066976	-0.00016075941591352832
0.30088186958792296	-0.00016075927975109646
0.30308627893586265	-0.00016075914286312588
0.305301710330542	-0.00016075900524453862
0.3075282188821948	-0.00016075886689042633
0.30976585997660583	-0.0001607587277956067
0.31201468927648873	-0.00016075858795482965
0.31427476272287097	-0.00016075844736301314
0.3165461365364855	-0.00016075830601478049
0.318828867219168	-0.0001607581639048676
0.3211230115552639	-0.00016075802102773857
0.32342862661304006	-0.00016075787737782215
0.3257457697461053	-0.00016075773294968386
0.32807449859483556	-0.00016075758773751773
0.33041487108780954	-0.00016075744173572624
0.3327669454432486	-0.00016075729493846602
0.33513078017046477	-0.0001607571473397736
0.33750643407131686	-0.00016075699893368245
0.33989396624167323	-0.00016075684971423318
0.3422934360728816	-0.00016075669967508636
0.34470490325324576	-0.00016075654881021203
0.3471284277695118	-0.00016075639711320727
0.34956406990835936	-0.0001607562445774961
0.3520118902579012	-0.00016075609119677105
0.3544719497091907	-0.00016075593696437382
0.35694430945773664	-0.00016075578187343126
0.3594290310050252	-0.0001607556259172656
0.36192617616005013	-0.00016075546908886264
0.3644358070408504	-0.00016075531138130464
0.36695798607605457	-0.00016075515278731045
0.36949277600643504	-0.0001607549932996843
0.37204023988646695	-0.00016075483291102497
0.374600441085899	-0.0001607546716138212
0.3771734432913285	-0.0001607545094004019
0.379759310507785	-0.00016075434626311558
0.3823581070603237	-0.00016075418219396595
0.3849698975956254	-0.000160754017185038
0.3875947470836033	-0.00016075385122808143
0.39023272081902133	-0.00016075368431484898
0.3928838844231162	-0.00016075351643680226
0.39554830384523165	-0.00016075334758540154
0.3982260453644579	-0.00016075317775188122
0.4009171755912802	-0.00016075300692736894
0.4036217614692367	-0.0001607528351026904
0.4063398702765827	-0.0001607526622686644
0.40907156962796565	-0.00016075248841587473
0.41181692747610543	-0.00016075231353469323
0.41457601211348605	-0.0001607521376153471
0.4173488921740533	-0.00016075196064786913
0.4201356366349237	-0.00016075178262204003
0.42293631481809807	-0.00016075160352750983
0.4257509963921885	-0.00016075142335372964
0.42857975137414944	-0.000160751242089887
0.4314226501310203	-0.00016075105972491703
0.43427976338167545	-0.0001607508762477351
0.43715116219858396	-0.0001607506916466067
0.440036918009577	-0.0001607505059100834
0.44293710259962477	-0.00016075031902607097
0.4458517881126228	-0.00016075013098233387
0.4487810470531859	-0.00016074994176643062
0.45172495228845155	-0.0001607497513655775
0.45468357704989376	-0.00016074955976664614
0.45765699493514306	-0.00016074936695651418
0.46064527990981863	-0.00016074917292130728
0.4636485063093676	-0.0001607489776471994
0.4666667488409145	-0.0001607487811198636
0.4697000825851191	-0.00016074858332472056
0.4727485829980444	-0.000160748384246867
0.4758123259130346	-0.0001607481838709239
0.47889138754259974	-0.00016074798218114708
0.4819858444803126	-0.0001607477791615282
0.4850957737027142	-0.00016074757479578403
0.48822125257122767	-0.00016074736906686706
0.49136235883408375	-0.0001607471619574958
0.49451917062825407	-0.00016074695345002425
0.49769176648139524	-0.00016074674352623
0.5008802253138022	-0.00016074653216744205
0.5040846264403713	-0.00016074631935460195
0.5073050495725733	-0.0001607461050680347
0.510541574820436	-0.000160745889287607
0.5137942826945383	-0.00016074567199253457
0.5170632541080108	-0.00016074545316165868
0.520348570378551	-0.00016074523277296064
0.5236503132304436	-0.00016074501080426548
0.5269685647965956	-0.00016074478723218755
0.5303034076205784	-0.00016074456203317599
0.5336549246586811	-0.00016074433518286686
0.5370231992819746	-0.00016074410665583322
0.5404083152783844	-0.00016074387642659384
0.5438103568547764	-0.00016074364446836827
0.5472294086390501	-0.0001607434107537335
0.5506655556822453	-0.00016074317525456065
0.5541188834606565	-0.00016074293794162903
0.5575894778779599	-0.00016074269878506878
0.5610774252673494	-0.0001607424577538973
0.564582812393686	-0.00016074221481649994
0.5681057264556543	-0.0001607419699396506
0.5716462550879327	-0.00016074172308959417
0.5752044863633723	-0.00016074147423143946
0.578780508795189	-0.00016074122332888343
0.5823744113391649	-0.00016074097034485374
0.5859862833958606	-0.00016074071524039388
0.5896162148128399	-0.00016074045797599503
0.5932642958869042	-0.00016074019851036408
0.5969306173663387	-0.00016073993680078136
0.6006152704531702	-0.00016073967280333325
0.6043183468054361	-0.00016073940647233788
0.6080399385394633	-0.000160739137760642
0.6117801382321605	-0.00016073886661934213
0.615539038923321	-0.0001607385929978547
0.6193167341179376	-0.00016073831684371192
0.6231133177885273	-0.000160738038102515
0.6269288843774701	-0.00016073775671784444
0.6307635287993573	-0.00016073747263147014
0.6346173464433539	-0.00016073718578238087
0.6384904331755705	-0.00016073689610774538
0.6423828853414483	-0.00016073660354226144
0.6462947997681555	-0.0001607363080178907
0.6502262737669962	-0.00016073600946401746
0.6541774051358311	-0.00016073570780739292
0.6581482921615099	-0.00016073540297162545
0.6621390336223173	-0.0001607350948774016
0.6661497287904288	-0.00016073478344204255
0.6701804774343807	-0.00016073446857937498
0.6742313798215525	-0.00016073415020021955
0.6783025367206603	-0.00016073382821084133
0.6823940494042636	-0.00016073350251406636
0.6865060196512851	-0.00016073317300853004
0.6906385497495416	-0.00016073283958815068
0.6947917424982893	-0.00016073250214255192
0.6989657012107808	-0.00016073216055633314
0.7031605297168348	-0.00016073181470907806
0.7073763323654189	-0.00016073146447452802
0.7116132140272461	-0.00016073110972120074
0.715871280097382	-0.00016073075031112173
0.7201506364978687	-0.00016073038610039627
0.7244513896803577	-0.00016073001693771944
0.7287736466287593	-0.00016072964266498769
0.733117514861903	-0.00016072926311654892
0.7374831024362126	-0.0001607288781183562
0.7418705179483935	-0.00016072848748817457
0.7462798705381356	-0.00016072809103450026
0.7507112698908263	-0.0001607276885562908
0.7551648262402804	-0.0001607272798420899
0.759640650371482	-0.00016072686466991982
0.7641388536233394	-0.00016072644280586387
0.7686595478914561	-0.00016072601400414607
0.7732028456309133	-0.00016072557800529683
0.7777688598590677	-0.00016072513453654176
0.7823577041583629	-0.00016072468330995623
0.7869694926791548	-0.00016072422402139117
0.7916043401425507	-0.00016072375635006473
0.7962623618432633	-0.0001607232799572752
0.8009436736524796	-0.00016072279448432894
0.805648392020742	-0.00016072229955219031
0.8103766339808457	-0.0001607217947594074
0.81512851715075	-0.0001607212796804912
0.8199041597365035	-0.00016072075386433014
0.8247036805351862	-0.00016072021683264252
0.8295271989378621	-0.0001607196680767926
0.8343748349325514	-0.00016071910705654663
0.8392467091072142	-0.00016071853319707985
0.8441429426527504	-0.00016071794588647619
0.849063657366014	-0.00016071734447228024
0.8540089756528442	-0.0001607167282587408
0.8589790205311084	-0.0001607160965028161
0.863973915633764	-0.00016071544841029367
0.8689739156337638	-0.00016071478483921248
0.8739739156337636	-0.00016071410641624906
0.8789739156337634	-0.00016071341266419743
0.8839739156337632	-0.00016071270282099043
0.8889739156337629	-0.0001607119760752679
0.8939739156337627	-0.00016071123156319832
0.8989739156337626	-0.00016071046836427976
0.9039739156337624	-0.00016070968549595607
0.9089739156337622	-0.00016070888190833067
0.913973915633762	-0.00016070805647844024
0.9189739156337617	-0.0001607072080028044
0.9239739156337615	-0.0001607063351905696
0.9289739156337613	-0.00016070543665428548
0.9339739156337611	-0.00016070451090063504
0.938973915633761	-0.00016070355631937706
0.9439739156337608	-0.00016070257117126977
0.9489739156337605	-0.00016070155357363535
0.9539739156337603	-0.0001607005014845656
0.9589739156337601	-0.00016069941268451995
0.9639739156337599	-0.00016069828475571656
0.9689739156337597	-0.00016069711505756104
0.9739739156337595	-0.00016069590069888232
0.9789739156337594	-0.0001606946385068288
0.9839739156337591	-0.0001606933249880918
0.9889739156337589	-0.000160691956286937
0.9939739156337587	-0.0001606905281341666
0.9989739156337585	-0.0001606890357893572
1.0039739156337584	-0.00016068747397126224
1.008973915633758	-0.00016068583677787224
1.013973915633758	-0.00016068411759159629
1.0189739156337576	-0.000160682308968355
1.0239739156337575	-0.00016068040250570022
1.0289739156337572	-0.00016067838868908413
1.033973915633757	-0.0001606762567068642
1.038973915633757	-0.00016067399423384403
1.0439739156337566	-0.00016067158717348993
1.0489739156337565	-0.0001606690193506667
1.0539739156337562	-0.00016066627214663426
1.058973915633756	-0.00016066332406492275
1.0639739156337558	-0.00016066015021179748
1.0689739156337557	-0.00016065672167725557
1.0739739156337553	-0.00016065300479444088
1.0789739156337552	-0.00016064896025371224
1.0839739156337551	-0.0001606445420416901
1.0889739156337548	-0.00016063969617065058
1.0939739156337547	-0.00016063435915304527
1.0989739156337544	-0.00016062845617394688
1.1039739156337542	-0.0001606218988931626
1.108973915633754	-0.00016061458280773258
1.1139739156337538	-0.00016060638408038066
1.1189739156337537	-0.00016059715572573196
1.1239739156337534	-0.0001605867230239165
1.1289739156337533	-0.00016057487799919272
1.133973915633753	-0.00016056137277571208
1.1389739156337528	-0.00016054591157583955
1.1439739156337525	-0.0001605281410835307
1.1489739156337524	-0.00016050763883671893
1.153973915633752	-0.00016048389924201175
1.158973915633752	-0.0001604563167233445
1.1639739156337519	-0.0001604241654172224
1.1689739156337515	-0.00016038657470154917
1.1739739156337514	-0.00016034249970796165
1.178973915633751	-0.00016029068578722158
1.183973915633751	-0.0001602296256892507
1.1889739156337507	-0.00016015750797072147
1.1939739156337505	-0.00016007215483746623
1.1989739156337504	-0.00015997094726767614
1.2039739156337501	-0.00015985073482713573
1.20897391563375	-0.0001597077270579517
1.2139739156337497	-0.0001595373626961103
1.2189739156337496	-0.000159334152207746
1.2239739156337492	-0.00015909148821604548
1.2289739156337491	-0.00015880141727751931
1.2339739156337488	-0.00015845436512091068
1.2389739156337487	-0.00015803880582242096
1.2439739156337486	-0.00015754086341002082
1.2489739156337483	-0.00015694383196612963
1.2539739156337482	-0.00015622759736625926
1.2589739156337478	-0.00015536794022523134
1.2639739156337477	-0.00015433569531884088
1.2689739156337474	-0.0001530957375637913
1.2739739156337473	-0.00015160575845836675
1.2789739156337472	-0.0001498147895476021
1.2839739156337469	-0.000147661420875243
1.2889739156337467	-0.00014507165237971303
1.2939739156337464	-0.00014195630469619668
1.2989739156337463	-0.00013820790276487582
1.303973915633746	-0.00013369693100390306
1.3089739156337459	-0.0001282673426761077
1.3139739156337455	-0.00012173118871177687
1.3189739156337454	-0.00011386221318903071
1.3239739156337453	-0.00010438824490867229
1.328973915633745	-9.298219865915507e-5
1.333973915633745	-7.925148842104902e-5
1.3389739156337446	-6.272565174119848e-5
1.3439739156337445	-4.28419952545461e-5
1.3489739156337441	-1.8929103380576565e-5
1.353973915633744	9.81188457779021e-6
1.358973915633744	4.4328216908781856e-5
1.3639739156337436	8.573851451219005e-5
1.3689739156337435	0.00013535738246867436
1.3739739156337432	0.0001947209048147146
1.378973915633743	0.0002656118546882552
1.3839739156337427	0.00035008293399467954
1.3879804367253072	0.00042927980253960234
1.3919869578168715	0.0005199031760385585
1.395993478908436	0.0006235543213140468
1.4	0.0007418268570989244
