0.0006999999999999628	-0.00017337523057684218
0.001403500000000035	-0.0001733698920889482
0.0021105174999999296	-0.0001733672793578949
0.0028210700874998964	-0.0001733646723246354
0.003535175437937438	-0.00017336204973025768
0.004252851315127062	-0.00017335941129685052
0.004974115571702636	-0.00017335675691087078
0.005698986149561044	-0.0001733540864600777
0.006427481080308875	-0.00017335139983042
0.007159618485710418	-0.00017334869690771945
0.007895416578138905	-0.00017334597757631237
0.008634893661029494	-0.0001733432417197558
0.00937806812933463	-0.00017334048922079958
0.010124958469981361	-0.00017333771996069195
0.010875583262331262	-0.0001733349338203037
0.01162996117864295	-0.00017333213067901869
0.012388110984536127	-0.0001733293104153385
0.013150051539458866	-0.00017332647290698182
0.013915801797156208	-0.0001733236180299871
0.014685380806142003	-0.00017332074565982623
0.015458807710172712	-0.00017331785567061307
0.01623610174872358	-0.0001733149479358054
0.017017282257467212	-0.00017331202232701343
0.017802368668754516	-0.0001733090787153857
0.01859138051209827	-0.00017330611697048728
0.019384337414658823	-0.00017330313696102832
0.020181259101732015	-0.00017330013855437282
0.020982165397240727	-0.00017329712161681904
0.02178707622422691	-0.0001732940860131882
0.02259601160534814	-0.0001732910316075193
0.02340899166337483	-0.0001732879582623348
0.024226036621691812	-0.00017328486583885784
0.02504716680480027	-0.00017328175419758905
0.025872402638824326	-0.00017327862319699844
0.02670176465201842	-0.00017327547269480555
0.02753527347527842	-0.00017327230254717013
0.028372949842654864	-0.00017326911260907063
0.0292148145918682	-0.00017326590273428557
0.03006088866482743	-0.0001732626727748933
0.03091119310815165	-0.00017325942258185497
0.0317657490736924	-0.0001732561520050947
0.03262457781906081	-0.00017325286089208403
0.03348770070815601	-0.00017324954909009178
0.034355139211696875	-0.0001732462164443659
0.035226914907755424	-0.0001732428627987069
0.03610304948229413	-0.00017323948799573562
0.03698356472970569	-0.00017323609187626208
0.03786848255335419	-0.0001732326742796864
0.038757824966120964	-0.0001732292350440121
0.03965161409095162	-0.00017322577400594584
0.04054987216140643	-0.00017322229100026298
0.04145262152221345	-0.00017321878586031098
0.04235988462982453	-0.00017321525841750593
0.04327168405297366	-0.00017321170850257713
0.0441880424732386	-0.00017320813594369426
0.04510898268560485	-0.0001732045405677432
0.046034527599032954	-0.00017320092220035843
0.04696470023702812	-0.00017319728066463112
0.04789952373821329	-0.00017319361578279905
0.048839021356904266	-0.0001731899273748304
0.04978321646368884	-0.00017318621525928016
0.05073213254600732	-0.00017318247925264746
0.05168579320873729	-0.00017317871917006902
0.052644222174780875	-0.00017317493482440802
0.05360744328565471	-0.00017317112602701837
0.054575480502083065	-0.00017316729258728234
0.055548357904593434	-0.00017316343431252233
0.056526099694116344	-0.00017315955100889312
0.0575087301925869	-0.0001731556424797319
0.05849627384354973	-0.00017315170852685936
0.05948875521276744	-0.0001731477489501269
0.06048619898883127	-0.00017314376354759788
0.061488629983775384	-0.00017313975211481286
0.06249607313369419	-0.00017313571444572162
0.06350855349936275	-0.00017313165033191186
0.06452609626685958	-0.00017312755956320978
0.06554872674819387	-0.000173123441927197
0.06657647038193484	-0.00017311929720874322
0.06760935273384447	-0.00017311512519164543
0.06864739949751365	-0.0001731109256565136
0.0696906364950013	-0.00017310669838244705
0.07073908967747639	-0.00017310244314573607
0.07179278512586384	-0.00017309815972060084
0.07285174905149322	-0.00017309384787937557
0.0739160077967507	-0.00017308950739121115
0.07498558783573436	-0.0001730851380234065
0.07606051577491299	-0.0001730807395410276
0.07714081835378758	-0.00017307631170635667
0.07822652244555647	-0.00017307185427901272
0.07931765505778425	-0.000173067367016908
0.0804142433330731	-0.00017306284967463976
0.08151631454973848	-0.000173058302004562
0.08262389612248718	-0.00017305372375658282
0.0837370156030995	-0.0001730491146774913
0.0848557006811149	-0.00017304447451202764
0.0859799791845205	-0.00017303980300166394
0.08710987908044313	-0.00017303509988566822
0.08824542847584534	-0.00017303036490016
0.08938665561822454	-0.00017302559777849943
0.09053358889631567	-0.00017302079825114075
0.09168625684079722	-0.00017301596604606446
0.09284468812500112	-0.00017301110088777555
0.09400891156562617	-0.0001730062024981067
0.0951789561234543	-0.00017300127059602792
0.09635485090407148	-0.0001729963048969224
0.09753662515859184	-0.00017299130511369185
0.0987243082843847	-0.00017298627095575504
0.09991792982580656	-0.00017298120212955127
0.10111751947493569	-0.00017297609833784875
0.10232310707231031	-0.00017297095928117025
0.1035347226076718	-0.00017296578465547045
0.10475239622071016	-0.00017296057415425097
0.10597615820181366	-0.00017295532746726584
0.10720603899282274	-0.00017295004428066353
0.10844206918778684	-0.00017294472427752125
0.10968427953372567	-0.00017293936713703886
0.1109327009313943	-0.00017293397253500653
0.11218736443605135	-0.00017292854014367486
0.11344830125823162	-0.00017292306963112398
0.11471554276452282	-0.000172917560662083
0.11598912047834534	-0.0001729120128974866
0.11726906608073695	-0.00017290642599409586
0.11855541141114062	-0.000172900799605208
0.11984818846819621	-0.0001728951333795898
0.12114742941053713	-0.00017288942696263614
0.12245316655758978	-0.00017288367999528277
0.1237654323903777	-0.00017287789211434075
0.12508425955232963	-0.00017287206295231965
0.12640968085009122	-0.00017286619213770246
0.1277417292543416	-0.00017286027929450706
0.1290804379006133	-0.00017285432404239717
0.13042584009011637	-0.00017284832599657457
0.1317779692905669	-0.00017284228476758558
0.13313685913701961	-0.00017283619996174188
0.13450254343270476	-0.00017283007118033968
0.13587505614986833	-0.00017282389802007351
0.13725443143061763	-0.00017281768007286897
0.13864070358777073	-0.00017281141692569545
0.14003390710570945	-0.00017280510816091167
0.14143407664123803	-0.00017279875335529123
0.1428412470244442	-0.0001727923520810036
0.1442554532595664	-0.00017278590390481022
0.14567673052586416	-0.00017277940838825992
0.1471051141784935	-0.00017277286508756467
0.14854063974938603	-0.0001727662735535548
0.149983342948133	-0.0001727596333317236
0.15143325966287374	-0.00017275294396170457
0.15289042596118813	-0.00017274620497732642
0.15435487809099402	-0.00017273941590749146
0.15582665248144906	-0.00017273257627419014
0.1573057857438562	-0.00017272568559418194
0.15879231467257537	-0.00017271874337817416
0.16028627624593816	-0.00017271174913000345
0.16178770762716785	-0.00017270470234834821
0.16329664616530362	-0.00017269760252508457
0.16481312939613008	-0.00017269044914524818
0.1663371950431107	-0.00017268324168819027
0.16786888101832628	-0.00017267597962601617
0.1694082254234178	-0.00017266866242416737
0.1709552665505349	-0.0001726612895416718
0.17251004288328747	-0.0001726538604299588
0.17407259309770393	-0.00017264637453386406
0.17564295606319252	-0.00017263883129113513
0.17722117084350858	-0.00017263123013159994
0.17880727669772617	-0.0001726235704783907
0.18040131308121476	-0.00017261585174662385
0.18200331964662084	-0.00017260807334396752
0.18361333624485401	-0.0001726002346700693
0.18523140292607826	-0.00017259233511714465
0.18685755994070874	-0.00017258437406879936
0.1884918477404122	-0.0001725763509007802
0.19013430697911424	-0.00017256826498030067
0.1917849785140098	-0.0001725601156663337
0.19344390340657974	-0.00017255190230917183
0.19511112292361268	-0.00017254362425021773
0.1967866785382308	-0.00017253528082211974
0.19847061193092203	-0.00017252687134862985
0.20016296499057665	-0.00017251839514379188
0.20186377981552947	-0.0001725098515126427
0.2035730987146071	-0.00017250123975064578
0.20529096420818022	-0.00017249255914349716
0.20701741902922113	-0.00017248380896724887
0.20875250612436722	-0.00017247498848764454
0.210496268654989	-0.0001724660969601478
0.21224874999826396	-0.0001724571336301954
0.21400999374825516	-0.00017244809773240993
0.21578004371699644	-0.00017243898849065697
0.21755894393558148	-0.0001724298051178295
0.2193467386552594	-0.00017242054681573463
0.22114347234853576	-0.0001724112127749188
0.22294918971027836	-0.00017240180217396243
0.2247639356588297	-0.00017239231418035195
0.2265877553371239	-0.0001723827479490412
0.2284206941138094	-0.0001723731026229884
0.23026279758437848	-0.00017236337733280793
0.23211411157230027	-0.00017235357119629838
0.23397468213016168	-0.00017234368331831563
0.23584455554081238	-0.00017233371279111472
0.23772377831851643	-0.00017232365869310835
0.23961239721010893	-0.00017231352008903743
0.24151045919615952	-0.0001723032960301844
0.24341801149214037	-0.0001722929855533302
0.24533510154960114	-0.00017228258768130128
0.24726177705734917	-0.0001722721014218727
0.24919808594263576	-0.00017226152576780556
0.251144076372349	-0.000172250859697307
0.2530997967542107	-0.00017224010217230758
0.2550652957379817	-0.00017222925213938037
0.2570406222166717	-0.00017221830852888215
0.2590258253277551	-0.0001722072702546385
0.26102095445439405	-0.00017219613621392214
0.2630260592266659	-0.00017218490528678133
0.2650411895227993	-0.00017217357633600504
0.2670663954704134	-0.00017216214820637985
0.26910172744776534	-0.00017215061972512304
0.27114723608500396	-0.00017213898970036757
0.27320297226542917	-0.0001721272569218457
0.27526898712675635	-0.00017211542015999566
0.27734533206239	-0.00017210347816562578
0.2794320587227019	-0.00017209142966975217
0.2815292190163153	-0.00017207927338273862
0.2836368651113967	-0.00017206700799438974
0.28575504943695385	-0.00017205463217329585
0.28788382468413853	-0.0001720421445661946
0.29002324380755934	-0.00017202954379805195
0.29217336002659705	-0.00017201682847105423
0.29433422682673016	-0.00017200399716465686
0.29650589796086374	-0.0001719910484341509
0.29868842745066804	-0.00017197798081201708
0.30088186958792124	-0.00017196479280521122
0.3030862789358609	-0.00017195148289614304
0.30530171033054027	-0.00017193804954173216
0.307528218882193	-0.0001719244911727733
0.30976585997660405	-0.0001719108061935008
0.312014689276487	-0.00017189699298087864
0.31427476272286925	-0.000171883049884004
0.3165461365364837	-0.00017186897522404254
0.3188288672191662	-0.00017185476729283212
0.32112301155526213	-0.00017184042435243962
0.32342862661303834	-0.0001718259446355516
0.3257457697461036	-0.00017181132634291088
0.32807449859483384	-0.00017179656764425868
0.3304148710878078	-0.00017178166667674544
0.33276694544324686	-0.0001717666215448205
0.33513078017046305	-0.00017175143031907198
0.33750643407131514	-0.00017173609103555566
0.3398939662416715	-0.00017172060169506515
0.3422934360728799	-0.00017170496026227584
0.34470490325324404	-0.0001716891646653228
0.3471284277695101	-0.0001716732127941486
0.34956406990835764	-0.0001716571025004433
0.3520118902578995	-0.0001716408315962124
0.354471949709189	-0.00017162439785335315
0.3569443094577349	-0.00017160779900214266
0.3594290310050235	-0.00017159103273085808
0.3619261761600484	-0.00017157409668429219
0.3644358070408486	-0.00017155698846334582
0.36695798607605284	-0.00017153970562301758
0.36949277600643327	-0.00017152224567264893
0.37204023988646523	-0.0001715046060732233
0.3746004410858973	-0.0001714867842379988
0.3771734432913268	-0.0001714687775298464
0.3797593105077832	-0.00017145058326080895
0.3823581070603219	-0.000171432198690907
0.38496989759562367	-0.00017141362102649703
0.3875947470836016	-0.0001713948474190769
0.3902327208190196	-0.00017137587496415563
0.3928838844231145	-0.00017135670069971784
0.39554830384522993	-0.00017133732160487555
0.3982260453644561	-0.00017131773459834948
0.4009171755912785	-0.00017129793653652023
0.40362176146923495	-0.00017127792421332646
0.40633987027658097	-0.0001712576943565217
0.4090715696279639	-0.00017123724362811806
0.4118169274761037	-0.0001712165686211796
0.4145760121134843	-0.00017119566585879867
0.4173488921740515	-0.00017117453179252745
0.4201356366349219	-0.0001711531627993942
0.42293631481809635	-0.00017113155518171886
0.4257509963921868	-0.0001711097051635343
0.42857975137414767	-0.0001710876088895825
0.43142265013101855	-0.00017106526242264406
0.43427976338167373	-0.00017104266174185372
0.43715116219858224	-0.00017101980274014038
0.44003691800957523	-0.00017099668122209075
0.44293710259962304	-0.00017097329290193637
0.4458517881126211	-0.00017094963340030176
0.44878104705318417	-0.0001709256982423211
0.45172495228844983	-0.00017090148285515782
0.45468357704989204	-0.00017087698256504092
0.4576569949351413	-0.00017085219259452584
0.46064527990981685	-0.00017082710805936953
0.4636485063093658	-0.00017080172396661758
0.4666667488409128	-0.0001707760352108732
0.4697000825851173	-0.00017075003657072556
0.4727485829980427	-0.0001707237227064302
0.47581232591303285	-0.0001706970881562567
0.478891387542598	-0.000170670127332876
0.48198584448031084	-0.00017064283452013711
0.4850957737027124	-0.00017061520386914449
0.48822125257122595	-0.0001705872293945216
0.49136235883408197	-0.0001705589049706043
0.4945191706282523	-0.00017053022432714866
0.4976917664813935	-0.00017050118104584272
0.5008802253138004	-0.00017047176855507253
0.5040846264403696	-0.00017044198012589737
0.5073050495725715	-0.00017041180886775354
0.5105415748204343	-0.00017038124772319522
0.5137942826945365	-0.00017035028946269637
0.517063254108009	-0.00017031892668031888
0.5203485703785492	-0.0001702871517878719
0.5236503132304419	-0.00017025495700956448
0.5269685647965939	-0.00017022233437631303
0.5303034076205766	-0.00017018927571986313
0.5336549246586795	-0.00017015577266629863
0.5370231992819728	-0.00017012181663039885
0.5404083152783826	-0.00017008739880846563
0.5438103568547747	-0.0001700525101717988
0.5472294086390483	-0.0001700171414593704
0.5506655556822436	-0.0001699812831708262
0.5541188834606549	-0.00016994492555856005
0.5575894778779582	-0.00016990805861954308
0.5610774252673477	-0.0001698706720876941
0.5645828123936844	-0.00016983275542476104
0.5681057264556525	-0.00016979429781150595
0.5716462550879309	-0.00016975528813872688
0.5752044863633705	-0.00016971571499704724
0.5787805087951873	-0.00016967556666699479
0.5823744113391631	-0.00016963483110903763
0.5859862833958588	-0.0001695934959515106
0.5896162148128381	-0.0001695515484800987
0.5932642958869024	-0.0001695089756256796
0.5969306173663369	-0.00016946576395128428
0.6006152704531684	-0.00016942189964015618
0.6043183468054344	-0.00016937736848063643
0.6080399385394615	-0.00016933215585358677
0.6117801382321587	-0.00016928624671591974
0.6155390389233192	-0.00016923962558574034
0.6193167341179359	-0.00016919227652587994
0.6231133177885255	-0.0001691441831267591
0.6269288843774683	-0.00016909532848768862
0.6307635287993556	-0.0001690456951991755
0.6346173464433522	-0.00016899526532190793
0.6384904331755688	-0.00016894402036653994
0.6423828853414466	-0.0001688919412712564
0.6462947997681537	-0.0001688390083798076
0.6502262737669944	-0.0001687852014165861
0.6541774051358293	-0.00016873049946396207
0.6581482921615082	-0.00016867488094016216
0.6621390336223156	-0.00016861832361731772
0.6661497287904271	-0.00016856080624825067
0.6701804774343789	-0.00016850231217285298
0.6742313798215507	-0.0001684428108477146
0.6783025367206585	-0.00016838227484271192
0.682394049404262	-0.00016832067792018935
0.6865060196512833	-0.00016825799361282296
0.6906385497495399	-0.00016819420116418848
0.6947917424982876	-0.0001681292714502581
0.6989657012107791	-0.00016806316803531915
0.7031605297168331	-0.00016799585921971794
0.7073763323654171	-0.00016792731269630107
0.7116132140272443	-0.0001678574951925475
0.7158712800973803	-0.00016778637459928866
0.7201506364978669	-0.00016771392224537824
0.724451389680356	-0.00016764009443962416
0.7287736466287575	-0.00016756484966638202
0.7331175148619014	-0.0001674881478397587
0.737483102436211	-0.00016740994895971073
0.7418705179483918	-0.00016733020890626437
0.7462798705381338	-0.00016724888558777542
0.7507112698908246	-0.0001671659313240465
0.7551648262402787	-0.00016708129328419746
0.7596406503714802	-0.0001669949186514768
0.7641388536233378	-0.00016690675346889015
0.7686595478914543	-0.00016681674266404267
0.7732028456309116	-0.00016672483261807037
0.777768859859066	-0.00016663096156740935
0.7823577041583611	-0.0001665350593529079
0.7869694926791531	-0.00016643705639637538
0.7916043401425489	-0.0001663368810416722
0.7962623618432616	-0.00016623445816442163
0.8009436736524779	-0.00016612970792249972
0.8056483920207402	-0.00016602254550648034
0.8103766339808439	-0.00016591288127543343
0.8151285171507483	-0.00016580062021655497
0.8199041597365018	-0.00016568566131525952
0.8247036805351844	-0.00016556789707978007
0.8295271989378604	-0.00016544721295901654
0.8343748349325497	-0.0001653234866444679
0.8392467091072124	-0.0001651965872829096
0.8441429426527486	-0.0001650663745825925
0.8490636573660123	-0.00016493269782919998
0.8540089756528424	-0.0001647953948191613
0.8589790205311068	-0.00016465429043132173
0.8639739156337622	-0.0001645091945592923
0.868973915633762	-0.00016436048722462241
0.8739739156337618	-0.00016420815721746973
0.8789739156337616	-0.00016405203900138557
0.8839739156337615	-0.00016389194997199356
0.8889739156337613	-0.00016372768375717895
0.893973915633761	-0.00016355899372131407
0.8989739156337608	-0.00016338563054581749
0.9039739156337606	-0.0001632073669032328
0.9089739156337604	-0.0001630238893123636
0.9139739156337602	-0.00016283486551675608
0.91897391563376	-0.00016263997719030219
0.9239739156337599	-0.00016243887394945522
0.9289739156337596	-0.00016223115826282763
0.9339739156337594	-0.00016201632128703375
0.9389739156337592	-0.00016179399515629258
0.943973915633759	-0.0001615636062858639
0.9489739156337588	-0.00016132472226628006
0.9539739156337586	-0.00016107669153763392
0.9589739156337583	-0.00016081879602837174
0.9639739156337582	-0.00016055020734204623
0.968973915633758	-0.00016026988482367824
0.9739739156337578	-0.00015997683573567588
0.9789739156337576	-0.0001596699615201333
0.9839739156337574	-0.00015934803996847888
0.9889739156337571	-0.00015900970827286806
0.9939739156337569	-0.00015865344380277215
0.9989739156337567	-0.00015827754197725248
1.0039739156337566	-0.0001578800906976801
1.0089739156337563	-0.0001574589407492196
1.0139739156337562	-0.0001570116714824677
1.0189739156337558	-0.00015653555097063301
1.0239739156337557	-0.0001560274896883797
1.0289739156337556	-0.00015548398659520553
1.0339739156337553	-0.00015490106629740505
1.0389739156337552	-0.00015427420572572715
1.0439739156337549	-0.00015359824848233588
1.0489739156337547	-0.00015286730467127256
1.0539739156337544	-0.00015207463363107066
1.0589739156337543	-0.000151212506515983
1.0639739156337542	-0.0001502720451131443
1.0689739156337539	-0.0001492430326281082
1.0739739156337538	-0.00014811369138972313
1.0789739156337534	-0.00014687042150917938
1.0839739156337533	-0.0001454974934462222
1.088973915633753	-0.0001439766861657841
1.093973915633753	-0.00014228686106977515
1.0989739156337526	-0.00014040346014809263
1.1039739156337525	-0.00013829791474678663
1.1089739156337524	-0.00013593694898242364
1.113973915633752	-0.0001332817590852919
1.118973915633752	-0.000130287046792697
1.1239739156337516	-0.00012689988130025083
1.1289739156337515	-0.00012305836018539065
1.1339739156337512	-0.00011869003511849424
1.138973915633751	-0.0001137100631063507
1.143973915633751	-0.00010801903849748168
1.1489739156337506	-0.00010150045514761181
1.1539739156337505	-9.401774220100524e-5
1.1589739156337502	-8.541081119123719e-5
1.16397391563375	-7.5492047109642e-5
1.1689739156337497	-6.404167241749359e-5
1.1739739156337496	-5.080241164695083e-5
1.1789739156337493	-3.5473386518132175e-5
1.1839739156337492	-1.770317899514752e-5
1.187980436725312	-1.4256887331366627e-6
1.1919869578168745	1.692029051078975e-5
1.1959934789084372	3.7609300030012064e-5
1.2	6.094776830889376e-5
