0.0006999999999999628	-0.0001600941913749633
0.001403500000000035	-0.00016008489628867198
0.0021105174999999296	-0.00016008410842929824
0.0028210700874998964	-0.00016008342827352224
0.003535175437937438	-0.0001600827456287362
0.004252851315127062	-0.00016008205895224259
0.004974115571702636	-0.00016008136818841114
0.005698986149561044	-0.0001600806733039013
0.006427481080308875	-0.00016007997426600298
0.007159618485710418	-0.00016007927104252266
0.007895416578138905	-0.0001600785636012869
0.008634893661029494	-0.00016007785191026803
0.00937806812933463	-0.00016007713593740316
0.010124958469981361	-0.00016007641565052446
0.010875583262331262	-0.00016007569101736226
0.01162996117864295	-0.00016007496200556273
0.012388110984536127	-0.00016007422858260888
0.013150051539458866	-0.00016007349071573036
0.013915801797156208	-0.00016007274837199405
0.014685380806142003	-0.00016007200151835893
0.015458807710172712	-0.0001600712501213286
0.01623610174872358	-0.0001600704941474579
0.017017282257467212	-0.0001600697335627847
0.017802368668754516	-0.0001600689683332638
0.01859138051209827	-0.00016006819842451185
0.019384337414658823	-0.00016006742380183725
0.020181259101732015	-0.00016006664443039953
0.020982165397240727	-0.00016006586027490075
0.02178707622422691	-0.0001600650712998738
0.02259601160534814	-0.0001600642774694926
0.02340899166337483	-0.00016006347874765835
0.024226036621691812	-0.0001600626750979021
0.02504716680480027	-0.00016006186648349102
0.025872402638824326	-0.0001600610528673442
0.02670176465201842	-0.00016006023421208395
0.02753527347527842	-0.00016005941047989516
0.028372949842654864	-0.00016005858163275198
0.0292148145918682	-0.00016005774763224855
0.03006088866482743	-0.00016005690843952467
0.03091119310815165	-0.00016005606401552197
0.0317657490736924	-0.00016005521432072988
0.03262457781906081	-0.00016005435931525493
0.03348770070815601	-0.0001600534989588709
0.034355139211696875	-0.00016005263321098418
0.035226914907755424	-0.0001600517620305676
0.03610304948229413	-0.0001600508853763184
0.03698356472970569	-0.00016005000320640748
0.03786848255335419	-0.0001600491154786409
0.038757824966120964	-0.00016004822215051726
0.03965161409095162	-0.00016004732317899455
0.04054987216140643	-0.00016004641852072847
0.04145262152221345	-0.00016004550813189728
0.04235988462982453	-0.00016004459196825496
0.04327168405297366	-0.00016004366998512528
0.0441880424732386	-0.0001600427421374373
0.04510898268560485	-0.00016004180837964093
0.046034527599032954	-0.00016004086866573067
0.04696470023702812	-0.00016003992294926793
0.04789952373821329	-0.0001600389711833545
0.048839021356904266	-0.00016003801332063451
0.04978321646368884	-0.00016003704931324693
0.05073213254600732	-0.00016003607911292578
0.05168579320873729	-0.00016003510267080995
0.052644222174780875	-0.00016003411993763738
0.05360744328565471	-0.0001600331308636507
0.054575480502083065	-0.00016003213539853334
0.055548357904593434	-0.00016003113349145523
0.056526099694116344	-0.00016003012509115336
0.0575087301925869	-0.00016002911014579722
0.05849627384354973	-0.0001600280886029734
0.05948875521276744	-0.00016002706040979973
0.06048619898883127	-0.00016002602551282342
0.061488629983775384	-0.0001600249838580455
0.06249607313369419	-0.0001600239353909268
0.06350855349936275	-0.00016002288005629938
0.06452609626685958	-0.00016002181779849593
0.06554872674819387	-0.00016002074856121326
0.06657647038193484	-0.00016001967228757174
0.06760935273384447	-0.0001600185889200987
0.06864739949751365	-0.00016001749840072188
0.0696906364950013	-0.00016001640067079368
0.07073908967747639	-0.00016001529567087763
0.07179278512586384	-0.0001600141833411749
0.07285174905149322	-0.0001600130636210189
0.0739160077967507	-0.0001600119364491564
0.07498558783573436	-0.00016001080176375075
0.07606051577491299	-0.00016000965950217799
0.07714081835378758	-0.00016000850960123518
0.07822652244555647	-0.00016000735199702817
0.07931765505778425	-0.00016000618662489403
0.0804142433330731	-0.00016000501341951283
0.08151631454973848	-0.0001600038323148732
0.08262389612248718	-0.0001600026432441824
0.0837370156030995	-0.00016000144613995297
0.0848557006811149	-0.00016000024093397125
0.0859799791845205	-0.000159999027557198
0.08710987908044313	-0.0001599978059398791
0.08824542847584534	-0.00015999657601147924
0.08938665561822454	-0.00015999533770064982
0.09053358889631567	-0.0001599940909352563
0.09168625684079722	-0.0001599928356423766
0.09284468812500112	-0.00015999157174822917
0.09400891156562617	-0.00015999029917819623
0.0951789561234543	-0.00015998901785685857
0.09635485090407148	-0.00015998772770786356
0.09753662515859184	-0.00015998642865404106
0.0987243082843847	-0.00015998512061736356
0.09991792982580656	-0.00015998380351877882
0.10111751947493569	-0.00015998247727845268
0.10232310707231031	-0.00015998114181560457
0.1035347226076718	-0.00015997979704845166
0.10475239622071016	-0.00015997844289431914
0.10597615820181366	-0.00015997707926955948
0.10720603899282274	-0.0001599757060894643
0.10844206918778684	-0.00015997432326845626
0.10968427953372567	-0.00015997293071984785
0.1109327009313943	-0.0001599715283559659
0.11218736443605135	-0.00015997011608811184
0.11344830125823162	-0.0001599686938264675
0.11471554276452282	-0.00015996726148021124
0.11598912047834534	-0.00015996581895739526
0.11726906608073695	-0.00015996436616497694
0.11855541141114062	-0.00015996290300874011
0.11984818846819621	-0.0001599614293934254
0.12114742941053713	-0.0001599599452225298
0.12245316655758978	-0.00015995845039837065
0.1237654323903777	-0.00015995694482217866
0.12508425955232963	-0.00015995542839379405
0.12640968085009122	-0.00015995390101201102
0.1277417292543416	-0.0001599523625742256
0.1290804379006133	-0.00015995081297660863
0.13042584009011637	-0.00015994925211409666
0.1317779692905669	-0.00015994767988021546
0.13313685913701961	-0.00015994609616723965
0.13450254343270476	-0.00015994450086602481
0.13587505614986833	-0.00015994289386611336
0.13725443143061763	-0.0001599412750555508
0.13864070358777073	-0.0001599396443210639
0.14003390710570945	-0.00015993800154788363
0.14143407664123803	-0.00015993634661978329
0.1428412470244442	-0.0001599346794190381
0.1442554532595664	-0.00015993299982642686
0.14567673052586416	-0.0001599313077211532
0.1471051141784935	-0.00015992960298085698
0.14854063974938603	-0.00015992788548160203
0.149983342948133	-0.00015992615509781994
0.15143325966287374	-0.0001599244117023395
0.15289042596118813	-0.00015992265516621244
0.15435487809099402	-0.00015992088535894694
0.15582665248144906	-0.00015991910214812268
0.1573057857438562	-0.0001599173053997407
0.15879231467257537	-0.00015991549497791513
0.16028627624593816	-0.00015991367074493737
0.16178770762716785	-0.0001599118325612809
0.16329664616530362	-0.0001599099802855543
0.16481312939613008	-0.00015990811377438233
0.1663371950431107	-0.00015990623288250055
0.16786888101832628	-0.00015990433746261907
0.1694082254234178	-0.00015990242736548175
0.1709552665505349	-0.00015990050243970972
0.17251004288328747	-0.0001598985625319381
0.17407259309770393	-0.0001598966074865848
0.17564295606319252	-0.00015989463714591063
0.17722117084350858	-0.0001598926513500879
0.17880727669772617	-0.00015989064993689645
0.18040131308121476	-0.00015988863274194555
0.18200331964662084	-0.00015988659959846724
0.18361333624485401	-0.000159884550337352
0.18523140292607826	-0.00015988248478709442
0.18685755994070874	-0.00015988040277375334
0.1884918477404122	-0.00015987830412082796
0.19013430697911424	-0.00015987618864938893
0.1917849785140098	-0.00015987405617782957
0.19344390340657974	-0.0001598719065219601
0.19511112292361268	-0.00015986973949489935
0.1967866785382308	-0.00015986755490704184
0.19847061193092203	-0.00015986535256599477
0.20016296499057665	-0.00015986313227652363
0.20186377981552947	-0.0001598608938405776
0.2035730987146071	-0.0001598586370570693
0.20529096420818022	-0.00015985636172194574
0.20701741902922113	-0.00015985406762819508
0.20875250612436722	-0.00015985175456557
0.210496268654989	-0.00015984942232073648
0.21224874999826396	-0.00015984707067710828
0.21400999374825516	-0.00015984469941482775
0.21578004371699644	-0.00015984230831062916
0.21755894393558148	-0.00015983989713787893
0.2193467386552594	-0.00015983746566648887
0.22114347234853576	-0.0001598350136627497
0.22294918971027836	-0.00015983254088934885
0.2247639356588297	-0.0001598300471053654
0.2265877553371239	-0.00015982753206594222
0.2284206941138094	-0.00015982499552253437
0.23026279758437848	-0.00015982243722263004
0.23211411157230027	-0.00015981985690971274
0.23397468213016168	-0.00015981725432318312
0.23584455554081238	-0.0001598146291983439
0.23772377831851643	-0.00015981198126615933
0.23961239721010893	-0.00015980931025339843
0.24151045919615952	-0.00015980661588229646
0.24341801149214037	-0.00015980389787059824
0.24533510154960114	-0.00015980115593150384
0.24726177705734917	-0.0001597983897735204
0.24919808594263576	-0.00015979559910031567
0.251144076372349	-0.00015979278361068913
0.2530997967542107	-0.00015978994299846878
0.2550652957379817	-0.00015978707695237765
0.2570406222166717	-0.00015978418515590303
0.2590258253277551	-0.00015978126728726066
0.26102095445439405	-0.00015977832301916696
0.2630260592266659	-0.00015977535201892044
0.2650411895227993	-0.00015977235394805405
0.2670663954704134	-0.00015976932846232863
0.26910172744776534	-0.00015976627521165182
0.27114723608500396	-0.00015976319383981995
0.27320297226542917	-0.00015976008398456174
0.27526898712675635	-0.00015975694527714055
0.27734533206239	-0.00015975377734255965
0.2794320587227019	-0.00015975057979913539
0.2815292190163153	-0.00015974735225841267
0.2836368651113967	-0.00015974409432515966
0.28575504943695385	-0.00015974080559704958
0.28788382468413853	-0.00015973748566458168
0.29002324380755934	-0.00015973413411087133
0.29217336002659705	-0.00015973075051150368
0.29433422682673016	-0.00015972733443439123
0.29650589796086374	-0.00015972388543963325
0.29868842745066804	-0.00015972040307913295
0.30088186958792124	-0.00015971688689669534
0.3030862789358609	-0.00015971333642759595
0.30530171033054027	-0.0001597097511984994
0.307528218882193	-0.00015970613072730235
0.30976585997660405	-0.00015970247452274858
0.312014689276487	-0.00015969878208447956
0.31427476272286925	-0.000159695052902533
0.3165461365364837	-0.00015969128645729143
0.3188288672191662	-0.0001596874822192112
0.32112301155526213	-0.00015968363964854988
0.32342862661303834	-0.00015967975819519437
0.3257457697461036	-0.00015967583729828167
0.32807449859483384	-0.0001596718763861194
0.3304148710878078	-0.0001596678748756773
0.33276694544324686	-0.00015966383217255937
0.33513078017046305	-0.00015965974767055842
0.33750643407131514	-0.00015965562075133857
0.3398939662416715	-0.00015965145078432715
0.3422934360728799	-0.00015964723712618656
0.34470490325324404	-0.0001596429791206055
0.3471284277695101	-0.00015963867609793863
0.34956406990835764	-0.0001596343273748316
0.3520118902578995	-0.00015962993225398654
0.354471949709189	-0.0001596254900236698
0.3569443094577349	-0.00015962099995736937
0.3594290310050235	-0.00015961646131349062
0.3619261761600484	-0.00015961187333479588
0.3644358070408486	-0.00015960723524815183
0.36695798607605284	-0.00015960254626409733
0.36949277600643327	-0.0001595978055762132
0.37204023988646523	-0.0001595930123609401
0.3746004410858973	-0.00015958816577688276
0.3771734432913268	-0.00015958326496451282
0.3797593105077832	-0.000159578309045475
0.3823581070603219	-0.0001595732971223693
0.38496989759562367	-0.0001595682282778438
0.3875947470836016	-0.00015956310157434387
0.3902327208190196	-0.00015955791605341648
0.3928838844231145	-0.00015955267073514704
0.39554830384522993	-0.00015954736461752805
0.3982260453644561	-0.00015954199667594305
0.4009171755912785	-0.00015953656586236597
0.40362176146923495	-0.0001595310711047861
0.40633987027658097	-0.00015952551130651017
0.4090715696279639	-0.00015951988534545467
0.4118169274761037	-0.00015951419207324753
0.4145760121134843	-0.00015950843031476515
0.4173488921740515	-0.00015950259886706993
0.4201356366349219	-0.00015949669649876013
0.42293631481809635	-0.00015949072194896915
0.4257509963921868	-0.0001594846739265634
0.42857975137414767	-0.00015947855110931135
0.43142265013101855	-0.00015947235214275495
0.43427976338167373	-0.0001594660756393913
0.43715116219858224	-0.0001594597201775791
0.44003691800957523	-0.0001594532843004631
0.44293710259962304	-0.00015944676651491715
0.4458517881126211	-0.0001594401652904528
0.44878104705318417	-0.00015943347905800307
0.45172495228844983	-0.00015942670620864462
0.45468357704989204	-0.00015941984509239027
0.4576569949351413	-0.00015941289401694722
0.46064527990981685	-0.00015940585124614822
0.4636485063093658	-0.00015939871499877679
0.4666667488409128	-0.00015939148344693737
0.4697000825851173	-0.00015938415471453067
0.4727485829980427	-0.00015937672687577463
0.47581232591303285	-0.0001593691979534508
0.478891387542598	-0.00015936156591719812
0.48198584448031084	-0.00015935382868173284
0.4850957737027124	-0.0001593459841050138
0.48822125257122595	-0.00015933802998641675
0.49136235883408197	-0.00015932996406443364
0.4945191706282523	-0.00015932178401489953
0.4976917664813935	-0.00015931348744856633
0.5008802253138004	-0.00015930507190901953
0.5040846264403696	-0.00015929653487022454
0.5073050495725715	-0.00015928787373403573
0.5105415748204343	-0.00015927908582773543
0.5137942826945365	-0.00015927016840126893
0.517063254108009	-0.00015926111862456298
0.5203485703785492	-0.00015925193358444612
0.5236503132304419	-0.00015924261028183343
0.5269685647965939	-0.00015923314562839275
0.5303034076205766	-0.00015922353644328455
0.5336549246586795	-0.0001592137794499044
0.5370231992819728	-0.0001592038712719682
0.5404083152783826	-0.00015919380842993619
0.5438103568547747	-0.00015918358733717892
0.5472294086390483	-0.00015917320429563117
0.5506655556822436	-0.00015916265549174692
0.5541188834606549	-0.00015915193699191167
0.5575894778779582	-0.00015914104473774886
0.5610774252673477	-0.0001591299745411421
0.5645828123936844	-0.00015911872207933396
0.5681057264556525	-0.00015910728288931068
0.5716462550879309	-0.00015909565236232724
0.5752044863633705	-0.00015908382573789307
0.5787805087951873	-0.0001590717980977628
0.5823744113391631	-0.00015905956435927377
0.5859862833958588	-0.0001590471192687046
0.5896162148128381	-0.00015903445739404477
0.5932642958869024	-0.00015902157311761518
0.5969306173663369	-0.0001590084606282246
0.6006152704531684	-0.00015899511391274856
0.6043183468054344	-0.00015898152674779085
0.6080399385394615	-0.0001589676926902967
0.6117801382321587	-0.00015895360506821505
0.6155390389233192	-0.00015893925697021627
0.6193167341179359	-0.00015892464123534844
0.6231133177885255	-0.00015890975044171592
0.6269288843774683	-0.0001588945768948639
0.6307635287993556	-0.0001588791126153619
0.6346173464433522	-0.00015886334932576523
0.6384904331755688	-0.0001588472784367879
0.6423828853414466	-0.00015883089103307894
0.6462947997681537	-0.00015881417785751692
0.6502262737669944	-0.0001587971292953855
0.6541774051358293	-0.00015877973535689428
0.6581482921615082	-0.00015876198565946913
0.6621390336223156	-0.0001587438694082285
0.6661497287904271	-0.00015872537537594349
0.6701804774343789	-0.00015870649188136937
0.6742313798215507	-0.00015868720676643556
0.6783025367206585	-0.00015866750737200677
0.682394049404262	-0.00015864738051219428
0.6865060196512833	-0.00015862681244670045
0.6906385497495399	-0.00015860578885190302
0.6947917424982876	-0.00015858429478956098
0.6989657012107791	-0.0001585623146735836
0.7031605297168331	-0.00015853983223464803
0.7073763323654171	-0.00015851683048210085
0.7116132140272443	-0.0001584932916634146
0.7158712800973803	-0.00015846919722043224
0.7201506364978669	-0.0001584445277424837
0.724451389680356	-0.0001584192629160143
0.7287736466287575	-0.00015839338147012803
0.7331175148619014	-0.0001583668611178722
0.737483102436211	-0.000158339678492668
0.7418705179483918	-0.0001583118090794242
0.7462798705381338	-0.00015828322713976972
0.7507112698908246	-0.00015825390563058278
0.7551648262402787	-0.00015822381611495552
0.7596406503714802	-0.00015819292866531325
0.7641388536233378	-0.00015816121175648006
0.7686595478914543	-0.00015812863214901358
0.7732028456309116	-0.0001580951547596392
0.777768859859066	-0.00015806074251929913
0.7823577041583611	-0.00015802535621495386
0.7869694926791531	-0.000157988954314309
0.7916043401425489	-0.00015795149277070898
0.7962623618432616	-0.0001579129248054659
0.8009436736524779	-0.0001578732006638359
0.8056483920207402	-0.0001578322673416478
0.8103766339808439	-0.0001577900682779959
0.8151285171507483	-0.00015774654300887482
0.8199041597365018	-0.00015770162677575144
0.8247036805351844	-0.0001576552500839857
0.8295271989378604	-0.0001576073382010665
0.8343748349325497	-0.00015755781058872075
0.8392467091072124	-0.00015750658025737735
0.8441429426527486	-0.00015745355303206038
0.8490636573660123	-0.00015739862671789197
0.8540089756528424	-0.00015734169014935067
0.8589790205311068	-0.00015728262210830074
0.8639739156337622	-0.00015722129009121028
0.868973915633762	-0.00015715780335947698
0.8739739156337618	-0.0001570921011956418
0.8789739156337616	-0.00015702404881366025
0.8839739156337615	-0.00015695349813556376
0.8889739156337613	-0.00015688028689344038
0.893973915633761	-0.00015680423702238024
0.8989739156337608	-0.00015672515287064282
0.9039739156337606	-0.00015664281920720733
0.9089739156337604	-0.0001565569990024789
0.9139739156337602	-0.0001564674309546197
0.91897391563376	-0.00015637382672770486
0.9239739156337599	-0.00015627586786264694
0.9289739156337596	-0.00015617320231675751
0.9339739156337594	-0.00015606544057672486
0.9389739156337592	-0.0001559521512837505
0.943973915633759	-0.00015583285629600595
0.9489739156337588	-0.00015570702510250728
0.9539739156337586	-0.00015557406848715137
0.9589739156337583	-0.00015543333132351904
0.9639739156337582	-0.00015528408436177963
0.968973915633758	-0.00015512551484419317
0.9739739156337578	-0.0001549567157571376
0.9789739156337576	-0.0001547766734957537
0.9839739156337574	-0.00015458425367627178
0.9889739156337571	-0.00015437818478500706
0.9939739156337569	-0.0001541570392979116
0.9989739156337567	-0.00015391921183936005
1.0039739156337566	-0.0001536628938696536
1.0089739156337563	-0.00015338604429892373
1.0139739156337562	-0.00015308635531611337
1.0189739156337558	-0.00015276121258748956
1.0239739156337557	-0.00015240764882778747
1.0289739156337556	-0.00015202228955702544
1.0339739156337553	-0.00015160128964071317
1.0389739156337552	-0.00015114025894498334
1.0439739156337549	-0.00015063417513119654
1.0489739156337547	-0.00015007728124409077
1.0539739156337544	-0.00014946296531297384
1.0589739156337543	-0.000148783618668589
1.0639739156337542	-0.0001480304690697749
1.0689739156337539	-0.00014719338401655854
1.0739739156337538	-0.00014626063878309594
1.0789739156337534	-0.00014521864271393526
1.0839739156337533	-0.00014405161617162473
1.088973915633753	-0.00014274120917879367
1.093973915633753	-0.00014126605123429133
1.0989739156337526	-0.00013960121999033627
1.1039739156337525	-0.00013771761441291354
1.1089739156337524	-0.00013558121571902247
1.113973915633752	-0.00013315221675823751
1.118973915633752	-0.00013038399761682295
1.1239739156337516	-0.00012722192207370158
1.1289739156337515	-0.00012360192622592643
1.1339739156337512	-0.00011944886722272588
1.138973915633751	-0.00011467459680398772
1.143973915633751	-0.00010917572151415403
1.1489739156337506	-0.0001028310094549109
1.1539739156337505	-9.549840281003316e-5
1.1589739156337502	-8.701159684937573e-5
1.16397391563375	-7.717615060233256e-5
1.1689739156337497	-6.576510297348136e-5
1.1739739156337496	-5.2514081932437186e-5
1.1789739156337493	-3.7115914675745714e-5
1.1839739156337492	-1.9214774154216914e-5
1.187980436725312	-2.7869992998493507e-6
1.1919869578168745	1.5747745202954246e-5
1.1959934789084372	3.665866390449827e-5
1.2	6.024249795649784e-5
