1.1993	0.507099216233739
1.1985965	0.4944612550938946
1.1978894825	0.48206987212887575
1.1971789299125	0.4699234690921761
1.1964648245620626	0.4580189962958114
1.1957471486848728	0.446353379197116
1.195025884428297	0.43492354120218796
1.1943010138504386	0.42372640497634156
1.1935725189196909	0.41275889340237215
1.1928403815142892	0.4020179305242597
1.1921045834218607	0.39150044248138455
1.1913651063389699	0.38120335843266256
1.1906219318706648	0.37112361147037654
1.189875041530018	0.3612581395231429
1.1891244167376682	0.3516038862475464
1.1883700388213565	0.3421578019082416
1.1876118890154634	0.33291684424583673
1.1868499484605408	0.32387797933243984
1.1860841982028434	0.3150381824142691
1.1853146191938577	0.3063944387411252
1.184541192289827	0.297943744382258
1.1837638982512761	0.28968310702837513
1.1829827177425325	0.28160954677938504
1.182197631331245	0.27372009691755916
1.1814086194879014	0.2660118046659206
1.180615662585341	0.2584817319314185
1.1798187408982677	0.25112695603264046
1.1790178346027589	0.24394457041184286
1.1782129237757728	0.2369316853310858
1.1774039883946517	0.23008542855198832
1.1765910083366249	0.22340294599920665
1.175773963378308	0.2168814024071501
1.1749528331951995	0.21051798194982765
1.1741275973611756	0.2043098888536962
1.1732982353479815	0.19825434799315328
1.1724647265247214	0.1923486054686954
1.1716270501573451	0.18658992916750788
1.170785185408132	0.18097560930624787
1.1699391113351725	0.1755029589560959
1.1690888068918484	0.17016931454978843
1.1682342509263077	0.1649720363706257
1.1673754221809391	0.15990850902329407
1.1665122992918437	0.15497614188651743
1.165644860788303	0.15017236954739438
1.1647730850922446	0.14549465221743435
1.163896950517706	0.14094047613022043
1.1630164352702943	0.13650735392070978
1.1621315174466458	0.1321928249861328
1.161242175033879	0.12799445582852426
1.1603483859090487	0.12390984037894061
1.1594501278385938	0.11993660030327515
1.1585473784777867	0.11607238528989906
1.1576401153701756	0.11231487331904189
1.1567283159470265	0.10866177091405031
1.1558119575267616	0.10511081337461886
1.1548910173143956	0.10165976499206086
1.1539654724009676	0.09830641924678955
1.1530352997629725	0.09504859898806121
1.1521004762617872	0.09188415659618748
1.151160978643096	0.0888109741273453
1.1502167835363117	0.08582696344113182
1.1492678674539931	0.08293006631106857
1.148314206791263	0.08011825451823282
1.1473557778252195	0.07738952992820405
1.1463925567143454	0.07474192455156625
1.1454245194979171	0.0721735005881569
1.144451642095407	0.06968235045530971
1.143473900305884	0.06726659680033288
1.1424912698074134	0.06492439249748433
1.1415037261564505	0.06265392062969401
1.1405112447872328	0.0604533944552995
1.139513801011169	0.05832105736010695
1.1385113700162248	0.056255182795017775
1.1375039268663059	0.05425407419957912
1.1364914465006375	0.05231606491170214
1.1354739037331405	0.05043951806390359
1.1344512732518064	0.04862282646637423
1.1334235296180653	0.04686441247719918
1.1323906472661558	0.045162727860063784
1.1313526005024865	0.043516253629782654
1.130309363504999	0.041923499886001206
1.129260910322524	0.04038300563540047
1.1282072148741367	0.038893338602777626
1.1271482509485073	0.03745309503133511
1.12608399220325	0.03606089947256158
1.1250144121642662	0.034715404566047325
1.1239394842250876	0.03341529080960085
1.122859181646213	0.03215926632004898
1.1217734775544441	0.030946066585062198
1.1206823449422163	0.02977445420639693
1.1195857566669274	0.028643218634909744
1.118483685450262	0.027551175897725717
1.1173761038775132	0.026497168317911202
1.1162629843969007	0.025480064227045796
1.1151442993188851	0.02449875767103619
1.1140200208154796	0.02355216810955543
1.112890120919557	0.02263924010946729
1.1117545715241548	0.021758943032591717
1.1106133443817756	0.02091027071818436
1.1094664111036845	0.02009224116047287
1.108313743159203	0.019303896181614672
1.1071553118749988	0.01854430110042066
1.105991088434374	0.017812544397188143
1.1048210438765458	0.01710773737499679
1.1036451490959287	0.016429013817786046
1.1024633748414083	0.015775529645564827
1.1012756917156152	0.015146462567065986
1.1000820701741933	0.014541011730176205
1.0988824805250643	0.013958397370454744
1.0976768929276897	0.013397860458044822
1.0964652773923282	0.01285866234329393
1.09524760377929	0.01234008440136827
1.0940238417981865	0.011841427676156145
1.0927939610071773	0.011362012523749647
1.0915579308122132	0.010901178255772826
1.0903157204662743	0.010458282782832819
1.0890672990686057	0.010032702258351954
1.0878126355639488	0.009623830723043311
1.0865516987417685	0.009231079750267799
1.0852844572354774	0.008853878092522133
1.0840108795216548	0.008491671329284328
1.082730933919263	0.008143921516446754
1.0814445885888593	0.007810106837547804
1.0801518115318036	0.007489721257018803
1.0788525705894627	0.00718227417564018
1.0775468334424099	0.0068872900884064435
1.076234567609622	0.00660430824498369
1.0749157404476701	0.006332882312935498
1.0735903191499085	0.006072580043889839
1.072258270745658	0.005822982942807792
1.0709195620993865	0.005583685940508112
1.0695741599098834	0.005354297069595023
1.0682220307094328	0.005134437143926042
1.0668631408629798	0.004923739441753253
1.0654974565672948	0.0047218493926591545
1.0641249438501312	0.00452842426840436
1.0627455685693818	0.004343132877794647
1.061359296412229	0.004165655265669408
1.05996609289429	0.003995682416103276
1.0585659233587614	0.0038329159599113072
1.0571587529755553	0.0036770678865326173
1.055744546740433	0.0035278602603695834
1.0543232694741351	0.003385024941645405
1.0528948858215057	0.0032483033118416264
1.0514593602506135	0.0031174460037678947
1.0500166570518665	0.0029922126363085486
1.048566740337126	0.0028723715538908783
1.0471095740388114	0.002757699570704355
1.0456451219090057	0.0026479817197029016
1.0441733475185506	0.0025430110064116433
1.0426942142561435	0.002442588167555294
1.0412076853274241	0.0023465214345200487
1.0397137237540612	0.0022546263016562126
1.0382122923728316	0.002166725299422277
1.0367033538346957	0.0020826477723677153
1.0351868706038692	0.002002229661946242
1.0336628049568886	0.0019253132941473483
1.032131118981673	0.0018517471719286269
1.0305917745765814	0.0017813857724283072
1.0290447334494643	0.001714089348932927
1.0274899571167115	0.0016497237375707916
1.0259274069022952	0.0015881601686994937
1.0243570439368066	0.0015292750829501828
1.0227788291564908	0.0014729499518907217
1.021192723302273	0.0014190711032639246
1.0195986869187845	0.001367529550756213
1.0179966803533784	0.001318220828247985
1.0163866637551453	0.0012710448284950434
1.014768597073921	0.0012259056461872825
1.0131424400592908	0.001182711425329538
1.0115081522595872	0.0011413742108856558
1.0098656930208854	0.0011018098046271779
1.0082150214859897	0.0010639376251235088
1.0065560965934197	0.0010276805718113446
1.0048888770763869	0.0009929648930772066
1.0032133214617687	0.0009597200582873837
1.0015293880690777	0.0009278786336971371
0.999837035009423	0.0008973761621704161
0.9981362201844701	0.0008681510466399975
0.9964269012853926	0.000840144437237475
0.9947090357918196	0.0008133001220213331
0.9929825809707786	0.0007875644212308781
0.9912474938756325	0.0007628860849935306
0.9895037313450108	0.0007392161944119679
0.9877512500017358	0.0007165080659578801
0.9859900062517445	0.0006947171590986767
0.9842199562830032	0.0006738009870833218
0.9824410560644183	0.0006537190308134405
0.9806532613447403	0.0006344326557263219
0.978856527651464	0.0006159050316159963
0.9770508102897215	0.0005981010553193719
0.9752360643411702	0.0005809872761944908
0.9734122446628759	0.0005645318243185241
0.9715793058861903	0.0005487043413333167
0.9697372024156213	0.0005334759138675027
0.9678858884276995	0.0005188190094639584
0.9660253178698379	0.0005047074149430248
0.9641554444591871	0.0004911161771316879
0.9622762216814831	0.00047802154589068365
0.9603876027898905	0.0004654009193715587
0.9584895408038401	0.00045323279143705004
0.9565819885078594	0.00044149670117904385
0.9546648984503987	0.00043017318446924023
0.9527382229426506	0.00041924372747882937
0.950801914057364	0.00040869072210427066
0.9488559236276508	0.00039849742323784954
0.9469002032457892	0.00038864790782217106
0.9449347042620182	0.00037912703562950113
0.9429593777833283	0.0003699204117076256
0.940974174672245	0.0003610143504351362
0.9389790455456062	0.0003523958411304806
0.9369739407733343	0.00034405251516010237
0.934958810477201	0.00033597261449217755
0.932933604529587	0.0003281449616440539
0.930898272552235	0.00032055893097217725
0.9288527639149962	0.0003132044212550774
0.9267970277345712	0.00030607182952087467
0.924731012873244	0.00029915202607211323
0.9226546679376103	0.0002924363306621059
0.9205679412772985	0.0002859164897779347
0.918470780983685	0.0002795846549867993
0.9163631348886034	0.00027343336230333936
0.9142449505630464	0.0002674555125370647
0.9121161753158618	0.0002616443525799482
0.909976756192441	0.000255993457595622
0.9078266399734032	0.0002504967140728116
0.9056657731732702	0.00024514830370661963
0.9034941020391367	0.00023994268807269126
0.9013115725493324	0.00023487459406021244
0.899118130412079	0.00022993900003087965
0.8969137210641396	0.0002251311226721883
0.8946982896694602	0.0002204464045142825
0.8924717811178076	0.00021588050208082532
0.8902341400233966	0.00021142927464535828
0.8879853107235137	0.00020708877356554646
0.8857252372771314	0.00020285523216885095
0.8834538634635171	0.0001987250561640887
0.8811711327808347	0.00019469481455424348
0.8788769884447389	0.00019076123102689283
0.8765713733869627	0.000186921175799567
0.8742542302538975	0.00018317165789811125
0.871925501405167	0.00017950981784715844
0.8695851289121928	0.00017593292075248333
0.8672330545567538	0.00017243834975602098
0.8648692198295376	0.00016902359984497377
0.8624935659286854	0.00016568627199727953
0.8601060337583288	0.0001624240676464522
0.8577065639271205	0.00015923478344958316
0.8552950967467561	0.00015611630634285425
0.8528715722304898	0.00015306660886979176
0.8504359300916424	0.0001500837447680114
0.8479881097421007	0.00014716584480087893
0.8455280502908111	0.0001443111128211549
0.8430556905422653	0.00014151782205427604
0.8405709689949765	0.00013878431158949772
0.8380738238399514	0.00013610898306762586
0.8355641929591513	0.00013349029755474787
0.833042013923947	0.00013092677259169902
0.8305072239935668	0.00012841697940961893
0.8279597601135347	0.00012595954030241162
0.8253995589141023	0.0001235531261473362
0.8228265567086728	0.00012119645406544527
0.8202406894922163	0.00011888828521393556
0.8176418929396774	0.00011662742270301046
0.8150301024043758	0.00011441270963004741
0.8124052529163976	0.00011224302722445566
0.8097672791809798	0.000110117293096752
0.8071161155768848	0.00010803445958588284
0.8044516961547693	0.00010599351219905522
0.8017739546355431	0.00010399346813865679
0.7990828244087209	0.0001020333749112024
0.7963782385307645	0.00010011230901340675
0.7936601297234185	9.822937469089896e-5
0.7909284303720356	9.638370276521111e-5
0.7881830725238959	9.457444952500445e-5
0.7854239878865152	9.280079567769366e-5
0.7826511078259479	9.106194535785535e-5
0.7798643633650778	8.935712518901439e-5
0.7770636851819032	8.768558339559938e-5
0.7742490036078127	8.60465889620314e-5
0.7714202486258519	8.44394308361414e-5
0.7685773498689812	8.286341717419193e-5
0.7657202366183261	8.131787462502722e-5
0.7628488378014178	7.980214765097149e-5
0.759963081990425	7.831559788324425e-5
0.7570628974003771	7.685760350983867e-5
0.754148211887379	7.542755869385871e-5
0.7512189529468161	7.402487302052705e-5
0.7482750477115501	7.264897097109324e-5
0.7453164229501079	7.129929142206592e-5
0.7423430050648585	6.997528716821056e-5
0.7393547200901829	6.867642446793655e-5
0.7363514936906338	6.740218260970474e-5
0.7333332511590871	6.61520534982336e-5
0.7302999174148825	6.492554125931546e-5
0.727251417001957	6.372216186217859e-5
0.7241876740869668	6.25414427583262e-5
0.7211086124574018	6.138292253595108e-5
0.7180141555196888	6.02461505889776e-5
0.7149042262972873	5.91306867999296e-5
0.7117787474287738	5.8036101235822186e-5
0.7086376411659178	5.696197385634991e-5
0.7054808293717474	5.590789423368019e-5
0.7023082335186062	5.487346128321667e-5
0.6991197746861993	5.3858283004732115e-5
0.6959153735596304	5.286197623330905e-5
0.6926949504274287	5.188416639955597e-5
0.6894584251795659	5.092448729862607e-5
0.6862057173054639	4.998258086756516e-5
0.6829367458919912	4.905809697056239e-5
0.6796514296214512	4.815069319170467e-5
0.6763496867695585	4.7260034634861654e-5
0.6730314352034062	4.638579373034457e-5
0.6696965923794234	4.5527650048004546e-5
0.6663450753413205	4.468529011648115e-5
0.6629768007180271	4.385840724829317e-5
0.6595916847216173	4.3046701370504326e-5
0.6561896431452254	4.2249878860718855e-5
0.6527705913609516	4.1467652388159284e-5
0.6493344443177563	4.0699740759607365e-5
0.6458811165393451	3.99458687699963e-5
0.642410522122042	3.920576705745612e-5
0.6389225747326522	3.847917196262914e-5
0.6354171876063156	3.776582539207892e-5
0.6318942735443472	3.7065474685626315e-5
0.6283537449120691	3.6377872487460996e-5
0.6247955136366294	3.570277662087894e-5
0.6212194912048127	3.5039949966513684e-5
0.6176255886608368	3.438916034391725e-5
0.6140137166041412	3.375018039638876e-5
0.6103837851871621	3.312278747890903e-5
0.606735704113098	3.2506763549091856e-5
0.6030693826336635	3.190189506103481e-5
0.5993847295468318	3.130797286197434e-5
0.595681653194566	3.0724792091647073e-5
0.5919600614605388	3.015215208427362e-5
0.5882198617678417	2.958985627307224e-5
0.584460961076681	2.903771209722865e-5
0.5806832658820645	2.8495530911232563e-5
0.5768866822114749	2.7963127896519716e-5
0.5730711156225323	2.7440321975341545e-5
0.569236471200645	2.6926935726791986e-5
0.5653826535566484	2.6422795304935185e-5
0.5615095668244319	2.5927730358962224e-5
0.557617114658554	2.5441573955324195e-5
0.5537052002318468	2.4964162501782203e-5
0.5497737262330062	2.44953356733158e-5
0.5458225948641713	2.4034936339847363e-5
0.5418517078384922	2.35828104957153e-5
0.5378609663776848	2.3138807190861133e-5
0.5338502712095733	2.2702778463679922e-5
0.5298195225656213	2.227457927548294e-5
0.5257686201784495	2.1854067446534788e-5
0.5216974632793419	2.144110359362116e-5
0.5176059505957387	2.103555106910444e-5
0.5134939803487175	2.0637275901428622e-5
0.5093614502504612	2.0246146737036813e-5
0.5052082575017136	1.9862034783663374e-5
0.5010342987892222	1.9484813754961166e-5
0.4968394702831683	1.9114359816436032e-5
0.4926236676345843	1.875055153265057e-5
0.4883867859727574	1.8393269815663103e-5
0.4841287199026212	1.8042397874677315e-5
0.47984936350213436	1.769782116686095e-5
0.475548610319645	1.735942734931353e-5
0.4712263533712433	1.702710623215267e-5
0.4668824851380995	1.6700749732682678e-5
0.4625168975637901	1.638025183063013e-5
0.4581294820516092	1.606550852441017e-5
0.45372012946186746	1.5756417788405877e-5
0.4492887301091769	1.5452879531225998e-5
0.4448351737597228	1.5154795554927724e-5
0.4403593496285215	1.4862069515172159e-5
0.4358611463766642	1.4574606882293312e-5
0.43134045210854755	1.4292314903257995e-5
0.4267971543690905	1.4015102564494589e-5
0.422231140140936	1.3742880555568944e-5
0.4176422958416407	1.347556123368603e-5
0.413030507320849	1.3213058589001022e-5
0.4083956598574532	1.2955288210714624e-5
0.4037376381567406	1.2702167253939029e-5
0.3990563263475244	1.2453614407312104e-5
0.39435160797926205	1.220954986134249e-5
0.38962336601915837	1.1969895277471043e-5
0.3848714828492543	1.173457375782536e-5
0.3800958402635005	1.1503509815658575e-5
0.3752963194648181	1.1276629346448374e-5
0.3704728010621424	1.105385959964564e-5
0.36562516506745313	1.0835129151056005e-5
0.3607532908927905	1.062036787583704e-5
0.3558570573472546	1.0409506922099733e-5
0.350936342633991	1.0202478685098043e-5
0.345991024347161	9.999216781992189e-6
0.341020979468897	9.799656027174599e-6
0.3360260843662414	9.60373240814059e-6
0.33102608436624137	9.412135600025224e-6
0.32602608436624136	9.224945328987012e-6
0.32102608436624136	9.0420426585465e-6
0.31602608436624136	8.863312441114474e-6
0.31102608436624135	8.688643177343298e-6
0.30602608436624135	8.517926881290945e-6
0.30102608436624134	8.351058951293056e-6
0.2960260843662412	8.187938046270088e-6
0.2910260843662412	8.028465967211265e-6
0.2860260843662412	7.872547543593607e-6
0.2810260843662412	7.720090524503784e-6
0.2760260843662412	7.571005474242631e-6
0.2710260843662412	7.425205672206065e-6
0.2660260843662412	7.2826070168445575e-6
0.2610260843662412	7.143127933514163e-6
0.2560260843662412	7.006689286041243e-6
0.2510260843662412	6.873214291832917e-6
0.24602608436624118	6.7426284403722255e-6
0.24102608436624118	6.614859414947894e-6
0.23602608436624117	6.489837017471261e-6
0.23102608436624106	6.367493096245942e-6
0.22602608436624105	6.2477614765582e-6
0.22102608436624105	6.130577893963765e-6
0.21602608436624104	6.015879930154236e-6
0.21102608436624104	5.903606951289214e-6
0.20602608436624104	5.793700048688812e-6
0.20102608436624103	5.686101981783677e-6
0.19602608436624092	5.580757123226227e-6
0.19102608436624102	5.477611406070159e-6
0.1860260843662409	5.376612272931892e-6
0.181026084366241	5.277708627048506e-6
0.1760260843662409	5.180850785153168e-6
0.171026084366241	5.08599043209215e-6
0.1660260843662409	4.993080577110444e-6
0.161026084366241	4.902075511737065e-6
0.15602608436624088	4.812930769204406e-6
0.151026084366241	4.725603085337666e-6
0.14602608436624087	4.640050360855316e-6
0.14102608436624098	4.556231625022918e-6
0.13602608436624086	4.474107000605181e-6
0.13102608436624075	4.393637670064264e-6
0.12602608436624085	4.314785842954624e-6
0.12102608436624074	4.237514724466033e-6
0.11602608436624084	4.161788485069634e-6
0.11102608436624073	4.087572231223358e-6
0.10602608436624084	4.014831977094876e-6
0.10102608436624072	3.943534617262416e-6
0.09602608436624083	3.873647900354969e-6
0.09102608436624071	3.8051404035959685e-6
0.08602608436624082	3.7379815082152093e-6
0.0810260843662407	3.672141375695324e-6
0.07602608436624081	3.607590924821512e-6
0.0710260843662407	3.5443018095033876e-6
0.06602608436624058	3.482246397340024e-6
0.061026084366240685	3.421397748899529e-6
0.05602608436624057	3.361729597687184e-6
0.051026084366240676	3.3032163307753025e-6
0.04602608436624056	3.245832970071148e-6
0.04102608436624067	3.1895551541983057e-6
0.03602608436624055	3.1343591209696147e-6
0.031026084366240658	3.080221690429564e-6
0.026026084366240543	3.0271202484448896e-6
0.02102608436624065	2.975032730824188e-6
0.016026084366240534	2.9239376079466633e-6
0.012019563274680456	2.8836973487610355e-6
0.009014672456010286	2.8539204270443146e-6
0.006009781637340117	2.824484004291233e-6
0.0030048908186699474	2.7953837456217393e-6
0.0	2.76661539073146e-6
