0.0006999999999999628	2.0762380049505424e-12
0.001403500000000035	2.080304629968935e-12
0.0021105174999999296	2.084401481137851e-12
0.0028210700874998964	2.088528523988562e-12
0.003535175437937438	2.0926860319535393e-12
0.004252851315127062	2.0968742855642606e-12
0.004974115571702636	2.1010935685047827e-12
0.005698986149561044	2.1053441676287294e-12
0.006427481080308875	2.109626373021053e-12
0.007159618485710418	2.1139404780558807e-12
0.007895416578138905	2.118286779451482e-12
0.008634893661029494	2.122665577324894e-12
0.00937806812933463	2.1270771752451466e-12
0.010124958469981361	2.131521880286879e-12
0.010875583262331262	2.1360000030837016e-12
0.01162996117864295	2.140511857881982e-12
0.012388110984536127	2.145057762594998e-12
0.013150051539458866	2.149638038857683e-12
0.013915801797156208	2.1542530120816895e-12
0.014685380806142003	2.158903011511649e-12
0.015458807710172712	2.1635883702814822e-12
0.01623610174872358	2.168309425471868e-12
0.017017282257467212	2.1730665181682856e-12
0.017802368668754516	2.1778599935203725e-12
0.01859138051209827	2.182690200801263e-12
0.019384337414658823	2.1875574934689844e-12
0.020181259101732015	2.192462229227636e-12
0.020982165397240727	2.197404770090199e-12
0.02178707622422691	2.2023854824426437e-12
0.02259601160534814	2.2074047371080165e-12
0.02340899166337483	2.2124629094125707e-12
0.024226036621691812	2.2175603792526396e-12
0.02504716680480027	2.2226975311623372e-12
0.025872402638824326	2.2278747543829467e-12
0.02670176465201842	2.233092442933052e-12
0.02753527347527842	2.238350995679824e-12
0.028372949842654864	2.2436508164121096e-12
0.0292148145918682	2.2489923139139496e-12
0.03006088866482743	2.2543759020400023e-12
0.03091119310815165	2.259801999791967e-12
0.0317657490736924	2.2652710313963682e-12
0.03262457781906081	2.270783426383981e-12
0.03348770070815601	2.2763396196702263e-12
0.034355139211696875	2.281940051636941e-12
0.035226914907755424	2.287585168216358e-12
0.03610304948229413	2.2932754209756967e-12
0.03698356472970569	2.29901126720375e-12
0.03786848255335419	2.3047931699987345e-12
0.038757824966120964	2.3106215983580184e-12
0.03965161409095162	2.3164970272692343e-12
0.04054987216140643	2.322419937803045e-12
0.04145262152221345	2.3283908172078153e-12
0.04235988462982453	2.334410159005687e-12
0.04327168405297366	2.340478463090625e-12
0.0441880424732386	2.3465962358280995e-12
0.04510898268560485	2.352763990156926e-12
0.046034527599032954	2.358982245692288e-12
0.04696470023702812	2.365251528831442e-12
0.04789952373821329	2.3715723728610643e-12
0.048839021356904266	2.3779453180662568e-12
0.04978321646368884	2.3843709118420012e-12
0.05073213254600732	2.390849708806659e-12
0.05168579320873729	2.3973822709173945e-12
0.052644222174780875	2.4039691675878327e-12
0.05360744328565471	2.4106109758080574e-12
0.054575480502083065	2.4173082802665618e-12
0.055548357904593434	2.4240616734748185e-12
0.056526099694116344	2.4308717558942357e-12
0.0575087301925869	2.4377391360651215e-12
0.05849627384354973	2.4446644307384657e-12
0.05948875521276744	2.4516482650102247e-12
0.06048619898883127	2.4586912724578706e-12
0.061488629983775384	2.465794095279972e-12
0.06249607313369419	2.4729573844382573e-12
0.06350855349936275	2.4801817998022516e-12
0.06452609626685958	2.4874680102971184e-12
0.06554872674819387	2.494816694054176e-12
0.06657647038193484	2.5022285385638454e-12
0.06760935273384447	2.5097042408327904e-12
0.06864739949751365	2.517244507542822e-12
0.0696906364950013	2.524850055213741e-12
0.07073908967747639	2.53252161036912e-12
0.07179278512586384	2.5402599097054934e-12
0.07285174905149322	2.548065700264553e-12
0.0739160077967507	2.5559397396092693e-12
0.07498558783573436	2.563882796003008e-12
0.07606051577491299	2.571895648592767e-12
0.07714081835378758	2.5799790875956867e-12
0.07822652244555647	2.58813391448913e-12
0.07931765505778425	2.5963609422054983e-12
0.0804142433330731	2.604660995329635e-12
0.08151631454973848	2.6130349103016014e-12
0.08262389612248718	2.621483535622639e-12
0.0837370156030995	2.6300077320654597e-12
0.0848557006811149	2.6386083728895748e-12
0.0859799791845205	2.6472863440598076e-12
0.08710987908044313	2.6560425444704688e-12
0.08824542847584534	2.664877886173307e-12
0.08938665561822454	2.6737932946108944e-12
0.09053358889631567	2.682789708854122e-12
0.09168625684079722	2.6918680818452322e-12
0.09284468812500112	2.7010293806456994e-12
0.09400891156562617	2.710274586689086e-12
0.0951789561234543	2.7196046960398035e-12
0.09635485090407148	2.7290207196564985e-12
0.09753662515859184	2.738523683661872e-12
0.0987243082843847	2.748114629617652e-12
0.09991792982580656	2.757794614805465e-12
0.10111751947493569	2.767564712513917e-12
0.10232310707231031	2.7774260123316784e-12
0.1035347226076718	2.7873796204468437e-12
0.10475239622071016	2.797426659952831e-12
0.10597615820181366	2.8075682711608465e-12
0.10720603899282274	2.8178056119190134e-12
0.10844206918778684	2.828139857938624e-12
0.10968427953372567	2.838572203127353e-12
0.1109327009313943	2.849103859929821e-12
0.11218736443605135	2.859736059675668e-12
0.11344830125823162	2.870470052935023e-12
0.11471554276452282	2.8813071098824814e-12
0.11598912047834534	2.892248520668227e-12
0.11726906608073695	2.9032955957979894e-12
0.11855541141114062	2.9144496665217806e-12
0.11984818846819621	2.925712085230167e-12
0.12114742941053713	2.9370842258608336e-12
0.12245316655758978	2.9485674843130468e-12
0.1237654323903777	2.9601632788726367e-12
0.12508425955232963	2.971873050645532e-12
0.12640968085009122	2.9836982640018604e-12
0.1277417292543416	2.9956404070299574e-12
0.1290804379006133	3.0077009920008197e-12
0.13042584009011637	3.0198815558428904e-12
0.1317779692905669	3.032183660628267e-12
0.13313685913701961	3.0446088940700594e-12
0.13450254343270476	3.0571588700306822e-12
0.13587505614986833	3.0698352290428e-12
0.13725443143061763	3.0826396388420348e-12
0.13864070358777073	3.0955737949120957e-12
0.14003390710570945	3.1086394210424683e-12
0.14143407664123803	3.1218382699003687e-12
0.1428412470244442	3.1351721236145947e-12
0.1442554532595664	3.148642794374545e-12
0.14567673052586416	3.162252125042897e-12
0.1471051141784935	3.176001989783113e-12
0.14854063974938603	3.1898942947017877e-12
0.149983342948133	3.203930978507049e-12
0.15143325966287374	3.218114013181636e-12
0.15289042596118813	3.2324454046739758e-12
0.15435487809099402	3.2469271936044445e-12
0.15582665248144906	3.2615614559900447e-12
0.1573057857438562	3.2763503039859807e-12
0.15879231467257537	3.2912958866462805e-12
0.16028627624593816	3.306400390702326e-12
0.16178770762716785	3.321666041361239e-12
0.16329664616530362	3.3370951031240475e-12
0.16481312939613008	3.352689880623827e-12
0.1663371950431107	3.368452719485414e-12
0.16786888101832628	3.384386007206135e-12
0.1694082254234178	3.4004921740591513e-12
0.1709552665505349	3.4167736940195273e-12
0.17251004288328747	3.4332330857135553e-12
0.17407259309770393	3.4498729133925786e-12
0.17564295606319252	3.4666957879317375e-12
0.17722117084350858	3.483704367854031e-12
0.17880727669772617	3.5009013603810372e-12
0.18040131308121476	3.518289522510631e-12
0.18200331964662084	3.535871662122878e-12
0.18361333624485401	3.5536506391145704e-12
0.18523140292607826	3.5716293665631344e-12
0.18685755994070874	3.5898108119219664e-12
0.1884918477404122	3.608197998246345e-12
0.19013430697911424	3.6267940054520803e-12
0.1917849785140098	3.645601971607688e-12
0.19344390340657974	3.664625094260993e-12
0.19511112292361268	3.683866631800923e-12
0.1967866785382308	3.703329904856483e-12
0.19847061193092203	3.723018297732401e-12
0.20016296499057665	3.742935259884982e-12
0.20186377981552947	3.763084307436637e-12
0.2035730987146071	3.783469024733055e-12
0.20529096420818022	3.804093065941716e-12
0.20701741902922113	3.8249601566956344e-12
0.20875250612436722	3.846074095781334e-12
0.210496268654989	3.867438756874241e-12
0.21224874999826396	3.8890580903223565e-12
0.21400999374825516	3.910936124979152e-12
0.21578004371699644	3.933076970088645e-12
0.21755894393558148	3.955484817223103e-12
0.2193467386552594	3.9781639422755576e-12
0.22114347234853576	4.001118707508875e-12
0.22294918971027836	4.024353563663084e-12
0.2247639356588297	4.04787305212366e-12
0.2265877553371239	4.071681807151393e-12
0.2284206941138094	4.09578455817651e-12
0.23026279758437848	4.120186132159979e-12
0.23211411157230027	4.144891456023001e-12
0.23397468213016168	4.169905559147887e-12
0.23584455554081238	4.195233575951192e-12
0.23772377831851643	4.220880748534348e-12
0.23961239721010893	4.246852429411429e-12
0.24151045919615952	4.273154084318366e-12
0.24341801149214037	4.299791295106333e-12
0.24533510154960114	4.326769762720956e-12
0.24726177705734917	4.3540953102722515e-12
0.24919808594263576	4.3817738861966384e-12
0.251144076372349	4.409811567515163e-12
0.2530997967542107	4.4382145631908785e-12
0.2550652957379817	4.4669892175898225e-12
0.2570406222166717	4.4961420140469726e-12
0.2590258253277551	4.5256795785437475e-12
0.26102095445439405	4.55560868349945e-12
0.2630260592266659	4.585936251679719e-12
0.2650411895227993	4.6166693602288896e-12
0.2670663954704134	4.647815244828331e-12
0.26910172744776534	4.6793813039859016e-12
0.27114723608500396	4.711375103462945e-12
0.27320297226542917	4.74380438083969e-12
0.27526898712675635	4.776677050230596e-12
0.27734533206239	4.810001207147922e-12
0.2794320587227019	4.8437851335246895e-12
0.2815292190163153	4.878037302899578e-12
0.2836368651113967	4.912766385771659e-12
0.28575504943695385	4.947981255130638e-12
0.28788382468413853	4.983690992168204e-12
0.29002324380755934	5.0199048921799945e-12
0.29217336002659705	5.056632470661939e-12
0.29433422682673016	5.093883469611771e-12
0.29650589796086374	5.131667864041303e-12
0.29868842745066804	5.169995868707591e-12
0.30088186958792124	5.208877945073996e-12
0.3030862789358609	5.248324808506678e-12
0.30530171033054027	5.288347435717446e-12
0.307528218882193	5.328957072463483e-12
0.30976585997660405	5.370165241512224e-12
0.312014689276487	5.411983750882997e-12
0.31427476272286925	5.454424702376066e-12
0.3165461365364837	5.497500500401608e-12
0.3188288672191662	5.541223861118493e-12
0.32112301155526213	5.585607821897659e-12
0.32342862661303834	5.630665751122484e-12
0.3257457697461036	5.676411358339194e-12
0.32807449859483384	5.722858704772317e-12
0.3304148710878078	5.7700222142214e-12
0.33276694544324686	5.817916684351971e-12
0.33513078017046305	5.866557298399748e-12
0.33750643407131514	5.915959637305035e-12
0.3398939662416715	5.9661396922935024e-12
0.3422934360728799	6.017113877924936e-12
0.34470490325324404	6.0688990456282155e-12
0.3471284277695101	6.12151249774369e-12
0.34956406990835764	6.174972002094385e-12
0.3520118902578995	6.229295807110374e-12
0.354471949709189	6.284502657528719e-12
0.3569443094577349	6.340611810694547e-12
0.3594290310050235	6.397643053490504e-12
0.3619261761600484	6.455616719921456e-12
0.3644358070408486	6.514553709383517e-12
0.36695798607605284	6.574475505649608e-12
0.36949277600643327	6.6354041966007116e-12
0.37204023988646523	6.697362494739515e-12
0.3746004410858973	6.760373758520098e-12
0.3771734432913268	6.82446201453243e-12
0.3797593105077832	6.889651980578217e-12
0.3823581070603219	6.955969089684099e-12
0.38496989759562367	7.023439515089042e-12
0.3875947470836016	7.0920901962588855e-12
0.3902327208190196	7.161948865969878e-12
0.3928838844231145	7.233044078515952e-12
0.39554830384522993	7.305405239090585e-12
0.3982260453644561	7.379062634401955e-12
0.4009171755912785	7.454047464577342e-12
0.40362176146923495	7.530391876422724e-12
0.40633987027658097	7.60812899810059e-12
0.4090715696279639	7.68729297529745e-12
0.4118169274761037	7.76791900895296e-12
0.4145760121134843	7.850043394628938e-12
0.4173488921740515	7.933703563599765e-12
0.4201356366349219	8.01893812575072e-12
0.42293631481809635	8.10578691437408e-12
0.4257509963921868	8.194291032960719e-12
0.42857975137414767	8.284492904091644e-12
0.43142265013101855	8.376436320528667e-12
0.43427976338167373	8.470166498630945e-12
0.43715116219858224	8.56573013420486e-12
0.44003691800957523	8.66317546092645e-12
0.44293710259962304	8.762552311462262e-12
0.4458517881126211	8.863912181440533e-12
0.44878104705318417	8.967308296416629e-12
0.45172495228844983	9.072795682000268e-12
0.45468357704989204	9.180431237311933e-12
0.4576569949351413	9.290273811950263e-12
0.46064527990981685	9.402384286663137e-12
0.4636485063093658	9.516825657928448e-12
0.4666667488409128	9.633663126657386e-12
0.4697000825851173	9.752964191255855e-12
0.4727485829980427	9.874798745285222e-12
0.47581232591303285	9.999239179985258e-12
0.478891387542598	1.012636049193592e-11
0.48198584448031084	1.0256240396154599e-11
0.4850957737027124	1.0388959444939426e-11
0.48822125257122595	1.0524601152798901e-11
0.49136235883408197	1.0663252127820165e-11
0.4945191706282523	1.080500220985905e-11
0.4976917664813935	1.094994461595714e-11
0.5008802253138004	1.1098176093417802e-11
0.5040846264403696	1.1249797081006047e-11
0.5073050495725715	1.1404911878763245e-11
0.5105415748204343	1.1563628826967074e-11
0.5137942826945365	1.17260604947982e-11
0.517063254108009	1.1892323879321298e-11
0.5203485703785492	1.2062540615420412e-11
0.5236503132304419	1.223683719738584e-11
0.5269685647965939	1.2415345212890315e-11
0.5303034076205766	1.2598201590146504e-11
0.5336549246586795	1.2785548859102993e-11
0.5370231992819728	1.2977535427585765e-11
0.5404083152783826	1.3174315873368563e-11
0.5438103568547747	1.3376051253225163e-11
0.5472294086390483	1.358290943009293e-11
0.5506655556822436	1.379506541956733e-11
0.5541188834606549	1.4012701757033353e-11
0.5575894778779582	1.4236008886844866e-11
0.5610774252673477	1.4465185575067063e-11
0.5645828123936844	1.4700439347421728e-11
0.5681057264556525	1.494198695419423e-11
0.5716462550879309	1.519005486400782e-11
0.5752044863633705	1.5444879788523047e-11
0.5787805087951873	1.5706709240280355e-11
0.5823744113391631	1.5975802126082872e-11
0.5859862833958588	1.6252429378531386e-11
0.5896162148128381	1.6536874628504438e-11
0.5932642958869024	1.6829434921652747e-11
0.5969306173663369	1.7130421482194683e-11
0.6006152704531684	1.7440160527610457e-11
0.6043183468054344	1.7758994138127446e-11
0.6080399385394615	1.808728118522636e-11
0.6117801382321587	1.842539832377261e-11
0.6155390389233192	1.877374105278997e-11
0.6193167341179359	1.9132724850332986e-11
0.6231133177885255	1.9502786388408792e-11
0.6269288843774683	1.9884384834459334e-11
0.6307635287993556	2.027800324649549e-11
0.6346173464433522	2.068415006965219e-11
0.6384904331755688	2.1103360742664268e-11
0.6423828853414466	2.1536199423577152e-11
0.6462947997681537	2.1983260844912605e-11
0.6502262737669944	2.244517230950493e-11
0.6541774051358293	2.292259583934506e-11
0.6581482921615082	2.3416230491010156e-11
0.6621390336223156	2.392681485263947e-11
0.6661497287904271	2.445512973896314e-11
0.6701804774343789	2.5002001102628117e-11
0.6742313798215507	2.5568303181993527e-11
0.6783025367206585	2.615496190775561e-11
0.682394049404262	2.6762958593206846e-11
0.6865060196512833	2.7393333935686853e-11
0.6906385497495399	2.8047192359905212e-11
0.6947917424982876	2.8725706737327146e-11
0.6989657012107791	2.943012351981037e-11
0.7031605297168331	3.0161768330205236e-11
0.7073763323654171	3.092205205779227e-11
0.7116132140272443	3.171247751229625e-11
0.7158712800973803	3.253464669695961e-11
0.7201506364978669	3.3390268768831344e-11
0.724451389680356	3.4281168763281924e-11
0.7287736466287575	3.5209297169941286e-11
0.7331175148619014	3.6176740458976346e-11
0.737483102436211	3.718573267025076e-11
0.7418705179483918	3.8238668193637335e-11
0.7462798705381338	3.933811588710153e-11
0.7507112698908246	4.0486834700548956e-11
0.7551648262402787	4.1687790998402687e-11
0.7596406503714802	4.294417780316391e-11
0.7641388536233378	4.4259436216639515e-11
0.7686595478914543	4.563727931605261e-11
0.7732028456309116	4.7081718870197e-11
0.777768859859066	4.859709527756224e-11
0.7823577041583611	5.0188111195784357e-11
0.7869694926791531	5.1859869412097185e-11
0.7916043401425489	5.3617915600385676e-11
0.7962623618432616	5.546828672522602e-11
0.8009436736524779	5.741756599111187e-11
0.8056483920207402	5.947294540088376e-11
0.8103766339808439	6.164229718735832e-11
0.8151285171507483	6.3934255623975e-11
0.8199041597365018	6.635831101331845e-11
0.8247036805351844	6.892491800844961e-11
0.8295271989378604	7.164562085533732e-11
0.8343748349325497	7.453319867368195e-11
0.8392467091072124	7.760183454015092e-11
0.8441429426527486	8.08673129306475e-11
0.8490636573660123	8.434725105148744e-11
0.8540089756528424	8.806137078685055e-11
0.8589790205311068	9.203181946614033e-11
0.8639739156337622	9.628354947822362e-11
0.868973915633762	1.0082611106165176e-10
0.8739739156337618	1.0568231698518584e-10
0.8789739156337616	1.1088259425593827e-10
0.8839739156337615	1.164613096835942e-10
0.8889739156337613	1.224573981432906e-10
0.893973915633761	1.2891510457449725e-10
0.8989739156337608	1.3588486180360962e-10
0.9039739156337606	1.4342433071896984e-10
0.9089739156337604	1.5159963468715019e-10
0.9139739156337602	1.604868265617526e-10
0.91897391563376	1.7017363442835828e-10
0.9239739156337599	1.8076154162795433e-10
0.9289739156337596	1.923682679390423e-10
0.9339739156337594	2.0513073247736084e-10
0.9389739156337592	2.1920859537818766e-10
0.943973915633759	2.3478849524432226e-10
0.9489739156337588	2.5208912338147383e-10
0.9539739156337586	2.713673048544808e-10
0.9589739156337583	2.929252914124421e-10
0.9639739156337582	3.1711951358985356e-10
0.968973915633758	3.443710902908574e-10
0.9739739156337578	3.751784557083712e-10
0.9789739156337576	4.101325376918386e-10
0.9839739156337574	4.4993501127256025e-10
0.9889739156337571	4.954202591308146e-10
0.9939739156337569	5.475818011307483e-10
0.9989739156337567	6.076041122039157e-10
1.0039739156337566	6.769009372932079e-10
1.0089739156337563	7.571614403258293e-10
1.0139739156337562	8.504057991191498e-10
1.0189739156337558	9.590521891321072e-10
1.0239739156337557	1.0859974972921988e-9
1.0289739156337556	1.2347145861593046e-9
1.0339739156337553	1.4093695044070557e-9
1.0389739156337552	1.6149627310074875e-9
1.0439739156337549	1.8574993701265664e-9
1.0489739156337547	2.1441942082557658e-9
1.0539739156337544	2.4837187359734593e-9
1.0589739156337543	2.8864986609605194e-9
1.0639739156337542	3.365072139812598e-9
1.0689739156337539	3.934520984324412e-9
1.0739739156337538	4.612989511854939e-9
1.0789739156337534	5.422308576639157e-9
1.0839739156337533	6.388745716760027e-9
1.088973915633753	7.543906367562175e-9
1.093973915633753	8.92581582503443e-9
1.0989739156337526	1.0580217201288171e-8
1.1039739156337525	1.2562127118159344e-8
1.1089739156337524	1.4937698462390234e-8
1.113973915633752	1.7786448311518368e-8
1.118973915633752	2.1203919270930873e-8
1.1239739156337516	2.53048540743208e-8
1.1289739156337515	3.022697651707532e-8
1.1339739156337512	3.613548672030865e-8
1.138973915633751	4.322839543637478e-8
1.143973915633751	5.174284063060988e-8
1.1489739156337506	6.196254986638002e-8
1.1539739156337505	7.422663394076944e-8
1.1589739156337502	8.89399204864226e-8
1.16397391563375	1.0658506038686774e-7
1.1689739156337497	1.2773666405976344e-7
1.1739739156337496	1.5307774769748526e-7
1.1789739156337493	1.8341878947603274e-7
1.1839739156337492	2.197197095879505e-7
1.187980436725312	2.5386660313460534e-7
1.1919869578168745	2.932417919921874e-7
1.1959934789084372	3.3861587549529115e-7
1.2	3.908658999434747e-7
