0.0006999999999999628	1.0806561580987174e-8
0.001403500000000035	1.0812714237345359e-8
0.0021105174999999296	1.0818904197997803e-8
0.0028210700874998964	1.0825131605456484e-8
0.003535175437937438	1.0831396723568212e-8
0.004252851315127062	1.083769981930715e-8
0.004974115571702636	1.0844041161805404e-8
0.005698986149561044	1.0850421022401128e-8
0.006427481080308875	1.0856839674686976e-8
0.007159618485710418	1.0863297394549632e-8
0.007895416578138905	1.0869794460209218e-8
0.008634893661029494	1.0876331152254006e-8
0.00937806812933463	1.0882907753673688e-8
0.010124958469981361	1.0889524549891686e-8
0.010875583262331262	1.0896181828797724e-8
0.01162996117864295	1.0902879880777188e-8
0.012388110984536127	1.0909618998743434e-8
0.013150051539458866	1.0916399478167678e-8
0.013915801797156208	1.0923221617110343e-8
0.014685380806142003	1.0930085716250244e-8
0.015458807710172712	1.0936992078916733e-8
0.01623610174872358	1.0943941011119858e-8
0.017017282257467212	1.0950932821581931e-8
0.017802368668754516	1.0957967821768015e-8
0.01859138051209827	1.0965046325918918e-8
0.019384337414658823	1.0972168651081665e-8
0.020181259101732015	1.0979335117143121e-8
0.020982165397240727	1.09865460468611e-8
0.02178707622422691	1.099380176589895e-8
0.02259601160534814	1.1001102602858073e-8
0.02340899166337483	1.1008448889310912e-8
0.024226036621691812	1.1015840959836427e-8
0.02504716680480027	1.1023279152054051e-8
0.025872402638824326	1.1030763806658816e-8
0.02670176465201842	1.1038295267456361e-8
0.02753527347527842	1.1045873881399719e-8
0.028372949842654864	1.1053499998624364e-8
0.0292148145918682	1.1061173972486434e-8
0.03006088866482743	1.1068896159599422e-8
0.03091119310815165	1.1076666919871342e-8
0.0317657490736924	1.1084486616544466e-8
0.03262457781906081	1.1092355616232564e-8
0.03348770070815601	1.1100274288961802e-8
0.034355139211696875	1.1108243008209436e-8
0.035226914907755424	1.1116262150944478e-8
0.03610304948229413	1.1124332097669515e-8
0.03698356472970569	1.1132453232461468e-8
0.03786848255335419	1.1140625943013442e-8
0.038757824966120964	1.1148850620678466e-8
0.03965161409095162	1.1157127660511694e-8
0.04054987216140643	1.116545746131608e-8
0.04145262152221345	1.1173840425684383e-8
0.04235988462982453	1.1182276960045976e-8
0.04327168405297366	1.1190767474713242e-8
0.0441880424732386	1.1199312383926524e-8
0.04510898268560485	1.1207912105901754e-8
0.046034527599032954	1.1216567062879019e-8
0.04696470023702812	1.1225277681170159e-8
0.04789952373821329	1.1234044391207938e-8
0.048839021356904266	1.1242867627597248e-8
0.04978321646368884	1.1251747829164082e-8
0.05073213254600732	1.1260685439007453e-8
0.05168579320873729	1.1269680904552592e-8
0.052644222174780875	1.1278734677602129e-8
0.05360744328565471	1.1287847214390821e-8
0.054575480502083065	1.1297018975639957e-8
0.055548357904593434	1.1306250426612145e-8
0.056526099694116344	1.1315542037168092e-8
0.0575087301925869	1.1324894281822534e-8
0.05849627384354973	1.1334307639803113e-8
0.05948875521276744	1.1343782595107937e-8
0.06048619898883127	1.1353319636566037e-8
0.061488629983775384	1.136291925789701e-8
0.06249607313369419	1.1372581957773265e-8
0.06350855349936275	1.1382308239881024e-8
0.06452609626685958	1.139209861298475e-8
0.06554872674819387	1.140195359098996e-8
0.06657647038193484	1.1411873693009534e-8
0.06760935273384447	1.1421859443429476e-8
0.06864739949751365	1.1431911371975762e-8
0.0696906364950013	1.144203001378296e-8
0.07073908967747639	1.1452215909462595e-8
0.07179278512586384	1.1462469605174458e-8
0.07285174905149322	1.1472791652697403e-8
0.0739160077967507	1.1483182609502101e-8
0.07498558783573436	1.1493643038824297e-8
0.07606051577491299	1.1504173509739865e-8
0.07714081835378758	1.1514774597240636e-8
0.07822652244555647	1.152544688231148e-8
0.07931765505778425	1.153619095200901e-8
0.0804142433330731	1.154700739954062e-8
0.08151631454973848	1.1557896824345036e-8
0.08262389612248718	1.1568859832176169e-8
0.0837370156030995	1.1579897035184118e-8
0.0848557006811149	1.1591009052001934e-8
0.0859799791845205	1.1602196507830715e-8
0.08710987908044313	1.161346003452711e-8
0.08824542847584534	1.1624800270692404e-8
0.08938665561822454	1.16362178617639e-8
0.09053358889631567	1.1647713460104228e-8
0.09168625684079722	1.1659287725097303e-8
0.09284468812500112	1.1670941323241317e-8
0.09400891156562617	1.1682674928246569e-8
0.0951789561234543	1.1694489221131623e-8
0.09635485090407148	1.1706384890324726e-8
0.09753662515859184	1.1718362631763637e-8
0.0987243082843847	1.1730423148999345e-8
0.09991792982580656	1.1742567153299724e-8
0.10111751947493569	1.1754795363757036e-8
0.10232310707231031	1.1767108507395255e-8
0.1035347226076718	1.1779507319279603e-8
0.10475239622071016	1.1791992542629142e-8
0.10597615820181366	1.1804564928929625e-8
0.10720603899282274	1.1817225238049456e-8
0.10844206918778684	1.1829974238357067e-8
0.10968427953372567	1.1842812706840521e-8
0.1109327009313943	1.1855741429228396e-8
0.11218736443605135	1.1868761200113731e-8
0.11344830125823162	1.1881872823079887e-8
0.11471554276452282	1.1895077110828083e-8
0.11598912047834534	1.1908374885307451e-8
0.11726906608073695	1.1921766977847216e-8
0.11855541141114062	1.1935254229291682e-8
0.11984818846819621	1.1948837490136034e-8
0.12114742941053713	1.196251762066709e-8
0.12245316655758978	1.1976295491103731e-8
0.1237654323903777	1.1990171981741638e-8
0.12508425955232963	1.20041479830998e-8
0.12640968085009122	1.201822439607e-8
0.1277417292543416	1.2032402132068599e-8
0.1290804379006133	1.2046682113190773e-8
0.13042584009011637	1.2061065272368694e-8
0.1317779692905669	1.2075552553530775e-8
0.13313685913701961	1.2090144911765237e-8
0.13450254343270476	1.210484331348596e-8
0.13587505614986833	1.2119648736601016e-8
0.13725443143061763	1.2134562170685465e-8
0.13864070358777073	1.2149584617155459e-8
0.14003390710570945	1.2164717089446963e-8
0.14143407664123803	1.2179960613197152e-8
0.1428412470244442	1.2195316226429401e-8
0.1442554532595664	1.221078497974148e-8
0.14567673052586416	1.2226367936496937e-8
0.1471051141784935	1.2242066173019944e-8
0.14854063974938603	1.2257880778794998e-8
0.149983342948133	1.2273812856668803e-8
0.15143325966287374	1.2289863523056843e-8
0.15289042596118813	1.2306033908152557e-8
0.15435487809099402	1.2322325156142954e-8
0.15582665248144906	1.2338738425424994e-8
0.1573057857438562	1.2355274888828885e-8
0.15879231467257537	1.2371935733843697e-8
0.16028627624593816	1.2388722162848587e-8
0.16178770762716785	1.2405635393347509e-8
0.16329664616530362	1.2422676658208853e-8
0.16481312939613008	1.2439847205909178e-8
0.1663371950431107	1.2457148300782582e-8
0.16786888101832628	1.2474581223273656e-8
0.1694082254234178	1.2492147270196697e-8
0.1709552665505349	1.2509847754998576e-8
0.17251004288328747	1.2527684008027159e-8
0.17407259309770393	1.2545657376806456e-8
0.17564295606319252	1.2563769226314374e-8
0.17722117084350858	1.2582020939268747e-8
0.17880727669772617	1.2600413916415843e-8
0.18040131308121476	1.2618949576828902e-8
0.18200331964662084	1.2637629358208236e-8
0.18361333624485401	1.26564547171896e-8
0.18523140292607826	1.267542712965897e-8
0.18685755994070874	1.2694548091072407e-8
0.1884918477404122	1.271381911678291e-8
0.19013430697911424	1.2733241742374724e-8
0.1917849785140098	1.275281752400236e-8
0.19344390340657974	1.2772548038738868e-8
0.19511112292361268	1.2792434884929243e-8
0.1967866785382308	1.281247968255306e-8
0.19847061193092203	1.2832684073592008e-8
0.20016296499057665	1.2853049722407584e-8
0.20186377981552947	1.2873578316125092e-8
0.2035730987146071	1.289427156502586e-8
0.20529096420818022	1.2915131202947887e-8
0.20701741902922113	1.2936158987694693e-8
0.20875250612436722	1.2957356701452568e-8
0.210496268654989	1.2978726151217735e-8
0.21224874999826396	1.3000269169230582e-8
0.21400999374825516	1.3021987613420776e-8
0.21578004371699644	1.3043883367861327e-8
0.21755894393558148	1.3065958343231411e-8
0.2193467386552594	1.308821447729163e-8
0.22114347234853576	1.3110653735366591e-8
0.22294918971027836	1.3133278110838984e-8
0.2247639356588297	1.31560896256561e-8
0.2265877553371239	1.3179090330844689e-8
0.2284206941138094	1.3202282307038052e-8
0.23026279758437848	1.3225667665016344e-8
0.23211411157230027	1.3249248546255443e-8
0.23397468213016168	1.3273027123491578e-8
0.23584455554081238	1.3297005601295305e-8
0.23772377831851643	1.3321186216660783e-8
0.23961239721010893	1.3345571239606733e-8
0.24151045919615952	1.3370162973791203e-8
0.24341801149214037	1.3394963757140244e-8
0.24533510154960114	1.3419975962491293e-8
0.24726177705734917	1.3445201998250059e-8
0.24919808594263576	1.3470644309063121e-8
0.251144076372349	1.3496305376506522e-8
0.2530997967542107	1.3522187719788796e-8
0.2550652957379817	1.3548293896470734e-8
0.2570406222166717	1.3574626503202823e-8
0.2590258253277551	1.3601188176477838e-8
0.26102095445439405	1.3627981593402845e-8
0.2630260592266659	1.3655009472488767e-8
0.2650411895227993	1.3682274574457486e-8
0.2670663954704134	1.3709779703069809e-8
0.26910172744776534	1.3737527705970884e-8
0.27114723608500396	1.3765521475557488e-8
0.27320297226542917	1.3793763949866734e-8
0.27526898712675635	1.3822258113483e-8
0.27734533206239	1.3851006998469651e-8
0.2794320587227019	1.3880013685321867e-8
0.2815292190163153	1.3909281303943585e-8
0.2836368651113967	1.3938813034646764e-8
0.28575504943695385	1.3968612109177026e-8
0.28788382468413853	1.3998681811763247e-8
0.29002324380755934	1.4029025480193581e-8
0.29217336002659705	1.4059646506917503e-8
0.29433422682673016	1.409054834017663e-8
0.29650589796086374	1.4121734485162671e-8
0.29868842745066804	1.415320850520521e-8
0.30088186958792124	1.4184974022988966e-8
0.3030862789358609	1.4217034721801986e-8
0.30530171033054027	1.4249394346816001e-8
0.307528218882193	1.428205670639943e-8
0.30976585997660405	1.4315025673464073e-8
0.312014689276487	1.4348305186845757e-8
0.31427476272286925	1.4381899252722519e-8
0.3165461365364837	1.4415811946067905e-8
0.3188288672191662	1.445004741214359e-8
0.32112301155526213	1.448460986803017e-8
0.32342862661303834	1.4519503604199542e-8
0.3257457697461036	1.4554732986127833e-8
0.32807449859483384	1.4590302455951693e-8
0.3304148710878078	1.4626216534169413e-8
0.33276694544324686	1.4662479821387264e-8
0.33513078017046305	1.4699097000112284e-8
0.33750643407131514	1.4736072836595478e-8
0.3398939662416715	1.4773412182723536e-8
0.3422934360728799	1.4811119977963528e-8
0.34470490325324404	1.4849201251360121e-8
0.3471284277695101	1.4887661123588961e-8
0.34956406990835764	1.492650480906645e-8
0.3520118902578995	1.4965737618118987e-8
0.354471949709189	1.500536495921149e-8
0.3569443094577349	1.5045392341241734e-8
0.3594290310050235	1.5085825375895293e-8
0.3619261761600484	1.5126669780073227e-8
0.3644358070408486	1.5167931378382616e-8
0.36695798607605284	1.520961610570444e-8
0.36949277600643327	1.5251730009832024e-8
0.37204023988646523	1.529427925418777e-8
0.3746004410858973	1.533727012061769e-8
0.3771734432913268	1.538070901226965e-8
0.3797593105077832	1.542460245655531e-8
0.3823581070603219	1.54689571081999e-8
0.38496989759562367	1.5513779752382427e-8
0.3875947470836016	1.55590773079713e-8
0.3902327208190196	1.5604856830855713e-8
0.3928838844231145	1.5651125517377153e-8
0.39554830384522993	1.5697890707867903e-8
0.3982260453644561	1.5745159890295503e-8
0.4009171755912785	1.5792940704019877e-8
0.40362176146923495	1.584124094366495e-8
0.40633987027658097	1.589006856311436e-8
0.4090715696279639	1.5939431679626027e-8
0.4118169274761037	1.598933857808164e-8
0.4145760121134843	1.603979771536594e-8
0.4173488921740515	1.609081772488801e-8
0.4201356366349219	1.614240742124363e-8
0.42293631481809635	1.6194575805030136e-8
0.4257509963921868	1.6247332067814728e-8
0.42857975137414767	1.6300685597264584e-8
0.43142265013101855	1.6354645982443458e-8
0.43427976338167373	1.6409223019283297e-8
0.43715116219858224	1.64644267162355e-8
0.44003691800957523	1.6520267300109247e-8
0.44293710259962304	1.657675522210559e-8
0.4458517881126211	1.663390116405349e-8
0.44878104705318417	1.6691716044855894e-8
0.45172495228844983	1.6750211027155346e-8
0.45468357704989204	1.680939752422709e-8
0.4576569949351413	1.6869287207108604e-8
0.46064527990981685	1.6929892011975334e-8
0.4636485063093658	1.699122414777382e-8
0.4666667488409128	1.705329610412073e-8
0.4697000825851173	1.7116120659479098e-8
0.4727485829980427	1.717971088962696e-8
0.47581232591303285	1.724408017642497e-8
0.478891387542598	1.7309242216897646e-8
0.48198584448031084	1.73752110326454e-8
0.4850957737027124	1.7442000979593185e-8
0.48822125257122595	1.7509626758101035e-8
0.49136235883408197	1.7578103423441326e-8
0.4945191706282523	1.7647446396663735e-8
0.4976917664813935	1.7717671475868167e-8
0.5008802253138004	1.778879484789675e-8
0.5040846264403696	1.7860833100466207e-8
0.5073050495725715	1.7933803234763966e-8
0.5105415748204343	1.8007722678521174e-8
0.5137942826945365	1.8082609299590794e-8
0.517063254108009	1.8158481420050958e-8
0.5203485703785492	1.823535783085765e-8
0.5236503132304419	1.831325780707092e-8
0.5269685647965939	1.8392201123684914e-8
0.5303034076205766	1.8472208072083822e-8
0.5336549246586795	1.8553299477161e-8
0.5370231992819728	1.8635496715122773e-8
0.5404083152783826	1.8718821732018985e-8
0.5438103568547747	1.8803297063031694e-8
0.5472294086390483	1.8888945852552436e-8
0.5506655556822436	1.8975791875097108e-8
0.5541188834606549	1.9063859557091855e-8
0.5575894778779582	1.915317399957469e-8
0.5610774252673477	1.924376100186069e-8
0.5645828123936844	1.933564708621353e-8
0.5681057264556525	1.942885952357886e-8
0.5716462550879309	1.9523426360434293e-8
0.5752044863633705	1.961937644680509e-8
0.5787805087951873	1.971673946551636e-8
0.5823744113391631	1.981554596273472e-8
0.5859862833958588	1.9915827379877967e-8
0.5896162148128381	2.0017616086954193e-8
0.5932642958869024	2.0120945417412623e-8
0.5969306173663369	2.0225849704586053e-8
0.6006152704531684	2.033236431980716e-8
0.6043183468054344	2.0440525712292387e-8
0.6080399385394615	2.055037145089088e-8
0.6117801382321587	2.0661940267796336e-8
0.6155390389233192	2.077527210433359e-8
0.6193167341179359	2.0890408158938898e-8
0.6231133177885255	2.1007390937451126e-8
0.6269288843774683	2.112626430584952e-8
0.6307635287993556	2.124707354557349e-8
0.6346173464433522	2.1369865411581937e-8
0.6384904331755688	2.149468819329915e-8
0.6423828853414466	2.162159177862885e-8
0.6462947997681537	2.1750627721203808e-8
0.6502262737669944	2.188184931108151e-8
0.6541774051358293	2.2015311649070097e-8
0.6581482921615082	2.2151071724927265e-8
0.6621390336223156	2.2289188499651288e-8
0.6661497287904271	2.2429722992118257e-8
0.6701804774343789	2.257273837033637e-8
0.6742313798215507	2.2718300047664064e-8
0.6783025367206585	2.2866475784155852e-8
0.682394049404262	2.3017335793506385e-8
0.6865060196512833	2.3170952855897714e-8
0.6906385497495399	2.332740243711315e-8
0.6947917424982876	2.3486762814414315e-8
0.6989657012107791	2.364911520950911e-8
0.7031605297168331	2.381454392909505e-8
0.7073763323654171	2.3983136513581607e-8
0.7116132140272443	2.4154983894471737e-8
0.7158712800973803	2.433018056099023e-8
0.7201506364978669	2.4508824736618108e-8
0.724451389680356	2.4691018566302033e-8
0.7287736466287575	2.4876868314839277e-8
0.7331175148619014	2.506648457747765e-8
0.737483102436211	2.5259982503509077e-8
0.7418705179483918	2.5457482033823196e-8
0.7462798705381338	2.565910815335777e-8
0.7507112698908246	2.5864991159680174e-8
0.7551648262402787	2.607526694877499e-8
0.7596406503714802	2.6290077319353256e-8
0.7641388536233378	2.6509570297156058e-8
0.7686595478914543	2.6733900480745495e-8
0.7732028456309116	2.696322941045351e-8
0.777768859859066	2.71977259624047e-8
0.7823577041583611	2.743756676948695e-8
0.7869694926791531	2.7682936671436684e-8
0.7916043401425489	2.7934029196589392e-8
0.7962623618432616	2.8191047077850622e-8
0.8009436736524779	2.845420280578702e-8
0.8056483920207402	2.8723719222049134e-8
0.8103766339808439	2.8999830156673428e-8
0.8151285171507483	2.9282781113198245e-8
0.8199041597365018	2.9572830005977344e-8
0.8247036805351844	2.987024795457154e-8
0.8295271989378604	3.0175320140691736e-8
0.8343748349325497	3.048834673384656e-8
0.8392467091072124	3.080964389264222e-8
0.8441429426527486	3.1139544849595586e-8
0.8490636573660123	3.1478401088436425e-8
0.8540089756528424	3.1826583624134964e-8
0.8589790205311068	3.218448439746007e-8
0.8639739156337622	3.255251779768311e-8
0.868973915633762	3.292960610451746e-8
0.8739739156337618	3.33156952962478e-8
0.8789739156337616	3.371111909896504e-8
0.8839739156337615	3.411622827385048e-8
0.8889739156337613	3.4531391814466584e-8
0.893973915633761	3.495699826712891e-8
0.8989739156337608	3.539345719442974e-8
0.9039739156337606	3.5841200805134854e-8
0.9089739156337604	3.630068577834764e-8
0.9139739156337602	3.6772395311940453e-8
0.91897391563376	3.7256841435591557e-8
0.9239739156337599	3.775456763519162e-8
0.9289739156337596	3.826615184371733e-8
0.9339739156337594	3.8792209866430403e-8
0.9389739156337592	3.9333399319293745e-8
0.943973915633759	3.989042418351169e-8
0.9489739156337588	4.046404008744806e-8
0.9539739156337586	4.105506046546772e-8
0.9589739156337583	4.1664363759900304e-8
0.9639739156337582	4.229290187836434e-8
0.968973915633758	4.294171015745539e-8
0.9739739156337578	4.3611919136671556e-8
0.9789739156337576	4.430476851452203e-8
0.9839739156337574	4.5021623731799984e-8
0.9889739156337571	4.5763995723733154e-8
0.9939739156337569	4.653356449631479e-8
0.9989739156337567	4.733220732014843e-8
1.0039739156337566	4.816203250239714e-8
1.0089739156337563	4.902541989968731e-8
1.0139739156337562	4.992506957960681e-8
1.0189739156337558	5.086406033454786e-8
1.0239739156337557	5.184592010955873e-8
1.0289739156337556	5.2874710838655046e-8
1.0339739156337553	5.3955130706897756e-8
1.0389739156337552	5.5092637487192244e-8
1.0439739156337549	5.629359736345725e-8
1.0489739156337547	5.7565464572517406e-8
1.0539739156337544	5.891699830795227e-8
1.0589739156337543	6.035852466913858e-8
1.0639739156337542	6.190225305430284e-8
1.0689739156337539	6.356265834357106e-8
1.0739739156337538	6.535694256371727e-8
1.0789739156337534	6.730559255106468e-8
1.0839739156337533	6.94330535289993e-8
1.088973915633753	7.176854260709048e-8
1.093973915633753	7.434703112795538e-8
1.0989739156337526	7.721043070039026e-8
1.1039739156337525	8.040902486029114e-8
1.1089739156337524	8.400319682924192e-8
1.113973915633752	8.806551407525894e-8
1.118973915633752	9.26832426549067e-8
1.1239739156337516	9.796137902906636e-8
1.1289739156337515	1.0402630466937735e-7
1.1339739156337512	1.1103018987122182e-7
1.138973915633751	1.1915629843071154e-7
1.143973915633751	1.2862537501961647e-7
1.1489739156337506	1.3970333314388547e-7
1.1539739156337505	1.5271050461064987e-7
1.1589739156337502	1.6803276277179148e-7
1.16397391563375	1.8613489301202668e-7
1.1689739156337497	2.075766568330645e-7
1.1739739156337496	2.330320825902443e-7
1.1789739156337493	2.633126189410142e-7
1.1839739156337492	2.9939490919548467e-7
1.187980436725312	3.332785365954542e-7
1.1919869578168745	3.72350919830053e-7
1.1959934789084372	4.1743802484890244e-7
1.2	4.6949778309460847e-7
