0.0006999999999999628	4.865976930321916e-12
0.001403500000000035	4.875233568883953e-12
0.0021105174999999296	4.884558369702394e-12
0.0028210700874998964	4.893951418707676e-12
0.003535175437937438	4.903413333731678e-12
0.004252851315127062	4.912944745681785e-12
0.004974115571702636	4.922546292354556e-12
0.005698986149561044	4.9322186185394865e-12
0.006427481080308875	4.941962376172775e-12
0.007159618485710418	4.951778224476935e-12
0.007895416578138905	4.9616668300927095e-12
0.008634893661029494	4.971628867207057e-12
0.00937806812933463	4.981665017676587e-12
0.010124958469981361	4.991775971152174e-12
0.010875583262331262	5.001962425200758e-12
0.01162996117864295	5.012225085428218e-12
0.012388110984536127	5.022564665602518e-12
0.013150051539458866	5.032981887776812e-12
0.013915801797156208	5.043477482414802e-12
0.014685380806142003	5.0540521885156816e-12
0.015458807710172712	5.064706753741623e-12
0.01623610174872358	5.07544193454565e-12
0.017017282257467212	5.086258496302318e-12
0.017802368668754516	5.0971572134389046e-12
0.01859138051209827	5.10813886956882e-12
0.019384337414658823	5.119204257627502e-12
0.020181259101732015	5.130354180009456e-12
0.020982165397240727	5.14158944870721e-12
0.02178707622422691	5.1529108854540384e-12
0.02259601160534814	5.164319321866422e-12
0.02340899166337483	5.175815599590835e-12
0.024226036621691812	5.187400570452288e-12
0.02504716680480027	5.199075096604236e-12
0.025872402638824326	5.2108400506829516e-12
0.02670176465201842	5.222696315962662e-12
0.02753527347527842	5.234644786514455e-12
0.028372949842654864	5.246686367366577e-12
0.0292148145918682	5.258821974669488e-12
0.03006088866482743	5.271052535861386e-12
0.03091119310815165	5.283378989838276e-12
0.0317657490736924	5.2958022871266275e-12
0.03262457781906081	5.308323390058016e-12
0.03348770070815601	5.32094327294838e-12
0.034355139211696875	5.3336629222793195e-12
0.035226914907755424	5.3464833368827164e-12
0.03610304948229413	5.359405528129064e-12
0.03698356472970569	5.372430520118543e-12
0.03786848255335419	5.385559349876117e-12
0.038757824966120964	5.398793067549412e-12
0.03965161409095162	5.412132736610708e-12
0.04054987216140643	5.425579434062254e-12
0.04145262152221345	5.439134250645517e-12
0.04235988462982453	5.452798291053661e-12
0.04327168405297366	5.466572674148494e-12
0.0441880424732386	5.480458533181252e-12
0.04510898268560485	5.494457016016499e-12
0.046034527599032954	5.508569285361781e-12
0.04696470023702812	5.522796518999986e-12
0.04789952373821329	5.537139910026572e-12
0.048839021356904266	5.551600667091317e-12
0.04978321646368884	5.566180014644147e-12
0.05073213254600732	5.580879193185428e-12
0.05168579320873729	5.595699459521841e-12
0.052644222174780875	5.610642087025773e-12
0.05360744328565471	5.625708365899927e-12
0.054575480502083065	5.640899603447802e-12
0.055548357904593434	5.6562171243473556e-12
0.056526099694116344	5.671662270932308e-12
0.0575087301925869	5.687236403476147e-12
0.05849627384354973	5.7029409004835315e-12
0.05948875521276744	5.718777158985849e-12
0.06048619898883127	5.7347465948438925e-12
0.061488629983775384	5.7508506430536315e-12
0.06249607313369419	5.767090758061596e-12
0.06350855349936275	5.783468414082879e-12
0.06452609626685958	5.799985105427218e-12
0.06554872674819387	5.81664234683044e-12
0.06657647038193484	5.833441673793215e-12
0.06760935273384447	5.850384642925184e-12
0.06864739949751365	5.86747283229677e-12
0.0696906364950013	5.8847078417973614e-12
0.07073908967747639	5.902091293500396e-12
0.07179278512586384	5.919624832036532e-12
0.07285174905149322	5.9373101249726376e-12
0.0739160077967507	5.955148863199008e-12
0.07498558783573436	5.973142761325246e-12
0.07606051577491299	5.991293558081752e-12
0.07714081835378758	6.009603016731039e-12
0.07822652244555647	6.028072925487076e-12
0.07931765505778425	6.046705097941534e-12
0.0804142433330731	6.0655013735006915e-12
0.08151631454973848	6.084463617829453e-12
0.08262389612248718	6.103593723304679e-12
0.0837370156030995	6.122893609478689e-12
0.0848557006811149	6.14236522355079e-12
0.0859799791845205	6.162010540849143e-12
0.08710987908044313	6.181831565322298e-12
0.08824542847584534	6.20183033004099e-12
0.08938665561822454	6.2220088977097415e-12
0.09053358889631567	6.242369361189005e-12
0.09168625684079722	6.262913844029398e-12
0.09284468812500112	6.2836445010147336e-12
0.09400891156562617	6.3045635187180766e-12
0.0951789561234543	6.325673116069014e-12
0.09635485090407148	6.346975544932059e-12
0.09753662515859184	6.36847309069812e-12
0.0987243082843847	6.390168072887535e-12
0.09991792982580656	6.412062845766906e-12
0.10111751947493569	6.434159798977556e-12
0.10232310707231031	6.4564613581780606e-12
0.1035347226076718	6.47896998570118e-12
0.10475239622071016	6.501688181223268e-12
0.10597615820181366	6.524618482449006e-12
0.10720603899282274	6.547763465810479e-12
0.10844206918778684	6.571125747181484e-12
0.10968427953372567	6.594707982607135e-12
0.1109327009313943	6.618512869049392e-12
0.11218736443605135	6.642543145148158e-12
0.11344830125823162	6.666801592000397e-12
0.11471554276452282	6.691291033954363e-12
0.11598912047834534	6.716014339422712e-12
0.11726906608073695	6.740974421712532e-12
0.11855541141114062	6.766174239875395e-12
0.11984818846819621	6.791616799573399e-12
0.12114742941053713	6.817305153966491e-12
0.12245316655758978	6.843242404619855e-12
0.1237654323903777	6.8694317024295e-12
0.12508425955232963	6.895876248570733e-12
0.12640968085009122	6.922579295466483e-12
0.1277417292543416	6.949544147778768e-12
0.1290804379006133	6.9767741634210656e-12
0.13042584009011637	7.004272754594521e-12
0.1317779692905669	7.032043388848243e-12
0.13313685913701961	7.060089590162784e-12
0.13450254343270476	7.088414940059083e-12
0.13587505614986833	7.117023078732401e-12
0.13725443143061763	7.145917706213238e-12
0.13864070358777073	7.175102583554484e-12
0.14003390710570945	7.204581534045539e-12
0.14143407664123803	7.234358444456539e-12
0.1428412470244442	7.264437266309826e-12
0.1442554532595664	7.294822017182202e-12
0.14567673052586416	7.325516782037263e-12
0.1471051141784935	7.35652571459019e-12
0.14854063974938603	7.387853038703304e-12
0.149983342948133	7.4195030498161e-12
0.15143325966287374	7.451480116408786e-12
0.15289042596118813	7.483788681501659e-12
0.15435487809099402	7.516433264188186e-12
0.15582665248144906	7.549418461208252e-12
0.1573057857438562	7.582748948556727e-12
0.15879231467257537	7.616429483132702e-12
0.16028627624593816	7.650464904427988e-12
0.16178770762716785	7.684860136256957e-12
0.16329664616530362	7.719620188529574e-12
0.16481312939613008	7.754750159066699e-12
0.1663371950431107	7.790255235460627e-12
0.16786888101832628	7.826140696983691e-12
0.1694082254234178	7.862411916540218e-12
0.1709552665505349	7.899074362670889e-12
0.17251004288328747	7.936133601605499e-12
0.17407259309770393	7.973595299368055e-12
0.17564295606319252	8.01146522393339e-12
0.17722117084350858	8.049749247440406e-12
0.17880727669772617	8.08845334846053e-12
0.18040131308121476	8.127583614323215e-12
0.18200331964662084	8.167146243502667e-12
0.18361333624485401	8.207147548063151e-12
0.18523140292607826	8.24759395617072e-12
0.18685755994070874	8.288492014667292e-12
0.1884918477404122	8.329848391711781e-12
0.19013430697911424	8.371669879491102e-12
0.1917849785140098	8.413963397000569e-12
0.19344390340657974	8.456735992899907e-12
0.19511112292361268	8.499994848439827e-12
0.1967866785382308	8.543747280470922e-12
0.19847061193092203	8.588000744529563e-12
0.20016296499057665	8.632762838005497e-12
0.20186377981552947	8.678041303396704e-12
0.2035730987146071	8.723844031648842e-12
0.20529096420818022	8.770179065586465e-12
0.20701741902922113	8.817054603435188e-12
0.20875250612436722	8.864479002442517e-12
0.210496268654989	8.912460782593102e-12
0.21224874999826396	8.961008630428845e-12
0.21400999374825516	9.010131402972835e-12
0.21578004371699644	9.059838131760832e-12
0.21755894393558148	9.11013802698608e-12
0.2193467386552594	9.1610404817553e-12
0.22114347234853576	9.212555076468726e-12
0.22294918971027836	9.264691583318991e-12
0.2247639356588297	9.317459970916561e-12
0.2265877553371239	9.370870409047395e-12
0.2284206941138094	9.424933273564333e-12
0.23026279758437848	9.479659151417913e-12
0.23211411157230027	9.535058845829736e-12
0.23397468213016168	9.591143381616538e-12
0.23584455554081238	9.647924010664352e-12
0.23772377831851643	9.705412217563278e-12
0.23961239721010893	9.763619725405529e-12
0.24151045919615952	9.822558501750587e-12
0.24341801149214037	9.882240764768318e-12
0.24533510154960114	9.942678989556743e-12
0.24726177705734917	1.0003885914654135e-11
0.24919808594263576	1.0065874548736934e-11
0.251144076372349	1.0128658177520258e-11
0.2530997967542107	1.019225037086442e-11
0.2550652957379817	1.0256664990094185e-11
0.2570406222166717	1.0321916195537932e-11
0.2590258253277551	1.0388018454295755e-11
0.26102095445439405	1.045498654824361e-11
0.2630260592266659	1.0522835582280659e-11
0.2650411895227993	1.059158099283083e-11
0.2670663954704134	1.0661238556604725e-11
0.26910172744776534	1.0731824399632403e-11
0.27114723608500396	1.0803355006578489e-11
0.27320297226542917	1.0875847230344007e-11
0.27526898712675635	1.0949318301973503e-11
0.27734533206239	1.1023785840869463e-11
0.2794320587227019	1.1099267865332536e-11
0.2815292190163153	1.1175782803434928e-11
0.2836368651113967	1.1253349504240433e-11
0.28575504943695385	1.1331987249383745e-11
0.28788382468413853	1.141171576502268e-11
0.29002324380755934	1.1492555234176386e-11
0.29217336002659705	1.1574526309463144e-11
0.29433422682673016	1.1657650126255086e-11
0.29650589796086374	1.1741948316262558e-11
0.29868842745066804	1.1827443021565671e-11
0.30088186958792124	1.191415690911033e-11
0.3030862789358609	1.2002113185685288e-11
0.30530171033054027	1.2091335613398403e-11
0.307528218882193	1.2181848525673907e-11
0.30976585997660405	1.2273676843783886e-11
0.312014689276487	1.2366846093945704e-11
0.31427476272286925	1.2461382424994832e-11
0.3165461365364837	1.2557312626665052e-11
0.3188288672191662	1.2654664148495527e-11
0.32112301155526213	1.2753465119388212e-11
0.32342862661303834	1.285374436784689e-11
0.3257457697461036	1.2955531442916617e-11
0.32807449859483384	1.3058856635860206e-11
0.3304148710878078	1.3163751002594824e-11
0.33276694544324686	1.3270246386922336e-11
0.33513078017046305	1.3378375444585154e-11
0.33750643407131514	1.348817166817985e-11
0.3398939662416715	1.3599669412966486e-11
0.3422934360728799	1.3712903923607156e-11
0.34470490325324404	1.3827911361874115e-11
0.3471284277695101	1.394472883536762e-11
0.34956406990835764	1.4063394427284246e-11
0.3520118902578995	1.4183947227282373e-11
0.354471949709189	1.4306427363488368e-11
0.3569443094577349	1.4430876035692451e-11
0.3594290310050235	1.4557335549787293e-11
0.3619261761600484	1.468584935349789e-11
0.3644358070408486	1.481646207346408e-11
0.36695798607605284	1.4949219553729516e-11
0.36949277600643327	1.5084168895698513e-11
0.37204023988646523	1.522135849963127e-11
0.3746004410858973	1.536083810773397e-11
0.3771734432913268	1.5502658848925983e-11
0.3797593105077832	1.5646873285349352e-11
0.3823581070603219	1.5793535460705283e-11
0.38496989759562367	1.5942700950494436e-11
0.3875947470836016	1.6094426914250738e-11
0.3902327208190196	1.624877214985771e-11
0.3928838844231145	1.6405797150041993e-11
0.39554830384522993	1.6565564161145532e-11
0.3982260453644561	1.6728137244280452e-11
0.4009171755912785	1.689358233897715e-11
0.40362176146923495	1.7061967329444475e-11
0.40633987027658097	1.7233362113560056e-11
0.4090715696279639	1.7407838674725277e-11
0.4118169274761037	1.7585471156716292e-11
0.4145760121134843	1.7766335941678524e-11
0.4173488921740515	1.7950511731411326e-11
0.4201356366349219	1.813807963210657e-11
0.42293631481809635	1.8329123242704728e-11
0.4257509963921868	1.852372874704886e-11
0.42857975137414767	1.8721985010023348e-11
0.43142265013101855	1.892398367787042e-11
0.43427976338167373	1.9129819282898266e-11
0.43715116219858224	1.9339589352800554e-11
0.44003691800957523	1.9553394524811894e-11
0.44293710259962304	1.9771338664956116e-11
0.4458517881126211	1.9993528992640253e-11
0.44878104705318417	2.02200762108696e-11
0.45172495228844983	2.0451094642376482e-11
0.45468357704989204	2.0686702371969988e-11
0.4576569949351413	2.092702139543037e-11
0.46064527990981685	2.1172177775294874e-11
0.4636485063093658	2.1422301803901016e-11
0.4666667488409128	2.1677528174072832e-11
0.4697000825851173	2.1937996157862234e-11
0.4727485829980427	2.2203849793778543e-11
0.47581232591303285	2.247523808297183e-11
0.478891387542598	2.2752315194859555e-11
0.48198584448031084	2.3035240682714767e-11
0.4850957737027124	2.3324179709772253e-11
0.48822125257122595	2.361930328643842e-11
0.49136235883408197	2.3920788519231554e-11
0.4945191706282523	2.4228818872118313e-11
0.4976917664813935	2.4543584440946253e-11
0.5008802253138004	2.4865282241739373e-11
0.5040846264403696	2.5194116513641498e-11
0.5073050495725715	2.5530299037376543e-11
0.5105415748204343	2.5874049470125605e-11
0.5137942826945365	2.622559569779406e-11
0.517063254108009	2.6585174205711047e-11
0.5203485703785492	2.6953030468853447e-11
0.5236503132304419	2.7329419362783566e-11
0.5269685647965939	2.7714605596559856e-11
0.5303034076205766	2.8108864168961528e-11
0.5336549246586795	2.851248084947442e-11
0.5370231992819728	2.892575268557531e-11
0.5404083152783826	2.934898853796167e-11
0.5438103568547747	2.978250964549573e-11
0.5472294086390483	3.022665022175365e-11
0.5506655556822436	3.068175808520466e-11
0.5541188834606549	3.11481953252008e-11
0.5575894778779582	3.162633900610625e-11
0.5610774252673477	3.211658191207169e-11
0.5645828123936844	3.261933333514955e-11
0.5681057264556525	3.313501990964423e-11
0.5716462550879309	3.366408649579941e-11
0.5752044863633705	3.420699711618584e-11
0.5787805087951873	3.4764235948386386e-11
0.5823744113391631	3.5336308377870326e-11
0.5859862833958588	3.592374211523833e-11
0.5896162148128381	3.6527088382367555e-11
0.5932642958869024	3.71469231723288e-11
0.5969306173663369	3.778384858835709e-11
0.6006152704531684	3.843849426755675e-11
0.6043183468054344	3.911151889552574e-11
0.6080399385394615	3.9803611818557046e-11
0.6117801382321587	4.051549476065544e-11
0.6155390389233192	4.124792365319967e-11
0.6193167341179359	4.200169058576033e-11
0.6231133177885255	4.2777625887313967e-11
0.6269288843774683	4.357660034786217e-11
0.6307635287993556	4.439952759140375e-11
0.6346173464433522	4.524736661211913e-11
0.6384904331755688	4.612112448671497e-11
0.6423828853414466	4.702185927705937e-11
0.6462947997681537	4.7950683138493764e-11
0.6502262737669944	4.890876565068729e-11
0.6541774051358293	4.989733738942099e-11
0.6581482921615082	5.0917693759484484e-11
0.6621390336223156	5.1971199110775016e-11
0.6661497287904271	5.305929116183899e-11
0.6701804774343789	5.418348575750466e-11
0.6742313798215507	5.534538198989599e-11
0.6783025367206585	5.654666771508211e-11
0.682394049404262	5.7789125500932644e-11
0.6865060196512833	5.907463904546035e-11
0.6906385497495399	6.040520010905378e-11
0.6947917424982876	6.17829160086927e-11
0.6989657012107791	6.321001772744445e-11
0.7031605297168331	6.468886869845419e-11
0.7073763323654171	6.622197432930527e-11
0.7116132140272443	6.781199234013414e-11
0.7158712800973803	6.946174399745542e-11
0.7201506364978669	7.117422633532232e-11
0.724451389680356	7.295262546651246e-11
0.7287736466287575	7.480033109904672e-11
0.7331175148619014	7.672095238772799e-11
0.737483102436211	7.871833526699724e-11
0.7418705179483918	8.07965814303542e-11
0.7462798705381338	8.29600691435843e-11
0.7507112698908246	8.521347610432795e-11
0.7551648262402787	8.756180458995173e-11
0.7596406503714802	9.001040916976684e-11
0.7641388536233378	9.256502729747651e-11
0.7686595478914543	9.523181314620024e-11
0.7732028456309116	9.801737510290081e-11
0.777768859859066	1.0092881740310383e-10
0.7823577041583611	1.0397378646225584e-10
0.7869694926791531	1.0716052254926614e-10
0.7916043401425489	1.1049791755352448e-10
0.7962623618432616	1.1399557972238314e-10
0.8009436736524779	1.1766390639590222e-10
0.8056483920207402	1.215141659447234e-10
0.8103766339808439	1.2555859033166068e-10
0.8151285171507483	1.2981047997547847e-10
0.8199041597365018	1.3428432290632696e-10
0.8247036805351844	1.3899593057782991e-10
0.8295271989378604	1.4396259315592003e-10
0.8343748349325497	1.492032576568646e-10
0.8392467091072124	1.5473873297979887e-10
0.8441429426527486	1.6059192669950174e-10
0.8490636573660123	1.667881194892234e-10
0.8540089756528424	1.733552842737413e-10
0.8589790205311068	1.8032445872465398e-10
0.8639739156337622	1.8773018157115436e-10
0.868973915633762	1.9557890137534227e-10
0.8739739156337618	2.0389894928206447e-10
0.8789739156337616	2.1273000412134285e-10
0.8839739156337615	2.2211631033668245e-10
0.8889739156337613	2.3210735155762974e-10
0.893973915633761	2.4275864099980125e-10
0.8989739156337608	2.5413265091072415e-10
0.9039739156337606	2.6629990769639005e-10
0.9089739156337604	2.7934028469670665e-10
0.9139739156337602	2.933445310044465e-10
0.91897391563376	3.084160824664341e-10
0.9239739156337599	3.2467321034241933e-10
0.9289739156337596	3.422515743549446e-10
0.9339739156337594	3.6130726044186387e-10
0.9389739156337592	3.8202039990295637e-10
0.943973915633759	4.045994863945137e-10
0.9489739156337588	4.2928653107267145e-10
0.9539739156337586	4.5636322496452735e-10
0.9589739156337583	4.861583123781787e-10
0.9639739156337582	5.190564210828849e-10
0.968973915633758	5.555086455864895e-10
0.9739739156337578	5.960452409047474e-10
0.9789739156337576	6.412908579202463e-10
0.9839739156337574	6.919828403759448e-10
0.9889739156337571	7.489932108822447e-10
0.9939739156337569	8.13355102819914e-10
0.9989739156337567	8.862945512478555e-10
1.0039739156337566	9.692687443487506e-10
1.0089739156337563	1.0640120641480992e-9
1.0139739156337562	1.1725915191221198e-9
1.0189739156337558	1.297473501344866e-9
1.0239739156337557	1.4416041983724543e-9
1.0289739156337556	1.6085064687136746e-9
1.0339739156337553	1.8023965657370965e-9
1.0389739156337552	2.0283247876060726e-9
1.0439739156337549	2.2923449634019607e-9
1.0489739156337547	2.6017186854563843e-9
1.0539739156337544	2.965161397618023e-9
1.0589739156337543	3.3931388872477843e-9
1.0639739156337542	3.898224450582842e-9
1.0689739156337539	4.495529060093895e-9
1.0739739156337538	5.203219321028065e-9
1.0789739156337534	6.0431409351922885e-9
1.0839739156337533	7.041568877424832e-9
1.088973915633753	8.230109630998574e-9
1.093973915633753	9.646785733114612e-9
1.0989739156337526	1.1337338675876697e-8
1.1039739156337525	1.3356793032012952e-8
1.1089739156337524	1.577133268320234e-8
1.113973915633752	1.866054939115681e-8
1.118973915633752	2.212013484813217e-8
1.1239739156337516	2.626509996278352e-8
1.1289739156337515	3.1233619670090214e-8
1.1339739156337512	3.7191618185456604e-8
1.138973915633751	4.433822852177247e-8
1.143973915633751	5.2912281391496714e-8
1.1489739156337506	6.320000241062184e-8
1.1539739156337505	7.554412281751693e-8
1.1589739156337502	9.035463761207508e-8
1.16397391563375	1.0812147583442396e-7
1.1689739156337497	1.2942938010685783e-7
1.1739739156337496	1.5497532563968096e-7
1.1789739156337493	1.8558884114044652e-7
1.1839739156337492	2.2225562306327184e-7
1.187980436725312	2.567860485787974e-7
1.1919869578168745	2.966497132623559e-7
1.1959934789084372	3.426460386227133e-7
1.2	3.956880405372086e-7
