0.0006999999999999628	1.4711707230372278e-10
0.001403500000000035	1.4730404047570876e-10
0.0021105174999999296	1.4749226876206262e-10
0.0028210700874998964	1.476817642439885e-10
0.003535175437937438	1.4787253731836206e-10
0.004252851315127062	1.4806459851504484e-10
0.004974115571702636	1.482579584656852e-10
0.005698986149561044	1.484526279061094e-10
0.006427481080308875	1.4864861767861644e-10
0.007159618485710418	1.4884593873403238e-10
0.007895416578138905	1.4904460213361303e-10
0.008634893661029494	1.4924461905082594e-10
0.00937806812933463	1.4944600077310076e-10
0.010124958469981361	1.49648758703519e-10
0.010875583262331262	1.4985290436249324e-10
0.01162996117864295	1.5005844938943226e-10
0.012388110984536127	1.5026540554440198e-10
0.013150051539458866	1.5047378470979617e-10
0.013915801797156208	1.5068359889200987e-10
0.014685380806142003	1.5089486022312868e-10
0.015458807710172712	1.5110758096263026e-10
0.01623610174872358	1.513217734991135e-10
0.017017282257467212	1.5153745035201445e-10
0.017802368668754516	1.5175462417339497e-10
0.01859138051209827	1.51973307749688e-10
0.019384337414658823	1.521935140035331e-10
0.020181259101732015	1.5241525599558606e-10
0.020982165397240727	1.5263854692636952e-10
0.02178707622422691	1.5286340013816085e-10
0.02259601160534814	1.530898291168938e-10
0.02340899166337483	1.5331784749406293e-10
0.024226036621691812	1.5354746904873206e-10
0.02504716680480027	1.5377870770947198e-10
0.025872402638824326	1.5401157755641254e-10
0.02670176465201842	1.5424609282327314e-10
0.02753527347527842	1.5448226789943842e-10
0.028372949842654864	1.5472011733208775e-10
0.0292148145918682	1.5495965582830433e-10
0.03006088866482743	1.5520089825729373e-10
0.03091119310815165	1.5544385965254515e-10
0.0317657490736924	1.5568855521412046e-10
0.03262457781906081	1.5593500031089143e-10
0.03348770070815601	1.5618321048289367e-10
0.034355139211696875	1.5643320144364318e-10
0.035226914907755424	1.5668498908254546e-10
0.03610304948229413	1.569385894673165e-10
0.03698356472970569	1.5719401884645147e-10
0.03786848255335419	1.5745129365172377e-10
0.038757824966120964	1.5771043050073174e-10
0.03965161409095162	1.579714461995017e-10
0.04054987216140643	1.582343577450874e-10
0.04145262152221345	1.5849918232828278e-10
0.04235988462982453	1.58765937336295e-10
0.04327168405297366	1.5903464035552679e-10
0.0441880424732386	1.5930530917438727e-10
0.04510898268560485	1.595779617861416e-10
0.046034527599032954	1.5985261639180126e-10
0.04696470023702812	1.6012929140308044e-10
0.04789952373821329	1.6040800544539385e-10
0.048839021356904266	1.6068877736090826e-10
0.04978321646368884	1.609716262116225e-10
0.05073213254600732	1.6125657128255198e-10
0.05168579320873729	1.6154363208489445e-10
0.052644222174780875	1.6183282835932085e-10
0.05360744328565471	1.6212418007928034e-10
0.054575480502083065	1.6241770745435004e-10
0.055548357904593434	1.6271343093369568e-10
0.056526099694116344	1.6301137120953908e-10
0.0575087301925869	1.6331154922070242e-10
0.05849627384354973	1.6361398615623325e-10
0.05948875521276744	1.639187034590685e-10
0.06048619898883127	1.6422572282974638e-10
0.061488629983775384	1.6453506623023307e-10
0.06249607313369419	1.6484675588777922e-10
0.06350855349936275	1.6516081429885275e-10
0.06452609626685958	1.6547726423312488e-10
0.06554872674819387	1.657961287375671e-10
0.06657647038193484	1.6611743114057747e-10
0.06760935273384447	1.66441195056201e-10
0.06864739949751365	1.667674443884232e-10
0.0696906364950013	1.6709620333552685e-10
0.07073908967747639	1.6742749639456136e-10
0.07179278512586384	1.677613483658345e-10
0.07285174905149322	1.6809778435753275e-10
0.0739160077967507	1.6843682979042548e-10
0.07498558783573436	1.6877851040261648e-10
0.07606051577491299	1.6912285225439986e-10
0.07714081835378758	1.6946988173322167e-10
0.07822652244555647	1.698196255587038e-10
0.07931765505778425	1.7017211078778757e-10
0.0804142433330731	1.705273648199335e-10
0.08151631454973848	1.708854154024515e-10
0.08262389612248718	1.7124629063591324e-10
0.0837370156030995	1.71610018979669e-10
0.0848557006811149	1.719766292574624e-10
0.0859799791845205	1.72346150663141e-10
0.08710987908044313	1.727186127664992e-10
0.08824542847584534	1.7309404551919516e-10
0.08938665561822454	1.734724792608115e-10
0.09053358889631567	1.7385394472500096e-10
0.09168625684079722	1.7423847304576586e-10
0.09284468812500112	1.7462609576385735e-10
0.09400891156562617	1.7501684483327556e-10
0.0951789561234543	1.7541075262790894e-10
0.09635485090407148	1.7580785194830187e-10
0.09753662515859184	1.7620817602853748e-10
0.0987243082843847	1.7661175854327668e-10
0.09991792982580656	1.7701863361488632e-10
0.10111751947493569	1.774288358207587e-10
0.10232310707231031	1.778424002007379e-10
0.1035347226076718	1.7825936226469228e-10
0.10475239622071016	1.7867975800024727e-10
0.10597615820181366	1.791036238806629e-10
0.10720603899282274	1.7953099687285218e-10
0.10844206918778684	1.7996191444557435e-10
0.10968427953372567	1.803964145777774e-10
0.1109327009313943	1.8083453576712024e-10
0.11218736443605135	1.812763170386299e-10
0.11344830125823162	1.8172179795356483e-10
0.11471554276452282	1.821710186184367e-10
0.11598912047834534	1.8262401969422215e-10
0.11726906608073695	1.8308084240573445e-10
0.11855541141114062	1.835415285512165e-10
0.11984818846819621	1.840061205121114e-10
0.12114742941053713	1.844746612630073e-10
0.12245316655758978	1.8494719438182472e-10
0.1237654323903777	1.8542376406018023e-10
0.12508425955232963	1.8590441511396853e-10
0.12640968085009122	1.8638919299416867e-10
0.1277417292543416	1.8687814379785716e-10
0.1290804379006133	1.8737131427945552e-10
0.13042584009011637	1.8786875186222203e-10
0.1317779692905669	1.883705046499327e-10
0.13313685913701961	1.888766214388805e-10
0.13450254343270476	1.8938715173004326e-10
0.13587505614986833	1.899021457415674e-10
0.13725443143061763	1.9042165442147332e-10
0.13864070358777073	1.909457294606559e-10
0.14003390710570945	1.91474423306131e-10
0.14143407664123803	1.9200778917458164e-10
0.1428412470244442	1.925458810661833e-10
0.1442554532595664	1.9308875377871646e-10
0.14567673052586416	1.9363646292200092e-10
0.1471051141784935	1.9418906493262495e-10
0.14854063974938603	1.947466170889558e-10
0.149983342948133	1.9530917752655294e-10
0.15143325966287374	1.9587680525383558e-10
0.15289042596118813	1.9644956016814212e-10
0.15435487809099402	1.9702750307210707e-10
0.15582665248144906	1.9761069569039459e-10
0.1573057857438562	1.9819920068683112e-10
0.15879231467257537	1.9879308168188505e-10
0.16028627624593816	1.993924032705163e-10
0.16178770762716785	1.999972310404734e-10
0.16329664616530362	2.0060763159094484e-10
0.16481312939613008	2.012236725516351e-10
0.1663371950431107	2.018454226023047e-10
0.16786888101832628	2.0247295149267004e-10
0.1694082254234178	2.0310633006285332e-10
0.1709552665505349	2.037456302641993e-10
0.17251004288328747	2.0439092518059732e-10
0.17407259309770393	2.0504228905031687e-10
0.17564295606319252	2.056997972882848e-10
0.17722117084350858	2.0636352650892401e-10
0.17880727669772617	2.0703355454947205e-10
0.18040131308121476	2.0770996049385836e-10
0.18200331964662084	2.0839282469712778e-10
0.18361333624485401	2.0908222881045764e-10
0.18523140292607826	2.097782558066729e-10
0.18685755994070874	2.1048099000645518e-10
0.1884918477404122	2.111905171051185e-10
0.19013430697911424	2.1190692420000119e-10
0.1917849785140098	2.1263029981851457e-10
0.19344390340657974	2.1336073394689456e-10
0.19511112292361268	2.1409831805955785e-10
0.1967866785382308	2.1484314514922408e-10
0.19847061193092203	2.1559530975772206e-10
0.20016296499057665	2.163549080075491e-10
0.20186377981552947	2.171220376341976e-10
0.2035730987146071	2.1789679801923626e-10
0.20529096420818022	2.186792902242142e-10
0.20701741902922113	2.1946961702538814e-10
0.20875250612436722	2.202678829492916e-10
0.210496268654989	2.2107419430918108e-10
0.21224874999826396	2.2188865924238003e-10
0.21400999374825516	2.2271138774853358e-10
0.21578004371699644	2.2354249172882543e-10
0.21755894393558148	2.2438208502616653e-10
0.2193467386552594	2.2523028346638097e-10
0.22114347234853576	2.2608720490044313e-10
0.22294918971027836	2.2695296924773938e-10
0.2247639356588297	2.2782769854047465e-10
0.2265877553371239	2.2871151696916252e-10
0.2284206941138094	2.2960455092927584e-10
0.23026279758437848	2.3050692906912918e-10
0.23211411157230027	2.314187823389469e-10
0.23397468213016168	2.3234024404120187e-10
0.23584455554081238	2.3327144988226693e-10
0.23772377831851643	2.3421253802541824e-10
0.23961239721010893	2.351636491451786e-10
0.24151045919615952	2.3612492648312225e-10
0.24341801149214037	2.3709651590512137e-10
0.24533510154960114	2.380785659601062e-10
0.24726177705734917	2.390712279403994e-10
0.24919808594263576	2.4007465594360327e-10
0.251144076372349	2.410890069362194e-10
0.2530997967542107	2.4211444081887265e-10
0.2550652957379817	2.4315112049337814e-10
0.2570406222166717	2.441992119315528e-10
0.2590258253277551	2.4525888424593686e-10
0.26102095445439405	2.4633030976242835e-10
0.2630260592266659	2.474136640948697e-10
0.2650411895227993	2.4850912622175205e-10
0.2670663954704134	2.496168785649373e-10
0.26910172744776534	2.507371070706547e-10
0.27114723608500396	2.518700012926897e-10
0.27320297226542917	2.5301575447789733e-10
0.27526898712675635	2.541745636541434e-10
0.27734533206239	2.553466297206828e-10
0.2794320587227019	2.5653215754111397e-10
0.2815292190163153	2.5773135603896877e-10
0.2836368651113967	2.5894443829601716e-10
0.28575504943695385	2.601716216533858e-10
0.28788382468413853	2.6141312781560074e-10
0.29002324380755934	2.6266918295761494e-10
0.29217336002659705	2.6394001783493323e-10
0.29433422682673016	2.6522586789699543e-10
0.29650589796086374	2.6652697340377683e-10
0.29868842745066804	2.678435795459248e-10
0.30088186958792124	2.6917593656835365e-10
0.3030862789358609	2.705242998975582e-10
0.30530171033054027	2.718889302726838e-10
0.307528218882193	2.732700938805334e-10
0.30976585997660405	2.746680624946293e-10
0.312014689276487	2.760831136184595e-10
0.31427476272286925	2.775155306330745e-10
0.3165461365364837	2.7896560294917047e-10
0.3188288672191662	2.804336261638401e-10
0.32112301155526213	2.819199022221378e-10
0.32342862661303834	2.8342473958360484e-10
0.3257457697461036	2.8494845339399046e-10
0.32807449859483384	2.864913656623115e-10
0.3304148710878078	2.8805380544347184e-10
0.33276694544324686	2.8963610902660134e-10
0.33513078017046305	2.9123862012933385e-10
0.33750643407131514	2.928616900983233e-10
0.3398939662416715	2.945056781160684e-10
0.3422934360728799	2.96170951414451e-10
0.34470490325324404	2.9785788549507745e-10
0.3471284277695101	2.9956686435681773e-10
0.34956406990835764	3.0129828073070077e-10
0.3520118902578995	3.030525363224967e-10
0.354471949709189	3.0483004206331383e-10
0.3569443094577349	3.0663121836838646e-10
0.3594290310050235	3.084564954045049e-10
0.3619261761600484	3.103063133663704e-10
0.3644358070408486	3.1218112276216046e-10
0.36695798607605284	3.140813847087471e-10
0.36949277600643327	3.1600757123692505e-10
0.37204023988646523	3.179601656069614e-10
0.3746004410858973	3.1993966263500304e-10
0.3771734432913268	3.21946569030673e-10
0.3797593105077832	3.239814037463198e-10
0.3823581070603219	3.260446983384234e-10
0.38496989759562367	3.281369973416057e-10
0.3875947470836016	3.302588586557649e-10
0.3902327208190196	3.32410853946871e-10
0.3928838844231145	3.3459356906198433e-10
0.39554830384522993	3.3680760445905384e-10
0.3982260453644561	3.3905357565215456e-10
0.4009171755912785	3.413321136727671e-10
0.40362176146923495	3.4364386554771993e-10
0.40633987027658097	3.4598949479465984e-10
0.4090715696279639	3.4836968193553447e-10
0.4118169274761037	3.50785125029134e-10
0.4145760121134843	3.5323654022326246e-10
0.4173488921740515	3.557246623275075e-10
0.4201356366349219	3.582502454075011e-10
0.42293631481809635	3.6081406340150566e-10
0.4257509963921868	3.634169107604221e-10
0.42857975137414767	3.660596031121643e-10
0.43142265013101855	3.687429779514606e-10
0.43427976338167373	3.7146789535632526e-10
0.43715116219858224	3.742352387322147e-10
0.44003691800957523	3.7704591558527977e-10
0.44293710259962304	3.7990085832589176e-10
0.4458517881126211	3.8280102510392007e-10
0.44878104705318417	3.8574740067717325e-10
0.45172495228844983	3.887409973144101e-10
0.45468357704989204	3.917828557347951e-10
0.4576569949351413	3.948740460852057e-10
0.46064527990981685	3.9801566895730837e-10
0.4636485063093658	4.0120885644623485e-10
0.4666667488409128	4.0445477325289514e-10
0.4697000825851173	4.0775461783185236e-10
0.4727485829980427	4.111096235871318e-10
0.47581232591303285	4.145210601181209e-10
0.478891387542598	4.1799023451810007e-10
0.48198584448031084	4.2151849272791355e-10
0.4850957737027124	4.2510722094748324e-10
0.48822125257122595	4.287578471080998e-10
0.49136235883408197	4.324718424084172e-10
0.4945191706282523	4.3625072291745115e-10
0.4976917664813935	4.400960512478495e-10
0.5008802253138004	4.4400943830314e-10
0.5040846264403696	4.479925451025737e-10
0.5073050495725715	4.520470846876753e-10
0.5105415748204343	4.561748241147684e-10
0.5137942826945365	4.6037758653775974e-10
0.517063254108009	4.646572533862038e-10
0.5203485703785492	4.690157666434309e-10
0.5236503132304419	4.734551312302429e-10
0.5269685647965939	4.779774174997685e-10
0.5303034076205766	4.825847638494484e-10
0.5336549246586795	4.872793794566077e-10
0.5370231992819728	4.92063547144298e-10
0.5404083152783826	4.9693962638469e-10
0.5438103568547747	5.019100564475155e-10
0.5472294086390483	5.069773597019041e-10
0.5506655556822436	5.121441450799533e-10
0.5541188834606549	5.174131117115888e-10
0.5575894778779582	5.22787052740125e-10
0.5610774252673477	5.282688593293351e-10
0.5645828123936844	5.338615248727908e-10
0.5681057264556525	5.395681494176295e-10
0.5716462550879309	5.453919443151194e-10
0.5752044863633705	5.513362371117497e-10
0.5787805087951873	5.574044766950697e-10
0.5823744113391631	5.636002387097257e-10
0.5859862833958588	5.699272312601909e-10
0.5896162148128381	5.763893009177051e-10
0.5932642958869024	5.829904390502255e-10
0.5969306173663369	5.897347884955416e-10
0.6006152704531684	5.966266505992321e-10
0.6043183468054344	6.036704926403342e-10
0.6080399385394615	6.108709556697944e-10
0.6117801382321587	6.182328627880667e-10
0.6155390389233192	6.257612278904747e-10
0.6193167341179359	6.334612649110497e-10
0.6231133177885255	6.413383975977156e-10
0.6269288843774683	6.493982698542991e-10
0.6307635287993556	6.576467566875018e-10
0.6346173464433522	6.660899757997849e-10
0.6384904331755688	6.747342998726271e-10
0.6423828853414466	6.835863695876576e-10
0.6462947997681537	6.926531074371939e-10
0.6502262737669944	7.019417323798466e-10
0.6541774051358293	7.114597754011267e-10
0.6581482921615082	7.212150960439814e-10
0.6621390336223156	7.312158999796419e-10
0.6661497287904271	7.414707576948e-10
0.6701804774343789	7.519886243775778e-10
0.6742313798215507	7.627788610918161e-10
0.6783025367206585	7.738512573366664e-10
0.682394049404262	7.852160550973236e-10
0.6865060196512833	7.96883974501342e-10
0.6906385497495399	8.08866241205856e-10
0.6947917424982876	8.211746156514852e-10
0.6989657012107791	8.338214243319656e-10
0.7031605297168331	8.468195932411742e-10
0.7073763323654171	8.601826836753947e-10
0.7116132140272443	8.739249305844477e-10
0.7158712800973803	8.880612836845647e-10
0.7201506364978669	9.02607451566206e-10
0.724451389680356	9.175799490530827e-10
0.7287736466287575	9.329961480941264e-10
0.7331175148619014	9.488743324990077e-10
0.737483102436211	9.652337568596793e-10
0.7418705179483918	9.820947100364522e-10
0.7462798705381338	9.99478583627186e-10
0.7507112698908246	1.0174079458842883e-9
0.7551648262402787	1.0359066215950179e-9
0.7596406503714802	1.0549997784990847e-9
0.7641388536233378	1.0747140208836527e-9
0.7686595478914543	1.0950774910704827e-9
0.7732028456309116	1.1161199795965557e-9
0.777768859859066	1.1378730449868488e-9
0.7823577041583611	1.16037014413102e-9
0.7869694926791531	1.1836467744057832e-9
0.7916043401425489	1.2077406288336628e-9
0.7962623618432616	1.232691765744028e-9
0.8009436736524779	1.2585427946024758e-9
0.8056483920207402	1.2853390799118292e-9
0.8103766339808439	1.3131289653632297e-9
0.8151285171507483	1.341964020739498e-9
0.8199041597365018	1.371899314456136e-9
0.8247036805351844	1.4029937150764898e-9
0.8295271989378604	1.4353102256745546e-9
0.8343748349325497	1.4689163555589155e-9
0.8392467091072124	1.5038845346354417e-9
0.8441429426527486	1.5402925766039382e-9
0.8490636573660123	1.5782241982878375e-9
0.8540089756528424	1.6177696037305663e-9
0.8589790205311068	1.659026143307619e-9
0.8639739156337622	1.702099060067816e-9
0.868973915633762	1.7469207022505351e-9
0.8739739156337618	1.7935428478972633e-9
0.8789739156337616	1.8420677385712454e-9
0.8839739156337615	1.8926056709568797e-9
0.8889739156337613	1.9452758761893075e-9
0.893973915633761	2.0002075259224297e-9
0.8989739156337608	2.0575408872887083e-9
0.9039739156337606	2.117428653041007e-9
0.9089739156337604	2.1800374782641274e-9
0.9139739156337602	2.245549761180782e-9
0.91897391563376	2.3141657129621236e-9
0.9239739156337599	2.3861057703494322e-9
0.9289739156337596	2.4616134156118657e-9
0.9339739156337594	2.5409584812893915e-9
0.9389739156337592	2.6244410327543273e-9
0.943973915633759	2.712395940427166e-9
0.9489739156337588	2.8051982761744787e-9
0.9539739156337586	2.903269695804897e-9
0.9589739156337583	3.0070860026536427e-9
0.9639739156337582	3.1171861271814172e-9
0.968973915633758	3.2341828057537705e-9
0.9739739156337578	3.358775300037288e-9
0.9789739156337576	3.4917645688465767e-9
0.9839739156337574	3.634071389326215e-9
0.9889739156337571	3.786758027113883e-9
0.9939739156337569	3.95105417928803e-9
0.9989739156337567	4.128388063904976e-9
1.0039739156337566	4.320423711157633e-9
1.0089739156337563	4.529105730101851e-9
1.0139739156337562	4.75671308932508e-9
1.0189739156337558	5.005923769265062e-9
1.0239739156337557	5.2798925294772665e-9
1.0289739156337556	5.582344499616064e-9
1.0339739156337553	5.917687864653089e-9
1.0389739156337552	6.291149592615553e-9
1.0439739156337549	6.708938970537014e-9
1.0489739156337547	7.178444699790359e-9
1.0539739156337544	7.708472489491624e-9
1.0589739156337543	8.30953151695573e-9
1.0639739156337542	8.99417984586035e-9
1.0689739156337539	9.777440963884799e-9
1.0739739156337538	1.0677306091240414e-8
1.0789739156337534	1.1715339901864146e-8
1.0839739156337533	1.2917410887605411e-8
1.088973915633753	1.431457189774428e-8
1.093973915633753	1.5944121537823076e-8
1.0989739156337526	1.785088327301218e-8
1.1039739156337525	2.00887464397774e-8
1.1089739156337524	2.272252214446031e-8
1.113973915633752	2.583017747316999e-8
1.118973915633752	2.95055238484873e-8
1.1239739156337516	3.386145008332918e-8
1.1289739156337515	3.9033808087482644e-8
1.1339739156337512	4.518607971547888e-8
1.138973915633751	5.251497739736685e-8
1.143973915633751	6.125715951173679e-8
1.1489739156337506	7.169727453945183e-8
1.1539739156337505	8.417758651606335e-8
1.1589739156337502	9.910947884581541e-8
1.16397391563375	1.1698718481090215e-7
1.1689739156337497	1.3840415170758927e-7
1.1739739156337496	1.6407251191771635e-7
1.1789739156337493	1.9484620852842316e-7
1.1839739156337492	2.3174840494826284e-7
1.187980436725312	2.6655843689289736e-7
1.1919869578168745	3.0682505172736566e-7
1.1959934789084372	3.5340048898223857e-7
1.2	4.0726724633790535e-7
