0.0006999999999999628	2.8426381322502096e-12
0.001403500000000035	2.8482281044946333e-12
0.0021105174999999296	2.853859601869898e-12
0.0028210700874998964	2.859532614901317e-12
0.003535175437937438	2.8652475211498365e-12
0.004252851315127062	2.871004707201498e-12
0.004974115571702636	2.87680456393826e-12
0.005698986149561044	2.8826474865826666e-12
0.006427481080308875	2.888533874789305e-12
0.007159618485710418	2.8944641327286087e-12
0.007895416578138905	2.900438669166301e-12
0.008634893661029494	2.9064578975407296e-12
0.00937806812933463	2.912522236038547e-12
0.010124958469981361	2.918632107670201e-12
0.010875583262331262	2.92478794034491e-12
0.01162996117864295	2.9309901669460125e-12
0.012388110984536127	2.9372392254069378e-12
0.013150051539458866	2.9435355587871122e-12
0.013915801797156208	2.9498796153490674e-12
0.014685380806142003	2.9562718486363808e-12
0.015458807710172712	2.9627127175520875e-12
0.01623610174872358	2.9692026864384573e-12
0.017017282257467212	2.9757422251574427e-12
0.017802368668754516	2.9823318091727844e-12
0.01859138051209827	2.9889719196328574e-12
0.019384337414658823	2.995663043454431e-12
0.020181259101732015	3.002405673408642e-12
0.020982165397240727	3.0092003082073162e-12
0.02178707622422691	3.016047452591186e-12
0.02259601160534814	3.0229476174194673e-12
0.02340899166337483	3.029901319760526e-12
0.024226036621691812	3.0369090829844446e-12
0.02504716680480027	3.0439714368569483e-12
0.025872402638824326	3.0510889176349057e-12
0.02670176465201842	3.058262068163161e-12
0.02753527347527842	3.06549143797367e-12
0.028372949842654864	3.072777583385466e-12
0.0292148145918682	3.0801210676070093e-12
0.03006088866482743	3.0875224608400383e-12
0.03091119310815165	3.094982340385139e-12
0.0317657490736924	3.102501290749582e-12
0.03262457781906081	3.1100799037559993e-12
0.03348770070815601	3.1177187786544406e-12
0.034355139211696875	3.1254185222350613e-12
0.035226914907755424	3.13317974894377e-12
0.03610304948229413	3.14100308099921e-12
0.03698356472970569	3.148889148512346e-12
0.03786848255335419	3.156838589608001e-12
0.038757824966120964	3.1648520505483333e-12
0.03965161409095162	3.172930185858922e-12
0.04054987216140643	3.181073658456948e-12
0.04145262152221345	3.1892831397815848e-12
0.04235988462982453	3.1975593099270793e-12
0.04327168405297366	3.205902857777707e-12
0.0441880424732386	3.21431448114592e-12
0.04510898268560485	3.2227948869123143e-12
0.046034527599032954	3.231344791168622e-12
0.04696470023702812	3.239964919363228e-12
0.04789952373821329	3.2486560064492854e-12
0.048839021356904266	3.2574187970355198e-12
0.04978321646368884	3.2662540455401447e-12
0.05073213254600732	3.275162516347357e-12
0.05168579320873729	3.284144983966829e-12
0.052644222174780875	3.2932022331960874e-12
0.05360744328565471	3.3023350592862428e-12
0.054575480502083065	3.311544268110482e-12
0.055548357904593434	3.3208306763360515e-12
0.056526099694116344	3.3301951115990853e-12
0.0575087301925869	3.3396384126833946e-12
0.05849627384354973	3.3491614297018564e-12
0.05948875521276744	3.3587650242820535e-12
0.06048619898883127	3.3684500697546857e-12
0.061488629983775384	3.378217451346583e-12
0.06249607313369419	3.388068066376394e-12
0.06350855349936275	3.398002824454487e-12
0.06452609626685958	3.4080226476870667e-12
0.06554872674819387	3.4181284708838984e-12
0.06657647038193484	3.4283212417695925e-12
0.06760935273384447	3.4386019212003525e-12
0.06864739949751365	3.4489714833834836e-12
0.0696906364950013	3.4594309161021846e-12
0.07073908967747639	3.469981220944181e-12
0.07179278512586384	3.480623413535652e-12
0.07285174905149322	3.4913585237785323e-12
0.0739160077967507	3.5021875960939617e-12
0.07498558783573436	3.5131116896693724e-12
0.07606051577491299	3.5241318787113216e-12
0.07714081835378758	3.5352492527029692e-12
0.07822652244555647	3.546464916666754e-12
0.07931765505778425	3.5577799914327424e-12
0.0804142433330731	3.569195613911565e-12
0.08151631454973848	3.580712937373868e-12
0.08262389612248718	3.592333131735033e-12
0.0837370156030995	3.6040573838451146e-12
0.0848557006811149	3.615886897785655e-12
0.0859799791845205	3.6278228951722034e-12
0.08710987908044313	3.639866615462591e-12
0.08824542847584534	3.652019316272552e-12
0.08938665561822454	3.664282273696578e-12
0.09053358889631567	3.6766567826368016e-12
0.09168625684079722	3.689144157137684e-12
0.09284468812500112	3.701745730728078e-12
0.09400891156562617	3.7144628567704866e-12
0.0951789561234543	3.7272969088174585e-12
0.09635485090407148	3.7402492809757716e-12
0.09753662515859184	3.7533213882780425e-12
0.0987243082843847	3.766514667062099e-12
0.09991792982580656	3.779830575359107e-12
0.10111751947493569	3.793270593288849e-12
0.10232310707231031	3.80683622346431e-12
0.1035347226076718	3.820528991404682e-12
0.10475239622071016	3.834350445957645e-12
0.10597615820181366	3.848302159729356e-12
0.10720603899282274	3.8623857295255706e-12
0.10844206918778684	3.8766027768013755e-12
0.10968427953372567	3.890954948120237e-12
0.1109327009313943	3.905443915624536e-12
0.11218736443605135	3.920071377514612e-12
0.11344830125823162	3.934839058540064e-12
0.11471554276452282	3.9497487105003634e-12
0.11598912047834534	3.964802112757733e-12
0.11726906608073695	3.98000107276041e-12
0.11855541141114062	3.995347426578371e-12
0.11984818846819621	4.010843039450658e-12
0.12114742941053713	4.026489806344606e-12
0.12245316655758978	4.042289652528411e-12
0.1237654323903777	4.058244534155813e-12
0.12508425955232963	4.074356438864711e-12
0.12640968085009122	4.090627386388388e-12
0.1277417292543416	4.1070594291819705e-12
0.1290804379006133	4.123654653061817e-12
0.13042584009011637	4.140415177860506e-12
0.1317779692905669	4.15734315809666e-12
0.13313685913701961	4.174440783659459e-12
0.13450254343270476	4.191710280510444e-12
0.13587505614986833	4.209153911400193e-12
0.13725443143061763	4.226773976602341e-12
0.13864070358777073	4.244572814664666e-12
0.14003390710570945	4.262552803177954e-12
0.14143407664123803	4.280716359562308e-12
0.1428412470244442	4.299065941872932e-12
0.1442554532595664	4.317604049624297e-12
0.14567673052586416	4.336333224633668e-12
0.1471051141784935	4.355256051885624e-12
0.14854063974938603	4.374375160416653e-12
0.149983342948133	4.3936932242207335e-12
0.15143325966287374	4.413212963177656e-12
0.15289042596118813	4.432937144002677e-12
0.15435487809099402	4.452868581219444e-12
0.15582665248144906	4.473010138157491e-12
0.1573057857438562	4.493364727973144e-12
0.15879231467257537	4.51393531469517e-12
0.16028627624593816	4.534724914297313e-12
0.16178770762716785	4.5557365957961334e-12
0.16329664616530362	4.576973482376849e-12
0.16481312939613008	4.598438752546527e-12
0.1663371950431107	4.620135641316335e-12
0.16786888101832628	4.64206744141311e-12
0.1694082254234178	4.6642375045218726e-12
0.1709552665505349	4.686649242558994e-12
0.17251004288328747	4.7093061289781014e-12
0.17407259309770393	4.7322117001085794e-12
0.17564295606319252	4.755369556528432e-12
0.17722117084350858	4.778783364472867e-12
0.17880727669772617	4.802456857277166e-12
0.18040131308121476	4.826393836859415e-12
0.18200331964662084	4.85059817523893e-12
0.18361333624485401	4.875073816095442e-12
0.18523140292607826	4.899824776368783e-12
0.18685755994070874	4.9248551479001314e-12
0.1884918477404122	4.9501690991163825e-12
0.19013430697911424	4.975770876758722e-12
0.1917849785140098	5.001664807657019e-12
0.19344390340657974	5.027855300551166e-12
0.19511112292361268	5.054346847961155e-12
0.1967866785382308	5.081144028106762e-12
0.19847061193092203	5.108251506878811e-12
0.20016296499057665	5.135674039864083e-12
0.20186377981552947	5.163416474423592e-12
0.2035730987146071	5.191483751829024e-12
0.20529096420818022	5.219880909455806e-12
0.20701741902922113	5.2486130830373105e-12
0.20875250612436722	5.277685508979839e-12
0.210496268654989	5.3071035267427434e-12
0.21224874999826396	5.336872581282879e-12
0.21400999374825516	5.366998225568044e-12
0.21578004371699644	5.397486123160117e-12
0.21755894393558148	5.428342050870466e-12
0.2193467386552594	5.459571901490167e-12
0.22114347234853576	5.491181686597341e-12
0.22294918971027836	5.523177539443026e-12
0.2247639356588297	5.555565717920972e-12
0.2265877553371239	5.588352607620362e-12
0.2284206941138094	5.621544724967624e-12
0.23026279758437848	5.655148720457506e-12
0.23211411157230027	5.68917138197814e-12
0.23397468213016168	5.723619638232862e-12
0.23584455554081238	5.7585005622609356e-12
0.23772377831851643	5.793821375062543e-12
0.23961239721010893	5.829589449328713e-12
0.24151045919615952	5.865812313283047e-12
0.24341801149214037	5.9024976546360995e-12
0.24533510154960114	5.939653324657844e-12
0.24726177705734917	5.9772873423719815e-12
0.24919808594263576	6.015407898875981e-12
0.251144076372349	6.0540233617911095e-12
0.2530997967542107	6.093142279847778e-12
0.2550652957379817	6.1327733876099636e-12
0.2570406222166717	6.172925610343339e-12
0.2590258253277551	6.213608069033699e-12
0.26102095445439405	6.25483008555934e-12
0.2630260592266659	6.2966011880231125e-12
0.2650411895227993	6.338931116251476e-12
0.2670663954704134	6.3818298274628176e-12
0.26910172744776534	6.425307502116427e-12
0.27114723608500396	6.469374549942919e-12
0.27320297226542917	6.514041616166858e-12
0.27526898712675635	6.559319587926714e-12
0.27734533206239	6.6052196008992715e-12
0.2794320587227019	6.651753046137299e-12
0.2815292190163153	6.69893157712601e-12
0.2836368651113967	6.7467671170691255e-12
0.28575504943695385	6.795271866411045e-12
0.28788382468413853	6.8444583106040135e-12
0.29002324380755934	6.894339228131328e-12
0.29217336002659705	6.94492769879347e-12
0.29433422682673016	6.996237112269752e-12
0.29650589796086374	7.048281176963537e-12
0.29868842745066804	7.101073929143946e-12
0.30088186958792124	7.1546297423934535e-12
0.3030862789358609	7.208963337375307e-12
0.30530171033054027	7.264089791930691e-12
0.307528218882193	7.32002455152102e-12
0.30976585997660405	7.376783440026193e-12
0.312014689276487	7.434382670914808e-12
0.31427476272286925	7.492838858800793e-12
0.3165461365364837	7.552169031399904e-12
0.3188288672191662	7.61239064190464e-12
0.32112301155526213	7.673521581791373e-12
0.32342862661303834	7.735580194081324e-12
0.3257457697461036	7.798585287068284e-12
0.32807449859483384	7.862556148536496e-12
0.3304148710878078	7.927512560486546e-12
0.33276694544324686	7.993474814390161e-12
0.33513078017046305	8.060463726997151e-12
0.33750643407131514	8.12850065671395e-12
0.3398939662416715	8.197607520584045e-12
0.3422934360728799	8.26780681188684e-12
0.34470490325324404	8.339121618387684e-12
0.3471284277695101	8.411575641264679e-12
0.34956406990835764	8.485193214739167e-12
0.3520118902578995	8.55999932644279e-12
0.354471949709189	8.636019638550568e-12
0.3569443094577349	8.713280509714275e-12
0.3594290310050235	8.791809017829835e-12
0.3619261761600484	8.871632983676717e-12
0.3644358070408486	8.95278099546552e-12
0.36695798607605284	9.035282434335092e-12
0.36949277600643327	9.11916750084156e-12
0.37204023988646523	9.204467242482372e-12
0.3746004410858973	9.291213582301079e-12
0.3771734432913268	9.379439348625724e-12
0.3797593105077832	9.469178305985477e-12
0.3823581070603219	9.560465187265706e-12
0.38496989759562367	9.6533357271536e-12
0.3875947470836016	9.747826696936544e-12
0.3902327208190196	9.843975940714687e-12
0.3928838844231145	9.941822413093126e-12
0.39554830384522993	1.0041406218424087e-11
0.3982260453644561	1.0142768651671972e-11
0.4009171755912785	1.0245952240977173e-11
0.40362176146923495	1.0351000792001701e-11
0.40633987027658097	1.0457959434138771e-11
0.4090715696279639	1.0566874668679279e-11
0.4118169274761037	1.0677794419028941e-11
0.4145760121134843	1.0790768083075957e-11
0.4173488921740515	1.0905846587813955e-11
0.4201356366349219	1.102308244633403e-11
0.42293631481809635	1.1142529817301114e-11
0.4257509963921868	1.1264244567038878e-11
0.42857975137414767	1.1388284334358367e-11
0.43142265013101855	1.1514708598259853e-11
0.43427976338167373	1.164357874866752e-11
0.43715116219858224	1.1774958160338495e-11
0.44003691800957523	1.1908912270119953e-11
0.44293710259962304	1.2045508657723192e-11
0.4458517881126211	1.2184817130198515e-11
0.44878104705318417	1.2326909810306594e-11
0.45172495228844983	1.2471861228989992e-11
0.45468357704989204	1.261974842216703e-11
0.4576569949351413	1.2770651032073708e-11
0.46064527990981685	1.2924651413402493e-11
0.4636485063093658	1.3081834744499285e-11
0.4666667488409128	1.3242289143887792e-11
0.4697000825851173	1.3406105792424791e-11
0.4727485829980427	1.357337906138598e-11
0.47581232591303285	1.3744206646822135e-11
0.478891387542598	1.3918689710531956e-11
0.48198584448031084	1.4096933028024085e-11
0.4850957737027124	1.4279045143872963e-11
0.48822125257122595	1.446513853487878e-11
0.49136235883408197	1.4655329781496218e-11
0.4945191706282523	1.4849739747996703e-11
0.4976917664813935	1.5048493771888366e-11
0.5008802253138004	1.5251721863125078e-11
0.5040846264403696	1.545955891369606e-11
0.5073050495725715	1.5672144918207996e-11
0.5105415748204343	1.5889625206123346e-11
0.5137942826945365	1.61121506863597e-11
0.517063254108009	1.6339878105005864e-11
0.5203485703785492	1.6572970316957538e-11
0.5236503132304419	1.681159657233709e-11
0.5269685647965939	1.7055932818616422e-11
0.5303034076205766	1.730616201943215e-11
0.5336549246586795	1.7562474491149202e-11
0.5370231992819728	1.782506825830263e-11
0.5404083152783826	1.8094149429139272e-11
0.5438103568547747	1.836993259254574e-11
0.5472294086390483	1.865264123777993e-11
0.5506655556822436	1.894250819848818e-11
0.5541188834606549	1.9239776122632695e-11
0.5575894778779582	1.9544697970053444e-11
0.5610774252673477	1.9857537539533275e-11
0.5645828123936844	2.0178570027368844e-11
0.5681057264556525	2.0508082619607806e-11
0.5716462550879309	2.084637512028132e-11
0.5752044863633705	2.1193760618135873e-11
0.5787805087951873	2.1550566194577026e-11
0.5823744113391631	2.1917133675744816e-11
0.5859862833958588	2.2293820431872296e-11
0.5896162148128381	2.268100022735118e-11
0.5932642958869024	2.3079064125184918e-11
0.5969306173663369	2.3488421449830075e-11
0.6006152704531684	2.390950081275179e-11
0.6043183468054344	2.4342751205393116e-11
0.6080399385394615	2.47886431646384e-11
0.6117801382321587	2.5247670016307015e-11
0.6155390389233192	2.5720349202678134e-11
0.6193167341179359	2.6207223700584105e-11
0.6231133177885255	2.6708863537176977e-11
0.6269288843774683	2.722586741111477e-11
0.6307635287993556	2.7758864427613725e-11
0.6346173464433522	2.830851595658154e-11
0.6384904331755688	2.8875517623895825e-11
0.6423828853414466	2.946060144684232e-11
0.6462947997681537	3.0064538125755306e-11
0.6502262737669944	3.068813950506505e-11
0.6541774051358293	3.1332261218235756e-11
0.6581482921615082	3.199780553248524e-11
0.6621390336223156	3.268572441078339e-11
0.6661497287904271	3.339702281035303e-11
0.6701804774343789	3.413276223889437e-11
0.6742313798215507	3.4894064591916244e-11
0.6783025367206585	3.568211629704539e-11
0.682394049404262	3.649817279391386e-11
0.6865060196512833	3.7343563381320464e-11
0.6906385497495399	3.8219696466856334e-11
0.6947917424982876	3.9128065258093934e-11
0.6989657012107791	4.00702539388722e-11
0.7031605297168331	4.1047944379219884e-11
0.7073763323654171	4.206292343316891e-11
0.7116132140272443	4.31170908851349e-11
0.7158712800973803	4.4212468112941e-11
0.7201506364978669	4.53512075439543e-11
0.724451389680356	4.653560299042293e-11
0.7287736466287575	4.7768100961129164e-11
0.7331175148619014	4.905131305920877e-11
0.737483102436211	5.0388029590556143e-11
0.7418705179483918	5.178123452419976e-11
0.7462798705381338	5.323412196562212e-11
0.7507112698908246	5.47501143267397e-11
0.7551648262402787	5.633288240283841e-11
0.7596406503714802	5.798636759772424e-11
0.7641388536233378	5.971480657466014e-11
0.7686595478914543	6.15227586533106e-11
0.7732028456309116	6.341513632313845e-11
0.777768859859066	6.539723930303188e-11
0.7823577041583611	6.74747926471506e-11
0.7869694926791531	6.965398948049399e-11
0.7916043401425489	7.194153904692237e-11
0.7962623618432616	7.43447208710734e-11
0.8009436736524779	7.687144597753356e-11
0.8056483920207402	7.953032628108403e-11
0.8103766339808439	8.233075346688008e-11
0.8151285171507483	8.528298892686573e-11
0.8199041597365018	8.839826661788591e-11
0.8247036805351844	9.168891106973685e-11
0.8295271989378604	9.516847321218792e-11
0.8343748349325497	9.885188722695047e-11
0.8392467091072124	1.0275565228610006e-10
0.8441429426527486	1.0689804384048455e-10
0.8490636573660123	1.1129936010508754e-10
0.8540089756528424	1.1598221059673397e-10
0.8589790205311068	1.2097185506740794e-10
0.8639739156337622	1.262966030119233e-10
0.868973915633762	1.3196504707862977e-10
0.8739739156337618	1.380019730079629e-10
0.8789739156337616	1.4444105693250217e-10
0.8839739156337615	1.5132013452937883e-10
0.8889739156337613	1.58681844980062e-10
0.893973915633761	1.665743896877833e-10
0.8989739156337608	1.7505242787167173e-10
0.9039739156337606	1.8417813558616877e-10
0.9089739156337604	1.94022460061757e-10
0.9139739156337602	2.0466660770837922e-10
0.91897391563376	2.1620381189375285e-10
0.9239739156337599	2.2874143597969572e-10
0.9289739156337596	2.4240347840264476e-10
0.9339739156337594	2.5733356022003383e-10
0.9389739156337592	2.736984919964438e-10
0.943973915633759	2.916925367560274e-10
0.9489739156337588	3.115425096864302e-10
0.9539739156337586	3.335138841944765e-10
0.9589739156337583	3.5791810881291574e-10
0.9639739156337582	3.851213815787209e-10
0.968973915633758	4.155551793405043e-10
0.9739739156337578	4.497289008071383e-10
0.9789739156337576	4.88245056190299e-10
0.9839739156337574	5.318175256360932e-10
0.9889739156337571	5.812935164298627e-10
0.9939739156337569	6.376799789822429e-10
0.9989739156337567	7.021753984140549e-10
1.0039739156337566	7.762080676248226e-10
1.0089739156337563	8.614821756201687e-10
1.0139739156337562	9.600333194654496e-10
1.0189739156337558	1.074295378962189e-9
1.0239739156337557	1.2071810913047426e-9
1.0289739156337556	1.3621791420613118e-9
1.0339739156337553	1.5434711649381661e-9
1.0389739156337552	1.7560727351064538e-9
1.0439739156337549	2.006003272183948e-9
1.0489739156337547	2.3004907663064364e-9
1.0539739156337544	2.648218436042054e-9
1.0589739156337543	3.05962185788754e-9
1.0639739156337542	3.547246817991086e-9
1.0689739156337539	4.126180179361981e-9
1.0739739156337538	4.814568492442916e-9
1.0789739156337534	5.6342419733504554e-9
1.0839739156337533	6.6114649126722644e-9
1.088973915633753	7.77783765013283e-9
1.093973915633753	9.171380060556093e-9
1.0989739156337526	1.0837832160567654e-8
1.1039739156337525	1.283221409201756e-8
1.1089739156337524	1.5220695507200043e-8
1.113973915633752	1.8082833422415622e-8
1.118973915633752	2.1514248076716227e-8
1.1239739156337516	2.5629818390408133e-8
1.1289739156337515	3.056749241741191e-8
1.1339739156337512	3.649282386795519e-8
1.138973915633751	4.360436346009275e-8
1.143973915633751	5.21400536168046e-8
1.1489739156337506	6.238479687692929e-8
1.1539739156337505	7.467939226213541e-8
1.1589739156337502	8.943105953983463e-8
1.16397391563375	1.0712579845614001e-7
1.1689739156337497	1.2834285791264254e-7
1.1739739156337496	1.537716176240961e-7
1.1789739156337493	1.8423121026239926e-7
1.1839739156337492	2.2069323272812612e-7
1.187980436725312	2.550103097717649e-7
1.1919869578168745	2.9460331561654476e-7
1.1959934789084372	3.4025583775328037e-7
1.2	3.928611121638323e-7
