0.0006999999999999628	2.726229080666221e-9
0.001403500000000035	2.728301990629803e-9
0.0021105174999999296	2.730387878458927e-9
0.0028210700874998964	2.732486805572252e-9
0.003535175437937438	2.7345988684633538e-9
0.004252851315127062	2.736724164765954e-9
0.004974115571702636	2.7388627929545605e-9
0.005698986149561044	2.741014852362936e-9
0.006427481080308875	2.743180443202282e-9
0.007159618485710418	2.7453596665771875e-9
0.007895416578138905	2.7475526245003474e-9
0.008634893661029494	2.749759419906635e-9
0.00937806812933463	2.7519801566664064e-9
0.010124958469981361	2.7542149395983e-9
0.010875583262331262	2.7564638744824044e-9
0.01162996117864295	2.7587270680722746e-9
0.012388110984536127	2.761004628108123e-9
0.013150051539458866	2.7632966633286887e-9
0.013915801797156208	2.7656032834840026e-9
0.014685380806142003	2.76792459934804e-9
0.015458807710172712	2.7702607227310987e-9
0.01623610174872358	2.772611766492471e-9
0.017017282257467212	2.774977844553266e-9
0.017802368668754516	2.7773590719093945e-9
0.01859138051209827	2.7797555646443495e-9
0.019384337414658823	2.7821674399426556e-9
0.020181259101732015	2.7845948161029517e-9
0.020982165397240727	2.7870378125515096e-9
0.02178707622422691	2.7894965498559176e-9
0.02259601160534814	2.7919711497386752e-9
0.02340899166337483	2.794461735091475e-9
0.024226036621691812	2.796968429989111e-9
0.02504716680480027	2.7994913597038657e-9
0.025872402638824326	2.802030650719978e-9
0.02670176465201842	2.804586430748669e-9
0.02753527347527842	2.8071588287427326e-9
0.028372949842654864	2.809747974911641e-9
0.0292148145918682	2.812354000737298e-9
0.03006088866482743	2.81497703898919e-9
0.03091119310815165	2.817617223740348e-9
0.0317657490736924	2.820274690383332e-9
0.03262457781906081	2.8229495756464015e-9
0.03348770070815601	2.8256420176101893e-9
0.034355139211696875	2.8283521557240645e-9
0.035226914907755424	2.8310801308234224e-9
0.03610304948229413	2.8338260851465782e-9
0.03698356472970569	2.836590162352593e-9
0.03786848255335419	2.839372507538516e-9
0.038757824966120964	2.8421732672576446e-9
0.03965161409095162	2.8449925895377114e-9
0.04054987216140643	2.8478306238993095e-9
0.04145262152221345	2.8506875213747406e-9
0.04235988462982453	2.8535634345270156e-9
0.04327168405297366	2.8564585174691478e-9
0.0441880424732386	2.85937292588393e-9
0.04510898268560485	2.862306817043692e-9
0.046034527599032954	2.8652603498306242e-9
0.04696470023702812	2.8682336847573026e-9
0.04789952373821329	2.8712269839873592e-9
0.048839021356904266	2.8742404113570503e-9
0.04978321646368884	2.8772741323961503e-9
0.05073213254600732	2.8803283143503602e-9
0.05168579320873729	2.883403126202993e-9
0.052644222174780875	2.8864987386976687e-9
0.05360744328565471	2.8896153243612742e-9
0.054575480502083065	2.8927530575268093e-9
0.055548357904593434	2.895912114357192e-9
0.056526099694116344	2.8990926728691933e-9
0.0575087301925869	2.902294912957462e-9
0.05849627384354973	2.9055190164195176e-9
0.05948875521276744	2.9087651669805698e-9
0.06048619898883127	2.9120335503192212e-9
0.061488629983775384	2.915324354092899e-9
0.06249607313369419	2.918637767964525e-9
0.06350855349936275	2.92197398362905e-9
0.06452609626685958	2.925333194840539e-9
0.06554872674819387	2.9287155974397615e-9
0.06657647038193484	2.9321213893819168e-9
0.06760935273384447	2.9355507707655447e-9
0.06864739949751365	2.9390039438611183e-9
0.0696906364950013	2.942481113140222e-9
0.07073908967747639	2.9459824853056283e-9
0.07179278512586384	2.949508269321818e-9
0.07285174905149322	2.9530586764451347e-9
0.0739160077967507	2.9566339202556282e-9
0.07498558783573436	2.9602342166888163e-9
0.07606051577491299	2.96385978406781e-9
0.07714081835378758	2.967510843136313e-9
0.07822652244555647	2.971187617092083e-9
0.07931765505778425	2.9748903316206775e-9
0.0804142433330731	2.978619214930423e-9
0.08151631454973848	2.9823744977869292e-9
0.08262389612248718	2.9861564135493608e-9
0.0837370156030995	2.9899651982062496e-9
0.0848557006811149	2.9938010904128213e-9
0.0859799791845205	2.9976643315281387e-9
0.08710987908044313	3.0015551656534483e-9
0.08824542847584534	3.0054738396708153e-9
0.08938665561822454	3.009420603282926e-9
0.09053358889631567	3.013395709052848e-9
0.09168625684079722	3.0173994124448762e-9
0.09284468812500112	3.0214319718663476e-9
0.09400891156562617	3.025493648709439e-9
0.0951789561234543	3.029584707394568e-9
0.09635485090407148	3.0337054154135765e-9
0.09753662515859184	3.037856043374471e-9
0.0987243082843847	3.0420368650466906e-9
0.09991792982580656	3.046248157407064e-9
0.10111751947493569	3.0504902006862224e-9
0.10232310707231031	3.0547632784169736e-9
0.1035347226076718	3.0590676774819827e-9
0.10475239622071016	3.0634036881636087e-9
0.10597615820181366	3.0677716041939357e-9
0.10720603899282274	3.072171722805722e-9
0.10844206918778684	3.0766043447843976e-9
0.10968427953372567	3.0810697745210388e-9
0.1109327009313943	3.08556832006651e-9
0.11218736443605135	3.090100293185485e-9
0.11344830125823162	3.094666009413043e-9
0.11471554276452282	3.0992657881108504e-9
0.11598912047834534	3.1038999525255954e-9
0.11726906608073695	3.108568829847313e-9
0.11855541141114062	3.1132727512695618e-9
0.11984818846819621	3.118012052050409e-9
0.12114742941053713	3.122787071574765e-9
0.12245316655758978	3.127598153417293e-9
0.1237654323903777	3.1324456454071977e-9
0.12508425955232963	3.1373298996937347e-9
0.12640968085009122	3.142251272812969e-9
0.1277417292543416	3.14721012575615e-9
0.1290804379006133	3.15220682403868e-9
0.13042584009011637	3.157241737771133e-9
0.1317779692905669	3.162315241731044e-9
0.13313685913701961	3.1674277154363328e-9
0.13450254343270476	3.172579543219949e-9
0.13587505614986833	3.177771114305912e-9
0.13725443143061763	3.1830028228870965e-9
0.13864070358777073	3.188275068204193e-9
0.14003390710570945	3.193588254626143e-9
0.14143407664123803	3.198942791732422e-9
0.1428412470244442	3.2043390943966035e-9
0.1442554532595664	3.2097775828714703e-9
0.14567673052586416	3.2152586828764025e-9
0.1471051141784935	3.22078282568551e-9
0.14854063974938603	3.22635044821828e-9
0.149983342948133	3.231961993131429e-9
0.15143325966287374	3.2376179089131416e-9
0.15289042596118813	3.2433186499783865e-9
0.15435487809099402	3.249064676766893e-9
0.15582665248144906	3.254856455842531e-9
0.1573057857438562	3.260694459994886e-9
0.15879231467257537	3.2665791683428205e-9
0.16028627624593816	3.2725110664400325e-9
0.16178770762716785	3.278490646382834e-9
0.16329664616530362	3.284518406919989e-9
0.16481312939613008	3.2905948535648505e-9
0.1663371950431107	3.2967204987097653e-9
0.16786888101832628	3.30289586174267e-9
0.1694082254234178	3.3091214691661825e-9
0.1709552665505349	3.315397854719108e-9
0.17251004288328747	3.3217255595003754e-9
0.17407259309770393	3.328105132095751e-9
0.17564295606319252	3.3345371287064953e-9
0.17722117084350858	3.3410221132818335e-9
0.17880727669772617	3.347560657652817e-9
0.18040131308121476	3.3541533416702344e-9
0.18200331964662084	3.3608007533445498e-9
0.18361333624485401	3.367503488988936e-9
0.18523140292607826	3.374262153365612e-9
0.18685755994070874	3.381077359835079e-9
0.1884918477404122	3.387949730508629e-9
0.19013430697911424	3.39487989640376e-9
0.1917849785140098	3.4018684976033342e-9
0.19344390340657974	3.408916183417823e-9
0.19511112292361268	3.4160236125511997e-9
0.1967866785382308	3.4231914532705386e-9
0.19847061193092203	3.4304203835789635e-9
0.20016296499057665	3.437711091392524e-9
0.20186377981552947	3.4450642747209223e-9
0.2035730987146071	3.452480641852213e-9
0.20529096420818022	3.4599609115415713e-9
0.20701741902922113	3.467505813203957e-9
0.20875250612436722	3.47511608711174e-9
0.210496268654989	3.482792484595541e-9
0.21224874999826396	3.490535768250823e-9
0.21400999374825516	3.4983467121482253e-9
0.21578004371699644	3.506226102048957e-9
0.21755894393558148	3.5141747356249107e-9
0.2193467386552594	3.522193422683944e-9
0.22114347234853576	3.530282985400047e-9
0.22294918971027836	3.538444258549045e-9
0.2247639356588297	3.546678089748974e-9
0.2265877553371239	3.5549853397072346e-9
0.2284206941138094	3.563366882471913e-9
0.23026279758437848	3.5718236056904282e-9
0.23211411157230027	3.580356410872848e-9
0.23397468213016168	3.588966213662162e-9
0.23584455554081238	3.5976539441106663e-9
0.23772377831851643	3.606420546962721e-9
0.23961239721010893	3.615266981944285e-9
0.24151045919615952	3.6241942240592506e-9
0.24341801149214037	3.6332032638927983e-9
0.24533510154960114	3.6422951079221062e-9
0.24726177705734917	3.6514707788342128e-9
0.24919808594263576	3.660731315851895e-9
0.251144076372349	3.6700777750669912e-9
0.2530997967542107	3.6795112297821663e-9
0.2550652957379817	3.689032770860857e-9
0.2570406222166717	3.698643507085394e-9
0.2590258253277551	3.708344565524777e-9
0.26102095445439405	3.7181370919104595e-9
0.2630260592266659	3.728022251022094e-9
0.2650411895227993	3.738001227082579e-9
0.2670663954704134	3.7480752241633435e-9
0.26910172744776534	3.758245466598934e-9
0.27114723608500396	3.768513199412689e-9
0.27320297226542917	3.778879688753231e-9
0.27526898712675635	3.789346222341423e-9
0.27734533206239	3.799914109929211e-9
0.2794320587227019	3.810584683769799e-9
0.2815292190163153	3.821359299099963e-9
0.2836368651113967	3.8322393346357126e-9
0.28575504943695385	3.84322619307857e-9
0.28788382468413853	3.854321301637385e-9
0.29002324380755934	3.865526112562273e-9
0.29217336002659705	3.876842103693189e-9
0.29433422682673016	3.888270779022329e-9
0.29650589796086374	3.89981366927241e-9
0.29868842745066804	3.911472332488917e-9
0.30088186958792124	3.923248354649498e-9
0.3030862789358609	3.935143350288482e-9
0.30530171033054027	3.947158963139223e-9
0.307528218882193	3.959296866792779e-9
0.30976585997660405	3.971558765375373e-9
0.312014689276487	3.983946394243679e-9
0.31427476272286925	3.996461520699139e-9
0.3165461365364837	4.009105944722651e-9
0.3188288672191662	4.021881499728351e-9
0.32112301155526213	4.034790053339542e-9
0.32342862661303834	4.04783350818498e-9
0.3257457697461036	4.061013802718565e-9
0.32807449859483384	4.0743329120612496e-9
0.3304148710878078	4.087792848867633e-9
0.33276694544324686	4.101395664215857e-9
0.33513078017046305	4.115143448523943e-9
0.33750643407131514	4.129038332492186e-9
0.3398939662416715	4.143082488072109e-9
0.3422934360728799	4.157278129463998e-9
0.34470490325324404	4.171627514143338e-9
0.3471284277695101	4.1861329439166685e-9
0.34956406990835764	4.2007967660094525e-9
0.3520118902578995	4.215621374184693e-9
0.354471949709189	4.230609209895917e-9
0.3569443094577349	4.245762763473498e-9
0.3594290310050235	4.261084575347115e-9
0.3619261761600484	4.276577237304202e-9
0.3644358070408486	4.2922433937875215e-9
0.36695798607605284	4.3080857432308275e-9
0.36949277600643327	4.324107039436199e-9
0.37204023988646523	4.340310092993321e-9
0.3746004410858973	4.356697772741776e-9
0.3771734432913268	4.373273007280296e-9
0.3797593105077832	4.390038786520808e-9
0.3823581070603219	4.406998163293039e-9
0.38496989759562367	4.424154254998304e-9
0.3875947470836016	4.441510245315893e-9
0.3902327208190196	4.459069385963898e-9
0.3928838844231145	4.476834998516069e-9
0.39554830384522993	4.494810476276675e-9
0.3982260453644561	4.5129992862165664e-9
0.4009171755912785	4.531404970971245e-9
0.40362176146923495	4.5500311509046885e-9
0.40633987027658097	4.5688815262407115e-9
0.4090715696279639	4.587959879263824e-9
0.4118169274761037	4.607270076594385e-9
0.4145760121134843	4.626816071538559e-9
0.4173488921740515	4.646601906517149e-9
0.4201356366349219	4.666631715576526e-9
0.42293631481809635	4.686909726984232e-9
0.4257509963921868	4.7074402659134984e-9
0.42857975137414767	4.7282277572189045e-9
0.43142265013101855	4.749276728308894e-9
0.43427976338167373	4.770591812116376e-9
0.43715116219858224	4.792177750173749e-9
0.44003691800957523	4.814039395795321e-9
0.44293710259962304	4.836181717372233e-9
0.4458517881126211	4.858609801783501e-9
0.44878104705318417	4.8813288579294565e-9
0.45172495228844983	4.904344220390901e-9
0.45468357704989204	4.927661353221423e-9
0.4576569949351413	4.951285853876502e-9
0.46064527990981685	4.975223457286362e-9
0.4636485063093658	4.999480040078164e-9
0.4666667488409128	5.024061624954432e-9
0.4697000825851173	5.048974385234366e-9
0.4727485829980427	5.074224649564201e-9
0.47581232591303285	5.0998189068059274e-9
0.478891387542598	5.125763811110243e-9
0.48198584448031084	5.152066187183258e-9
0.4850957737027124	5.178733035754621e-9
0.48822125257122595	5.205771539257299e-9
0.49136235883408197	5.233189067727383e-9
0.4945191706282523	5.260993184934498e-9
0.4976917664813935	5.289191654753454e-9
0.5008802253138004	5.3177924477876675e-9
0.5040846264403696	5.346803748257138e-9
0.5073050495725715	5.376233961162233e-9
0.5105415748204343	5.406091719736312e-9
0.5137942826945365	5.436385893202079e-9
0.517063254108009	5.4671255948444485e-9
0.5203485703785492	5.498320190415694e-9
0.5236503132304419	5.529979306890417e-9
0.5269685647965939	5.5621128415843794e-9
0.5303034076205766	5.594730971657115e-9
0.5336549246586795	5.6278441640178625e-9
0.5370231992819728	5.661463185651875e-9
0.5404083152783826	5.6955991143907595e-9
0.5438103568547747	5.730263350148813e-9
0.5472294086390483	5.765467626647247e-9
0.5506655556822436	5.801224023653438e-9
0.5541188834606549	5.8375449797597065e-9
0.5575894778779582	5.874443305731362e-9
0.5610774252673477	5.911932198451906e-9
0.5645828123936844	5.950025255497329e-9
0.5681057264556525	5.988736490374127e-9
0.5716462550879309	6.0280803484545464e-9
0.5752044863633705	6.068071723646392e-9
0.5787805087951873	6.108725975839044e-9
0.5823744113391631	6.150058949166204e-9
0.5859862833958588	6.192086991130226e-9
0.5896162148128381	6.234826972637318e-9
0.5932642958869024	6.2782963089919746e-9
0.5969306173663369	6.322512981906179e-9
0.6006152704531684	6.367495562580091e-9
0.6043183468054344	6.4132632359160064e-9
0.6080399385394615	6.459835825929095e-9
0.6117801382321587	6.507233822426429e-9
0.6155390389233192	6.555478409025945e-9
0.6193167341179359	6.604591492596559e-9
0.6231133177885255	6.654595734201268e-9
0.6269288843774683	6.705514581635605e-9
0.6307635287993556	6.7573723036553675e-9
0.6346173464433522	6.810194025997118e-9
0.6384904331755688	6.864005769302146e-9
0.6423828853414466	6.918834489060018e-9
0.6462947997681537	6.974708117698364e-9
0.6502262737669944	7.031655608952926e-9
0.6541774051358293	7.089706984664234e-9
0.6581482921615082	7.148893384152658e-9
0.6621390336223156	7.209247116341394e-9
0.6661497287904271	7.270801714803566e-9
0.6701804774343789	7.333591995925879e-9
0.6742313798215507	7.3976541203960406e-9
0.6783025367206585	7.463025658233185e-9
0.682394049404262	7.52974565760234e-9
0.6865060196512833	7.597854717668518e-9
0.6906385497495399	7.667395065768046e-9
0.6947917424982876	7.738410639195286e-9
0.6989657012107791	7.810947171927099e-9
0.7031605297168331	7.885052286633459e-9
0.7073763323654171	7.960775592350142e-9
0.7116132140272443	8.03816878821988e-9
0.7158712800973803	8.117285773744185e-9
0.7201506364978669	8.198182766018723e-9
0.724451389680356	8.280918424475505e-9
0.7287736466287575	8.365553983688085e-9
0.7331175148619014	8.452153394849741e-9
0.737483102436211	8.540783476592093e-9
0.7418705179483918	8.631514075860285e-9
0.7462798705381338	8.72441823963279e-9
0.7507112698908246	8.819572398342692e-9
0.7551648262402787	8.917056561939208e-9
0.7596406503714802	9.016954529608031e-9
0.7641388536233378	9.119354114275572e-9
0.7686595478914543	9.22434738312521e-9
0.7732028456309116	9.332030915475124e-9
0.777768859859066	9.442506079500832e-9
0.7823577041583611	9.555879329443437e-9
0.7869694926791531	9.672262525103838e-9
0.7916043401425489	9.791773275629166e-9
0.7962623618432616	9.914535309801518e-9
0.8009436736524779	1.0040678875297577e-8
0.8056483920207402	1.0170341169660746e-8
0.8103766339808439	1.0303666806057032e-8
0.8151285171507483	1.0440808317250042e-8
0.8199041597365018	1.0581926701659916e-8
0.8247036805351844	1.0727192015869874e-8
0.8295271989378604	1.0876784018507896e-8
0.8343748349325497	1.1030892871121641e-8
0.8392467091072124	1.1189719902432005e-8
0.8441429426527486	1.1353478443305502e-8
0.8490636573660123	1.1522394740872601e-8
0.8540089756528424	1.1696708961537708e-8
0.8589790205311068	1.1876676294204548e-8
0.8639739156337622	1.2062568166918602e-8
0.868973915633762	1.2253902497507338e-8
0.8739739156337618	1.2450711614158375e-8
0.8789739156337616	1.265322772559541e-8
0.8839739156337615	1.2861696530307145e-8
0.8889739156337613	1.3076378303715411e-8
0.893973915633761	1.3297549110606627e-8
0.8989739156337608	1.3525502163646732e-8
0.9039739156337606	1.3760549351773142e-8
0.9089739156337604	1.4003022966813053e-8
0.9139739156337602	1.4253277662202881e-8
0.91897391563376	1.451169268433471e-8
0.9239739156337599	1.4778674425076144e-8
0.9289739156337596	1.5054659353735493e-8
0.9339739156337594	1.5340117398454795e-8
0.9389739156337592	1.5635555861203516e-8
0.943973915633759	1.594152396769878e-8
0.9489739156337588	1.6258618174318445e-8
0.9539739156337586	1.6587488379190106e-8
0.9589739156337583	1.6928845215008348e-8
0.9639739156337582	1.72834686379106e-8
0.968973915633758	1.7652218071241554e-8
0.9739739156337578	1.80360444169034e-8
0.9789739156337576	1.843600431218285e-8
0.9839739156337574	1.8853277088860902e-8
0.9889739156337571	1.9289184986903105e-8
0.9939739156337569	1.9745217290597065e-8
0.9989739156337567	2.0223059194822128e-8
1.0039739156337566	2.072462637831263e-8
1.0089739156337563	2.1252106465366338e-8
1.0139739156337562	2.1808008804920714e-8
1.0189739156337558	2.2395224295088734e-8
1.0239739156337557	2.301709734291173e-8
1.0289739156337556	2.3677512486148497e-8
1.0339739156337553	2.438099873196939e-8
1.0389739156337552	2.5132855305218437e-8
1.0439739156337549	2.5939303268990975e-8
1.0489739156337547	2.680766840985645e-8
1.0539739156337544	2.774660190167964e-8
1.0589739156337543	2.876634661494707e-8
1.0639739156337542	2.9879058569815724e-8
1.0689739156337539	3.109919499730165e-8
1.0739739156337538	3.2443982841855634e-8
1.0789739156337534	3.393398439126605e-8
1.0839739156337533	3.5593780153703674e-8
1.088973915633753	3.745279323317561e-8
1.093973915633753	3.9546284423047674e-8
1.0989739156337526	4.1916553209102925e-8
1.1039739156337525	4.4614387047632434e-8
1.1089739156337524	4.7700809897697085e-8
1.113973915633752	5.124919132279539e-8
1.118973915633752	5.534778987291171e-8
1.1239739156337516	6.010281931455826e-8
1.1289739156337515	6.564214407130189e-8
1.1339739156337512	7.211973153753467e-8
1.138973915633751	7.972101440770749e-8
1.143973915633751	8.866934662072426e-8
1.1489739156337506	9.923377290199968e-8
1.1539739156337505	1.1173837531456542e-7
1.1589739156337502	1.2657351202915772e-7
1.16397391563375	1.442093252498425e-7
1.1689739156337497	1.6521196871041765e-7
1.1739739156337496	1.9026309250467756e-7
1.1789739156337493	2.201832266498172e-7
1.1839739156337492	2.5595982740620093e-7
1.187980436725312	2.896466199712338e-7
1.1919869578168745	3.285732031690631e-7
1.1959934789084372	3.7357443628150465e-7
1.2	4.256184031721238e-7
