0.0006999999999999628	7.590690993151115e-10
0.001403500000000035	7.598106618806783e-10
0.0021105174999999296	7.605570122699597e-10
0.0028210700874998964	7.613081762086974e-10
0.003535175437937438	7.620641909506552e-10
0.004252851315127062	7.628250942026706e-10
0.004974115571702636	7.635909240132064e-10
0.005698986149561044	7.64361718780131e-10
0.006427481080308875	7.651375172582113e-10
0.007159618485710418	7.659183585657803e-10
0.007895416578138905	7.66704282190883e-10
0.008634893661029494	7.674953279970399e-10
0.00937806812933463	7.682915362287874e-10
0.010124958469981361	7.690929475172612e-10
0.010875583262331262	7.698996028854157e-10
0.01162996117864295	7.707115437535047e-10
0.012388110984536127	7.715288119443723e-10
0.013150051539458866	7.723514496886855e-10
0.013915801797156208	7.731794996304504e-10
0.014685380806142003	7.740130048322545e-10
0.015458807710172712	7.748520087807354e-10
0.01623610174872358	7.756965553919704e-10
0.017017282257467212	7.765466890170739e-10
0.017802368668754516	7.774024544476304e-10
0.01859138051209827	7.782638969214048e-10
0.019384337414658823	7.791310621279632e-10
0.020181259101732015	7.800039962144296e-10
0.020982165397240727	7.808827457912893e-10
0.02178707622422691	7.817673579382458e-10
0.02259601160534814	7.826578802102301e-10
0.02340899166337483	7.835543606433847e-10
0.024226036621691812	7.844568477612202e-10
0.02504716680480027	7.853653905807164e-10
0.025872402638824326	7.862800386187829e-10
0.02670176465201842	7.872008418984729e-10
0.02753527347527842	7.881278509554457e-10
0.028372949842654864	7.890611168446898e-10
0.0292148145918682	7.900006911469396e-10
0.03006088866482743	7.909466259756029e-10
0.03091119310815165	7.918989739834849e-10
0.0317657490736924	7.928577883698246e-10
0.03262457781906081	7.938231228872403e-10
0.03348770070815601	7.947950318490243e-10
0.034355139211696875	7.957735701362175e-10
0.035226914907755424	7.967587932051905e-10
0.03610304948229413	7.977507570949309e-10
0.03698356472970569	7.987495184347487e-10
0.03786848255335419	7.997551344519261e-10
0.038757824966120964	8.00767662979676e-10
0.03965161409095162	8.017871624649118e-10
0.04054987216140643	8.028136919764455e-10
0.04145262152221345	8.038473112131275e-10
0.04235988462982453	8.048880805121926e-10
0.04327168405297366	8.059360608577411e-10
0.0441880424732386	8.069913138892616e-10
0.04510898268560485	8.080539019104561e-10
0.046034527599032954	8.091238878979782e-10
0.04696470023702812	8.102013355105271e-10
0.04789952373821329	8.112863090979705e-10
0.048839021356904266	8.123788737106093e-10
0.04978321646368884	8.134790951086526e-10
0.05073213254600732	8.145870397717654e-10
0.05168579320873729	8.157027749088212e-10
0.052644222174780875	8.168263684678493e-10
0.05360744328565471	8.179578891460441e-10
0.054575480502083065	8.190974064000076e-10
0.055548357904593434	8.202449904561064e-10
0.056526099694116344	8.214007123210776e-10
0.0575087301925869	8.225646437927378e-10
0.05849627384354973	8.237368574708972e-10
0.05948875521276744	8.249174267683967e-10
0.06048619898883127	8.261064259224272e-10
0.061488629983775384	8.273039300059801e-10
0.06249607313369419	8.285100149394715e-10
0.06350855349936275	8.297247575025499e-10
0.06452609626685958	8.309482353461947e-10
0.06554872674819387	8.321805270048712e-10
0.06657647038193484	8.334217119090278e-10
0.06760935273384447	8.346718703977395e-10
0.06864739949751365	8.359310837315389e-10
0.0696906364950013	8.371994341054417e-10
0.07073908967747639	8.384770046623666e-10
0.07179278512586384	8.397638795065623e-10
0.07285174905149322	8.410601437173788e-10
0.0739160077967507	8.423658833632857e-10
0.07498558783573436	8.436811855159963e-10
0.07606051577491299	8.450061382650584e-10
0.07714081835378758	8.463408307325209e-10
0.07822652244555647	8.476853530878303e-10
0.07931765505778425	8.490397965632232e-10
0.0804142433330731	8.50404253469039e-10
0.08151631454973848	8.517788172096096e-10
0.08262389612248718	8.53163582299212e-10
0.0837370156030995	8.545586443783984e-10
0.0848557006811149	8.559641002306733e-10
0.0859799791845205	8.573800477992461e-10
0.08710987908044313	8.588065862043668e-10
0.08824542847584534	8.602438157607269e-10
0.08938665561822454	8.616918379952853e-10
0.09053358889631567	8.631507556653519e-10
0.09168625684079722	8.646206727771314e-10
0.09284468812500112	8.661016946043285e-10
0.09400891156562617	8.675939277074278e-10
0.0951789561234543	8.690974799530315e-10
0.09635485090407148	8.706124605336883e-10
0.09753662515859184	8.721389799880609e-10
0.0987243082843847	8.736771502214351e-10
0.09991792982580656	8.752270845265936e-10
0.10111751947493569	8.767888976051719e-10
0.10232310707231031	8.783627055892012e-10
0.1035347226076718	8.799486260632444e-10
0.10475239622071016	8.815467780869087e-10
0.10597615820181366	8.831572822175556e-10
0.10720603899282274	8.847802605337895e-10
0.10844206918778684	8.864158366591012e-10
0.10968427953372567	8.880641357860028e-10
0.1109327009313943	8.897252847007507e-10
0.11218736443605135	8.913994118083911e-10
0.11344830125823162	8.930866471582525e-10
0.11471554276452282	8.947871224700738e-10
0.11598912047834534	8.965009711604913e-10
0.11726906608073695	8.982283283700506e-10
0.11855541141114062	8.999693309907853e-10
0.11984818846819621	9.017241176942433e-10
0.12114742941053713	9.034928289601086e-10
0.12245316655758978	9.052756071053682e-10
0.1237654323903777	9.070725963140028e-10
0.12508425955232963	9.088839426672194e-10
0.12640968085009122	9.107097941743955e-10
0.1277417292543416	9.125503008044939e-10
0.1290804379006133	9.14405614518161e-10
0.13042584009011637	9.162758893003939e-10
0.1317779692905669	9.18161281193898e-10
0.13313685913701961	9.200619483331282e-10
0.13450254343270476	9.219780509788422e-10
0.13587505614986833	9.239097515535448e-10
0.13725443143061763	9.258572146774795e-10
0.13864070358777073	9.278206072054013e-10
0.14003390710570945	9.298000982640575e-10
0.14143407664123803	9.31795859290446e-10
0.1428412470244442	9.338080640708907e-10
0.1442554532595664	9.358368887806466e-10
0.14567673052586416	9.378825120246923e-10
0.1471051141784935	9.399451148790526e-10
0.14854063974938603	9.420248809330426e-10
0.149983342948133	9.441219963324616e-10
0.15143325966287374	9.462366498234912e-10
0.15289042596118813	9.483690327976803e-10
0.15435487809099402	9.50519339337725e-10
0.15582665248144906	9.526877662642633e-10
0.1573057857438562	9.548745131835688e-10
0.15879231467257537	9.57079782536321e-10
0.16028627624593816	9.59303779647322e-10
0.16178770762716785	9.61546712776335e-10
0.16329664616530362	9.638087931698088e-10
0.16481312939613008	9.660902351139948e-10
0.1663371950431107	9.683912559888038e-10
0.16786888101832628	9.707120763231588e-10
0.1694082254234178	9.730529198513083e-10
0.1709552665505349	9.754140135703619e-10
0.17251004288328747	9.777955877991872e-10
0.17407259309770393	9.801978762384181e-10
0.17564295606319252	9.826211160318224e-10
0.17722117084350858	9.850655478289665e-10
0.17880727669772617	9.875314158493228e-10
0.18040131308121476	9.90018967947634e-10
0.18200331964662084	9.925284556808726e-10
0.18361333624485401	9.950601343764797e-10
0.18523140292607826	9.976142632022558e-10
0.18685755994070874	1.0001911052377258e-9
0.1884918477404122	1.002790927547079e-9
0.19013430697911424	1.005414001253738e-9
0.1917849785140098	1.008060601616649e-9
0.19344390340657974	1.0107310081081637e-9
0.19511112292361268	1.0134255044937704e-9
0.1967866785382308	1.0161443789135157e-9
0.19847061193092203	1.0188879239653976e-9
0.20016296499057665	1.0216564367906242e-9
0.20186377981552947	1.0244502191605941e-9
0.2035730987146071	1.0272695775663003e-9
0.20529096420818022	1.0301148233092579e-9
0.20701741902922113	1.0329862725950032e-9
0.20875250612436722	1.0358842466284725e-9
0.210496268654989	1.0388090717116344e-9
0.21224874999826396	1.0417610793433983e-9
0.21400999374825516	1.0447406063219946e-9
0.21578004371699644	1.047747994849543e-9
0.21755894393558148	1.050783592639133e-9
0.2193467386552594	1.0538477530246096e-9
0.22114347234853576	1.0569408350727164e-9
0.22294918971027836	1.060063203698125e-9
0.2247639356588297	1.0632152297809446e-9
0.2265877553371239	1.066397290287332e-9
0.2284206941138094	1.0696097683928288e-9
0.23026279758437848	1.0728530536087589e-9
0.23211411157230027	1.0761275419115686e-9
0.23397468213016168	1.0794336358755546e-9
0.23584455554081238	1.0827717448084959e-9
0.23772377831851643	1.0861422848909353e-9
0.23961239721010893	1.0895456793187051e-9
0.24151045919615952	1.0929823584489649e-9
0.24341801149214037	1.096452759950029e-9
0.24533510154960114	1.099957328954727e-9
0.24726177705734917	1.1034965182176871e-9
0.24919808594263576	1.107070788276599e-9
0.251144076372349	1.1106806076175161e-9
0.2530997967542107	1.1143264528442398e-9
0.2550652957379817	1.11800880885226e-9
0.2570406222166717	1.1217281690068019e-9
0.2590258253277551	1.12548503532569e-9
0.26102095445439405	1.1292799186667973e-9
0.2630260592266659	1.1331133389203773e-9
0.2650411895227993	1.1369858252063405e-9
0.2670663954704134	1.140897916076688e-9
0.26910172744776534	1.1448501597232724e-9
0.27114723608500396	1.1488431141908822e-9
0.27320297226542917	1.1528773475961408e-9
0.27526898712675635	1.1569534383520716e-9
0.27734533206239	1.1610719753985102e-9
0.2794320587227019	1.1652335584390087e-9
0.2815292190163153	1.1694387981837007e-9
0.2836368651113967	1.1736883165990377e-9
0.28575504943695385	1.1779827471639339e-9
0.28788382468413853	1.182322735133251e-9
0.29002324380755934	1.1867089378080712e-9
0.29217336002659705	1.1911420248136769e-9
0.29433422682673016	1.1956226783850266e-9
0.29650589796086374	1.2001515936600861e-9
0.29868842745066804	1.2047294789814282e-9
0.30088186958792124	1.2093570562060404e-9
0.3030862789358609	1.2140350610240287e-9
0.30530171033054027	1.2187642432860512e-9
0.307528218882193	1.223545367340223e-9
0.30976585997660405	1.2283792123782696e-9
0.312014689276487	1.2332665727918773e-9
0.31427476272286925	1.2382082585390108e-9
0.3165461365364837	1.243205095520826e-9
0.3188288672191662	1.248257925969466e-9
0.32112301155526213	1.253367608847027e-9
0.32342862661303834	1.2585350202564084e-9
0.3257457697461036	1.2637610538637316e-9
0.32807449859483384	1.2690466213336276e-9
0.3304148710878078	1.2743926527771276e-9
0.33276694544324686	1.2798000972128498e-9
0.33513078017046305	1.2852699230422662e-9
0.33750643407131514	1.2908031185384928e-9
0.3398939662416715	1.2964006923506328e-9
0.3422934360728799	1.3020636740228026e-9
0.34470490325324404	1.307793114529104e-9
0.3471284277695101	1.3135900868249557e-9
0.34956406990835764	1.3194556864153563e-9
0.3520118902578995	1.3253910319405185e-9
0.354471949709189	1.331397265779841e-9
0.3569443094577349	1.3374755546746092e-9
0.3594290310050235	1.3436270903700811e-9
0.3619261761600484	1.349853090277853e-9
0.3644358070408486	1.3561547981592684e-9
0.36695798607605284	1.3625334848302691e-9
0.36949277600643327	1.3689904488889293e-9
0.37204023988646523	1.3755270174662848e-9
0.3746004410858973	1.3821445470013865e-9
0.3771734432913268	1.3888444240413757e-9
0.3797593105077832	1.3956280660677405e-9
0.3823581070603219	1.4024969223495474e-9
0.38496989759562367	1.409452474824878e-9
0.3875947470836016	1.4164962390110864e-9
0.3902327208190196	1.4236297649458853e-9
0.3928838844231145	1.430854638159328e-9
0.39554830384522993	1.438172480678761e-9
0.3982260453644561	1.4455849520677849e-9
0.4009171755912785	1.4530937505002453e-9
0.40362176146923495	1.4607006138711508e-9
0.40633987027658097	1.4684073209455582e-9
0.4090715696279639	1.4762156925472842e-9
0.4118169274761037	1.484127592788813e-9
0.4145760121134843	1.492144930343933e-9
0.4173488921740515	1.5002696597654277e-9
0.4201356366349219	1.5085037828489728e-9
0.42293631481809635	1.5168493500455133e-9
0.4257509963921868	1.5253084619240098e-9
0.42857975137414767	1.5338832706869654e-9
0.43142265013101855	1.54257598174012e-9
0.43427976338167373	1.5513888553196504e-9
0.43715116219858224	1.560324208178481e-9
0.44003691800957523	1.5693844153346088e-9
0.44293710259962304	1.5785719118840642e-9
0.4458517881126211	1.5878891948809698e-9
0.44878104705318417	1.5973388252884367e-9
0.45172495228844983	1.6069234300020504e-9
0.45468357704989204	1.6166457039503955e-9
0.4576569949351413	1.6265084122754063e-9
0.46064527990981685	1.6365143925960492e-9
0.4636485063093658	1.6466665573593322e-9
0.4666667488409128	1.6569678962821892e-9
0.4697000825851173	1.6674214788887432e-9
0.4727485829980427	1.678030457146997e-9
0.47581232591303285	1.6887980682095079e-9
0.478891387542598	1.699727637263182e-9
0.48198584448031084	1.7108225804926289e-9
0.4850957737027124	1.722086408162774e-9
0.48822125257122595	1.7335227278263784e-9
0.49136235883408197	1.7451352476620738e-9
0.4945191706282523	1.7569277799493072e-9
0.4976917664813935	1.7689042446866366e-9
0.5008802253138004	1.7810686733600926e-9
0.5040846264403696	1.7934252128697119e-9
0.5073050495725715	1.8059781296204949e-9
0.5105415748204343	1.8187318137872785e-9
0.5137942826945365	1.8316907837610712e-9
0.517063254108009	1.8448596907868302e-9
0.5203485703785492	1.8582433238009953e-9
0.5236503132304419	1.871846614480305e-9
0.5269685647965939	1.8856746425112944e-9
0.5303034076205766	1.8997326410927707e-9
0.5336549246586795	1.9140260026824e-9
0.5370231992819728	1.9285602850007583e-9
0.5404083152783826	1.9433412173059522e-9
0.5438103568547747	1.958374706952686e-9
0.5472294086390483	1.9736668462517333e-9
0.5506655556822436	1.989223919644744e-9
0.5541188834606549	2.0050524112120694e-9
0.5575894778779582	2.0211590125314175e-9
0.5610774252673477	2.037550630906006e-9
0.5645828123936844	2.0542343979835756e-9
0.5681057264556525	2.0712176787863033e-9
0.5716462550879309	2.0885080811759903e-9
0.5752044863633705	2.106113465777884e-9
0.5787805087951873	2.1240419563898886e-9
0.5823744113391631	2.142301950903927e-9
0.5859862833958588	2.1609021327695608e-9
0.5896162148128381	2.179851483031087e-9
0.5932642958869024	2.199159292971291e-9
0.5969306173663369	2.2188351773976573e-9
0.6006152704531684	2.238889088609125e-9
0.6043183468054344	2.259331331084174e-9
0.6080399385394615	2.28017257693315e-9
0.6117801382321587	2.3014238821615297e-9
0.6155390389233192	2.323096703794143e-9
0.6193167341179359	2.3452029179125583e-9
0.6231133177885255	2.3677548386627615e-9
0.6269288843774683	2.3907652382948022e-9
0.6307635287993556	2.4142473682980805e-9
0.6346173464433522	2.4382149817033848e-9
0.6384904331755688	2.46268235662672e-9
0.6423828853414466	2.4876643211344884e-9
0.6462947997681537	2.5131762795173845e-9
0.6502262737669944	2.5392342400660094e-9
0.6541774051358293	2.5658548444475775e-9
0.6581482921615082	2.5930553987922674e-9
0.6621390336223156	2.620853906604217e-9
0.6661497287904271	2.6492691036225374e-9
0.6701804774343789	2.6783204947676654e-9
0.6742313798215507	2.7080283933169205e-9
0.6783025367206585	2.7384139624677984e-9
0.682394049404262	2.769499259457489e-9
0.6865060196512833	2.801307282423454e-9
0.6906385497495399	2.8338620202017765e-9
0.6947917424982876	2.8671885052802436e-9
0.6989657012107791	2.9013128701385184e-9
0.7031605297168331	2.9362624072282924e-9
0.7073763323654171	2.9720656328688557e-9
0.7116132140272443	3.0087523553565788e-9
0.7158712800973803	3.0463537476128563e-9
0.7201506364978669	3.084902424726033e-9
0.724451389680356	3.1244325267711617e-9
0.7287736466287575	3.1649798073314233e-9
0.7331175148619014	3.206581728179219e-9
0.737483102436211	3.2492775606227347e-9
0.7418705179483918	3.293108494068047e-9
0.7462798705381338	3.3381177524030525e-9
0.7507112698908246	3.3843507188675663e-9
0.7551648262402787	3.431855070140925e-9
0.7596406503714802	3.480680920452616e-9
0.7641388536233378	3.5308809766045865e-9
0.7686595478914543	3.5825107048892418e-9
0.7732028456309116	3.6356285109897476e-9
0.777768859859066	3.6902959340727472e-9
0.7823577041583611	3.74657785641448e-9
0.7869694926791531	3.804542730059291e-9
0.7916043401425489	3.864262822182259e-9
0.7962623618432616	3.925814481028824e-9
0.8009436736524779	3.989278424535562e-9
0.8056483920207402	4.054740054001412e-9
0.8103766339808439	4.1222897954830365e-9
0.8151285171507483	4.192023471948542e-9
0.8199041597365018	4.264042709633786e-9
0.8247036805351844	4.3384553825322724e-9
0.8295271989378604	4.415376099521245e-9
0.8343748349325497	4.494926739291588e-9
0.8392467091072124	4.5772370390512584e-9
0.8441429426527486	4.662445243908862e-9
0.8490636573660123	4.750698824973615e-9
0.8540089756528424	4.842155275558073e-9
0.8589790205311068	4.936982996487811e-9
0.8639739156337622	5.035362283484391e-9
0.868973915633762	5.137075593630658e-9
0.8739739156337618	5.2421771468526705e-9
0.8789739156337616	5.3508300333853675e-9
0.8839739156337615	5.463208164498661e-9
0.8889739156337613	5.579497274168304e-9
0.893973915633761	5.699896049170021e-9
0.8989739156337608	5.824617409171508e-9
0.9039739156337606	5.953889962091459e-9
0.9089739156337604	6.087959664846819e-9
0.9139739156337602	6.227091725444984e-9
0.91897391563376	6.371572789412025e-9
0.9239739156337599	6.521713462019912e-9
0.9289739156337596	6.67785122800256e-9
0.9339739156337594	6.8403538427737384e-9
0.9389739156337592	7.009623284058388e-9
0.943973915633759	7.186100370813334e-9
0.9489739156337588	7.370270178036972e-9
0.9539739156337586	7.562668402297749e-9
0.9589739156337583	7.763888864524662e-9
0.9639739156337582	7.974592374933044e-9
0.968973915633758	8.195517231296664e-9
0.9739739156337578	8.427491677811718e-9
0.9789739156337576	8.671448719553173e-9
0.9839739156337574	8.928443769457221e-9
0.9889739156337571	9.199675703850341e-9
0.9939739156337569	9.486512022365573e-9
0.9989739156337567	9.790518952981901e-9
1.0039739156337566	1.0113497518115488e-8
1.0089739156337563	1.0457526789519203e-8
1.0139739156337562	1.0825015815799033e-8
1.0189739156337558	1.1218766015868794e-8
1.0239739156337557	1.1642046205677482e-8
1.0289739156337556	1.2098682877454183e-8
1.0339739156337553	1.2593168896565994e-8
1.0389739156337552	1.3130794440280335e-8
1.0439739156337549	1.371780479850805e-8
1.0489739156337547	1.4361590617011892e-8
1.0539739156337544	1.507091732218548e-8
1.0589739156337543	1.585620186374842e-8
1.0639739156337542	1.67298465959088e-8
1.0689739156337539	1.7706642146780062e-8
1.0739739156337538	1.880425356945094e-8
1.0789739156337534	2.00438070091697e-8
1.0839739156337533	2.1450597658677832e-8
1.088973915633753	2.305494402609813e-8
1.093973915633753	2.489321864776287e-8
1.0989739156337526	2.70090915094434e-8
1.1039739156337525	2.9455029792514066e-8
1.1089739156337524	3.229410637236532e-8
1.113973915633752	3.560218004372549e-8
1.118973915633752	3.947052306063765e-8
1.1239739156337516	4.400898664529855e-8
1.1289739156337515	4.9349813095231026e-8
1.1339739156337512	5.565222453548356e-8
1.138973915633751	6.310794384453562e-8
1.143973915633751	7.194783355286879e-8
1.1489739156337506	8.244987440943813e-8
1.1539739156337505	9.49487477960953e-8
1.1589739156337502	1.0984733634043884e-7
1.16397391563375	1.276305161674712e-7
1.1689739156337497	1.4888168360049102e-7
1.1739739156337496	1.7430254022589328e-7
1.1789739156337493	2.0473675454334484e-7
1.1839739156337492	2.41198227267868e-7
1.187980436725312	2.7557717063330185e-7
1.1919869578168745	3.1534149963731246e-7
1.1959934789084372	3.6134431132132925e-7
1.2	4.145728428331321e-7
