0.0006999999999999628	7.26185380840344e-11
0.001403500000000035	7.272699885381776e-11
0.0021105174999999296	7.28362113068671e-11
0.0028210700874998964	7.294617802822024e-11
0.003535175437937438	7.305690540441988e-11
0.004252851315127062	7.316839992443529e-11
0.004974115571702636	7.328066814162687e-11
0.005698986149561044	7.339371667522943e-11
0.006427481080308875	7.350755221193836e-11
0.007159618485710418	7.36221815073041e-11
0.007895416578138905	7.373761138702754e-11
0.008634893661029494	7.38538487481861e-11
0.00937806812933463	7.397090056041075e-11
0.010124958469981361	7.408877386702616e-11
0.010875583262331262	7.420747578619188e-11
0.01162996117864295	7.432701351201311e-11
0.012388110984536127	7.444739431565564e-11
0.013150051539458866	7.456862554646622e-11
0.013915801797156208	7.469071463308052e-11
0.014685380806142003	7.4813669084547e-11
0.015458807710172712	7.49374964914656e-11
0.01623610174872358	7.506220452711709e-11
0.017017282257467212	7.518780094862255e-11
0.017802368668754516	7.53142935981103e-11
0.01859138051209827	7.54416904038822e-11
0.019384337414658823	7.556999938162444e-11
0.020181259101732015	7.56992286356019e-11
0.020982165397240727	7.582938635989351e-11
0.02178707622422691	7.596048083962772e-11
0.02259601160534814	7.609252045225514e-11
0.02340899166337483	7.622551366880965e-11
0.024226036621691812	7.635946905521858e-11
0.02504716680480027	7.649439527362668e-11
0.025872402638824326	7.663030108371357e-11
0.02670176465201842	7.676719534406976e-11
0.02753527347527842	7.690508701356737e-11
0.028372949842654864	7.704398515276801e-11
0.0292148145918682	7.718389892533614e-11
0.03006088866482743	7.732483759949455e-11
0.03091119310815165	7.746681054948533e-11
0.0317657490736924	7.760982725706606e-11
0.03262457781906081	7.775389731302687e-11
0.03348770070815601	7.78990304187288e-11
0.034355139211696875	7.804523638767135e-11
0.035226914907755424	7.819252514708417e-11
0.03610304948229413	7.834090673954203e-11
0.03698356472970569	7.849039132461715e-11
0.03786848255335419	7.86409891805421e-11
0.038757824966120964	7.879271070591164e-11
0.03965161409095162	7.894556642141151e-11
0.04054987216140643	7.909956697157531e-11
0.04145262152221345	7.92547231265743e-11
0.04235988462982453	7.941104578402011e-11
0.04327168405297366	7.956854597082956e-11
0.0441880424732386	7.972723484508417e-11
0.04510898268560485	7.988712369796035e-11
0.046034527599032954	8.004822395564803e-11
0.04696470023702812	8.021054718134618e-11
0.04789952373821329	8.037410507726809e-11
0.048839021356904266	8.053890948667207e-11
0.04978321646368884	8.070497239595837e-11
0.05073213254600732	8.087230593677017e-11
0.05168579320873729	8.10409223881554e-11
0.052644222174780875	8.12108341787521e-11
0.05360744328565471	8.138205388901045e-11
0.054575480502083065	8.155459425346476e-11
0.055548357904593434	8.172846816303919e-11
0.056526099694116344	8.190368866739157e-11
0.0575087301925869	8.20802689773067e-11
0.05849627384354973	8.225822246711185e-11
0.05948875521276744	8.243756267716646e-11
0.06048619898883127	8.261830331636955e-11
0.061488629983775384	8.280045826472633e-11
0.06249607313369419	8.29840415759507e-11
0.06350855349936275	8.31690674801215e-11
0.06452609626685958	8.335555038638569e-11
0.06554872674819387	8.354350488570418e-11
0.06657647038193484	8.373294575365936e-11
0.06760935273384447	8.392388795330099e-11
0.06864739949751365	8.411634663804848e-11
0.0696906364950013	8.431033715465113e-11
0.07073908967747639	8.450587504618927e-11
0.07179278512586384	8.470297605515073e-11
0.07285174905149322	8.490165612653857e-11
0.0739160077967507	8.510193141105617e-11
0.07498558783573436	8.530381826835099e-11
0.07606051577491299	8.550733327029843e-11
0.07714081835378758	8.571249320436781e-11
0.07822652244555647	8.591931507704096e-11
0.07931765505778425	8.612781611730306e-11
0.0804142433330731	8.633801378017848e-11
0.08151631454973848	8.654992575036357e-11
0.08262389612248718	8.676356994589692e-11
0.0837370156030995	8.697896452192871e-11
0.0848557006811149	8.719612787453395e-11
0.0859799791845205	8.741507864461107e-11
0.08710987908044313	8.763583572186252e-11
0.08824542847584534	8.785841824883593e-11
0.08938665561822454	8.808284562505618e-11
0.09053358889631567	8.830913751121945e-11
0.09168625684079722	8.853731383348717e-11
0.09284468812500112	8.87673947878595e-11
0.09400891156562617	8.899940084461543e-11
0.0951789561234543	8.923335275286029e-11
0.09635485090407148	8.946927154515875e-11
0.09753662515859184	8.970717854224532e-11
0.0987243082843847	8.994709535783099e-11
0.09991792982580656	9.018904390352889e-11
0.10111751947493569	9.043304639383885e-11
0.10232310707231031	9.067912535125215e-11
0.1035347226076718	9.092730361145585e-11
0.10475239622071016	9.117760432864522e-11
0.10597615820181366	9.143005098092449e-11
0.10720603899282274	9.168466737583155e-11
0.10844206918778684	9.194147765596895e-11
0.10968427953372567	9.220050630475055e-11
0.1109327009313943	9.246177815225514e-11
0.11218736443605135	9.272531838121138e-11
0.11344830125823162	9.29911525330917e-11
0.11471554276452282	9.325930651434336e-11
0.11598912047834534	9.35298066027352e-11
0.11726906608073695	9.380267945383363e-11
0.11855541141114062	9.407795210763049e-11
0.11984818846819621	9.435565199528623e-11
0.12114742941053713	9.46358069460169e-11
0.12245316655758978	9.491844519413258e-11
0.1237654323903777	9.520359538621565e-11
0.12508425955232963	9.549128658844558e-11
0.12640968085009122	9.578154829409104e-11
0.1277417292543416	9.607441043113959e-11
0.1290804379006133	9.636990337010865e-11
0.13042584009011637	9.666805793199807e-11
0.1317779692905669	9.696890539643283e-11
0.13313685913701961	9.727247750996883e-11
0.13450254343270476	9.757880649457413e-11
0.13587505614986833	9.788792505629764e-11
0.13725443143061763	9.819986639411532e-11
0.13864070358777073	9.851466420897984e-11
0.14003390710570945	9.883235271304735e-11
0.14143407664123803	9.915296663912213e-11
0.1428412470244442	9.947654125029772e-11
0.1442554532595664	9.980311234980399e-11
0.14567673052586416	1.0013271629107837e-10
0.1471051141784935	1.0046538998805451e-10
0.14854063974938603	1.0080117092567768e-10
0.149983342948133	1.011400971706464e-10
0.15143325966287374	1.0148220738240736e-10
0.15289042596118813	1.0182754082436763e-10
0.15435487809099402	1.0217613737539333e-10
0.15582665248144906	1.0252803754153349e-10
0.1573057857438562	1.0288328246802185e-10
0.15879231467257537	1.0324191395155065e-10
0.16028627624593816	1.0360397445280653e-10
0.16178770762716785	1.0396950710931593e-10
0.16329664616530362	1.0433855574855712e-10
0.16481312939613008	1.0471116490138518e-10
0.1663371950431107	1.0508737981577188e-10
0.16786888101832628	1.0546724647082976e-10
0.1694082254234178	1.058508115911952e-10
0.1709552665505349	1.062381226617242e-10
0.17251004288328747	1.0662922794254487e-10
0.17407259309770393	1.0702417648443122e-10
0.17564295606319252	1.0742301814456811e-10
0.17722117084350858	1.0782580360266813e-10
0.17880727669772617	1.0823258437747617e-10
0.18040131308121476	1.0864341284364921e-10
0.18200331964662084	1.0905834224905437e-10
0.18361333624485401	1.0947742673246628e-10
0.18523140292607826	1.0990072134169678e-10
0.18685755994070874	1.1032828205213807e-10
0.1884918477404122	1.1076016578577485e-10
0.19013430697911424	1.1119643043064646e-10
0.1917849785140098	1.1163713486077048e-10
0.19344390340657974	1.1208233895656377e-10
0.19511112292361268	1.1253210362575271e-10
0.1967866785382308	1.1298649082479411e-10
0.19847061193092203	1.1344556358083388e-10
0.20016296499057665	1.1390938601418319e-10
0.20186377981552947	1.14378023361375e-10
0.2035730987146071	1.1485154199878085e-10
0.20529096420818022	1.1533000946681548e-10
0.20701741902922113	1.1581349449473512e-10
0.20875250612436722	1.1630206702609575e-10
0.210496268654989	1.1679579824479525e-10
0.21224874999826396	1.172947606018286e-10
0.21400999374825516	1.177990278426872e-10
0.21578004371699644	1.1830867503546368e-10
0.21755894393558148	1.1882377859968868e-10
0.2193467386552594	1.1934441633587647e-10
0.22114347234853576	1.1987066745586567e-10
0.22294918971027836	1.2040261261392234e-10
0.2247639356588297	1.2094033393865044e-10
0.2265877553371239	1.2148391506575013e-10
0.2284206941138094	1.2203344117160741e-10
0.23026279758437848	1.225889990077881e-10
0.23211411157230027	1.2315067693642115e-10
0.23397468213016168	1.2371856496653179e-10
0.23584455554081238	1.2429275479133328e-10
0.23772377831851643	1.248733398265074e-10
0.23961239721010893	1.25460415249521e-10
0.24151045919615952	1.2605407803997935e-10
0.24341801149214037	1.266544270211003e-10
0.24533510154960114	1.2726156290226226e-10
0.24726177705734917	1.278755883227605e-10
0.24919808594263576	1.284966078967185e-10
0.251144076372349	1.2912472825924622e-10
0.2530997967542107	1.297600581138715e-10
0.2550652957379817	1.3040270828126493e-10
0.2570406222166717	1.3105279174933386e-10
0.2590258253277551	1.3171042372470053e-10
0.26102095445439405	1.323757216856172e-10
0.2630260592266659	1.3304880543637926e-10
0.2650411895227993	1.3372979716325468e-10
0.2670663954704134	1.3441882149201083e-10
0.26910172744776534	1.3511600554706392e-10
0.27114723608500396	1.3582147901233144e-10
0.27320297226542917	1.3653537419380486e-10
0.27526898712675635	1.3725782608395183e-10
0.27734533206239	1.3798897242796493e-10
0.2794320587227019	1.3872895379191416e-10
0.2815292190163153	1.3947791363293115e-10
0.2836368651113967	1.402359983713959e-10
0.28575504943695385	1.4100335746529088e-10
0.28788382468413853	1.4178014348671676e-10
0.29002324380755934	1.4256651220069747e-10
0.29217336002659705	1.433626226463175e-10
0.29433422682673016	1.4416863722029917e-10
0.29650589796086374	1.4498472176308461e-10
0.29868842745066804	1.4581104564750317e-10
0.30088186958792124	1.4664778187015728e-10
0.3030862789358609	1.4749510714556045e-10
0.30530171033054027	1.4835320200315e-10
0.307528218882193	1.4922225088732078e-10
0.30976585997660405	1.501024422605e-10
0.312014689276487	1.5099396870944578e-10
0.31427476272286925	1.5189702705482926e-10
0.3165461365364837	1.5281181846428347e-10
0.3188288672191662	1.5373854856895824e-10
0.32112301155526213	1.5467742758378287e-10
0.32342862661303834	1.5562867043153977e-10
0.3257457697461036	1.5659249687089252e-10
0.32807449859483384	1.5756913162850121e-10
0.3304148710878078	1.5855880453538236e-10
0.33276694544324686	1.595617506677088e-10
0.33513078017046305	1.6057821049213024e-10
0.33750643407131514	1.6160843001589457e-10
0.3398939662416715	1.6265266094181917e-10
0.3422934360728799	1.6371116082842942e-10
0.34470490325324404	1.6478419325536597e-10
0.3471284277695101	1.6587202799428175e-10
0.34956406990835764	1.6697494118549538e-10
0.3520118902578995	1.6809321552051305e-10
0.354471949709189	1.6922714043077056e-10
0.3569443094577349	1.7037701228273637e-10
0.3594290310050235	1.7154313457968067e-10
0.3619261761600484	1.7272581817035548e-10
0.3644358070408486	1.739253814648533e-10
0.36695798607605284	1.75142150657932e-10
0.36949277600643327	1.7637645996012484e-10
0.37204023988646523	1.7762865183690793e-10
0.3746004410858973	1.788990772562875e-10
0.3771734432913268	1.8018809594509722e-10
0.3797593105077832	1.81496076654433e-10
0.3823581070603219	1.8282339743455674e-10
0.38496989759562367	1.8417044591963336e-10
0.3875947470836016	1.8553761962273524e-10
0.3902327208190196	1.8692532624158975e-10
0.3928838844231145	1.883339839754011e-10
0.39554830384522993	1.8976402185333336e-10
0.3982260453644561	1.91215880075074e-10
0.4009171755912785	1.9269001036398822e-10
0.40362176146923495	1.941868763334643e-10
0.40633987027658097	1.9570695386695327e-10
0.4090715696279639	1.9725073151229534e-10
0.4118169274761037	1.9881871089103124e-10
0.4145760121134843	2.0041140712321137e-10
0.4173488921740515	2.0202934926855156e-10
0.4201356366349219	2.036730807844922e-10
0.42293631481809635	2.0534316000205715e-10
0.4257509963921868	2.0704016062017924e-10
0.42857975137414767	2.0876467221941836e-10
0.43142265013101855	2.1051730079589442e-10
0.43427976338167373	2.122986693163489e-10
0.43715116219858224	2.1410941829536765e-10
0.44003691800957523	2.1595020639566904e-10
0.44293710259962304	2.1782171105262773e-10
0.4458517881126211	2.1972462912410984e-10
0.44878104705318417	2.2165967756679925e-10
0.45172495228844983	2.236275941402872e-10
0.45468357704989204	2.2562913814019492e-10
0.4576569949351413	2.276650911617812e-10
0.46064527990981685	2.2973625789542751e-10
0.4636485063093658	2.3184346695554312e-10
0.4666667488409128	2.3398757174456234e-10
0.4697000825851173	2.3616945135368423e-10
0.4727485829980427	2.383900115021968e-10
0.47581232591303285	2.4065018551726575e-10
0.478891387542598	2.429509353562346e-10
0.48198584448031084	2.4529325267350305e-10
0.4850957737027124	2.476781599342688e-10
0.48822125257122595	2.501067115775368e-10
0.49136235883408197	2.5257999523080877e-10
0.4945191706282523	2.550991329792047e-10
0.4976917664813935	2.5766528269179105e-10
0.5008802253138004	2.6027963940804185e-10
0.5040846264403696	2.6294343678766906e-10
0.5073050495725715	2.656579486271251e-10
0.5105415748204343	2.6842449044622184e-10
0.5137942826945365	2.7124442114879193e-10
0.517063254108009	2.741191447612006e-10
0.5203485703785492	2.770501122530331e-10
0.5236503132304419	2.8003882344439244e-10
0.5269685647965939	2.8308682900450953e-10
0.5303034076205766	2.8619573254689144e-10
0.5336549246586795	2.8936719282608903e-10
0.5370231992819728	2.9260292604212743e-10
0.5404083152783826	2.9590470825836065e-10
0.5438103568547747	2.992743779394202e-10
0.5472294086390483	3.027138386160251e-10
0.5506655556822436	3.0622506168396277e-10
0.5541188834606549	3.0981008934521533e-10
0.5575894778779582	3.134710376992489e-10
0.5610774252673477	3.172100999935985e-10
0.5645828123936844	3.210295500431464e-10
0.5681057264556525	3.24931745828061e-10
0.5716462550879309	3.289191332813555e-10
0.5752044863633705	3.3299425027755153e-10
0.5787805087951873	3.371597308346916e-10
0.5823744113391631	3.4141830954300765e-10
0.5859862833958588	3.457728262342698e-10
0.5896162148128381	3.502262309069194e-10
0.5932642958869024	3.54781588923277e-10
0.5969306173663369	3.594420864960685e-10
0.6006152704531684	3.6421103648290756e-10
0.6043183468054344	3.6909188450878715e-10
0.6080399385394615	3.7408821543784635e-10
0.6117801382321587	3.792037602177182e-10
0.6155390389233192	3.8444240312094977e-10
0.6193167341179359	3.8980818941037793e-10
0.6231133177885255	3.953053334569865e-10
0.6269288843774683	4.0093822734122173e-10
0.6307635287993556	4.067114499711112e-10
0.6346173464433522	4.1262977675289775e-10
0.6384904331755688	4.186981898532673e-10
0.6423828853414466	4.2492188909472e-10
0.6462947997681537	4.313063035295825e-10
0.6502262737669944	4.378571037414543e-10
0.6541774051358293	4.445802149271056e-10
0.6581482921615082	4.514818308162423e-10
0.6621390336223156	4.585684284913716e-10
0.6661497287904271	4.658467841751486e-10
0.6701804774343789	4.733239900587287e-10
0.6742313798215507	4.810074722505948e-10
0.6783025367206585	4.889050099327576e-10
0.682394049404262	4.970247558185414e-10
0.6865060196512833	5.053752580149571e-10
0.6906385497495399	5.139654834019666e-10
0.6947917424982876	5.228048426511365e-10
0.6989657012107791	5.319032170178635e-10
0.7031605297168331	5.412709870538262e-10
0.7073763323654171	5.509190634007462e-10
0.7116132140272443	5.608589198415146e-10
0.7158712800973803	5.711026288029737e-10
0.7201506364978669	5.81662899523572e-10
0.724451389680356	5.925531191205092e-10
0.7287736466287575	6.037873968162005e-10
0.7331175148619014	6.153806116100407e-10
0.737483102436211	6.273484637126036e-10
0.7418705179483918	6.3970753009368e-10
0.7462798705381338	6.524753245343308e-10
0.7507112698908246	6.65670362617092e-10
0.7551648262402787	6.793122321382067e-10
0.7596406503714802	6.934216694822289e-10
0.7641388536233378	7.080206425642252e-10
0.7686595478914543	7.231324410175719e-10
0.7732028456309116	7.387817743908974e-10
0.777768859859066	7.549948792137372e-10
0.7823577041583611	7.717996359026905e-10
0.7869694926791531	7.892256966089812e-10
0.7916043401425489	8.07304625258088e-10
0.7962623618432616	8.260700512064983e-10
0.8009436736524779	8.455578381439256e-10
0.8056483920207402	8.658062701074431e-10
0.8103766339808439	8.868562567540834e-10
0.8151285171507483	9.08751560367694e-10
0.8199041597365018	9.315390474659245e-10
0.8247036805351844	9.552689683364293e-10
0.8295271989378604	9.799952683810925e-10
0.8343748349325497	1.0057759358060404e-9
0.8392467091072124	1.0326733909825068e-9
0.8441429426527486	1.0607549237522446e-9
0.8490636573660123	1.090093186092963e-9
0.8540089756528424	1.12076674894274e-9
0.8589790205311068	1.1528607336590107e-9
0.8639739156337622	1.1864675306299426e-9
0.868973915633762	1.2215452528472112e-9
0.8739739156337618	1.2581455183110975e-9
0.8789739156337616	1.2963605259214215e-9
0.8839739156337615	1.3362901894011777e-9
0.8889739156337613	1.3780430219437941e-9
0.893973915633761	1.4217371520566903e-9
0.8989739156337608	1.4675014936824705e-9
0.9039739156337606	1.5154770980473874e-9
0.9089739156337604	1.5658187200045009e-9
0.9139739156337602	1.6186966380303522e-9
0.91897391563376	1.6742987747233566e-9
0.9239739156337599	1.7328331739048382e-9
0.9289739156337596	1.7945309015625608e-9
0.9339739156337594	1.859649451297245e-9
0.9389739156337592	1.928476751098691e-9
0.943973915633759	2.0013358877698116e-9
0.9489739156337588	2.0785906888142096e-9
0.9539739156337586	2.1606523299441746e-9
0.9589739156337583	2.2479871705539457e-9
0.9639739156337582	2.341126060750763e-9
0.968973915633758	2.440675413311354e-9
0.9739739156337578	2.547330394002091e-9
0.9789739156337576	2.661890656203774e-9
0.9839739156337574	2.785279133291899e-9
0.9889739156337571	2.918564507849607e-9
0.9939739156337569	3.0629881042828635e-9
0.9989739156337567	3.219996105276332e-9
1.0039739156337566	3.39127817822646e-9
1.0089739156337563	3.5788138218525814e-9
1.0139739156337562	3.784928013514003e-9
1.0189739156337558	4.012358063825163e-9
1.0239739156337557	4.2643339783448805e-9
1.0289739156337556	4.544675100104078e-9
1.0339739156337553	4.857906377908439e-9
1.0389739156337552	5.2093982933535195e-9
1.0439739156337549	5.605535307800298e-9
1.0489739156337547	6.0539186872301426e-9
1.0539739156337544	6.563610761375857e-9
1.0589739156337543	7.145429113602659e-9
1.0639739156337542	7.812300926928852e-9
1.0689739156337539	8.579689785294085e-9
1.0739739156337538	9.466109713745808e-9
1.0789739156337534	1.0493744214345878e-8
1.0839739156337533	1.1689191607438507e-8
1.088973915633753	1.3084362226719449e-8
1.093973915633753	1.4717558064773435e-8
1.0989739156337526	1.6634771465756196e-8
1.1039739156337525	1.889124657687621e-8
1.1089739156337524	2.1553355685762922e-8
1.113973915633752	2.470085249550751e-8
1.118973915633752	2.8429576055621624e-8
1.1239739156337516	3.2854692730775564e-8
1.1289739156337515	3.8114579526050224e-8
1.1339739156337512	4.437547058970647e-8
1.138973915633751	5.183701008383493e-8
1.143973915633751	6.07388791491691e-8
1.1489739156337506	7.136869267484624e-8
1.1539739156337505	8.407139325735674e-8
1.1589739156337502	9.92604052595968e-8
1.16397391563375	1.1743085129673979e-7
1.1689739156337497	1.3917517660821701e-7
1.1739739156337496	1.6520157312154103e-7
1.1789739156337493	1.963556435505875e-7
1.1839739156337492	2.336457947744e-7
1.187980436725312	2.6875647020048215e-7
1.1919869578168745	3.0929538049967836e-7
1.1959934789084372	3.560898419427699e-7
1.2	4.100885153080135e-7
