0.0006999999999999628	5.374576435472394e-9
0.001403500000000035	5.378257812016763e-9
0.0021105174999999296	5.381961867334673e-9
0.0028210700874998964	5.385688696224676e-9
0.003535175437937438	5.3894384631084224e-9
0.004252851315127062	5.393211334457667e-9
0.004974115571702636	5.397007478127422e-9
0.005698986149561044	5.400827063386688e-9
0.006427481080308875	5.40467026094987e-9
0.007159618485710418	5.408537243004029e-9
0.007895416578138905	5.4124281832334865e-9
0.008634893661029494	5.4163432568435975e-9
0.00937806812933463	5.420282640582007e-9
0.010124958469981361	5.424246512761008e-9
0.010875583262331262	5.428235053277739e-9
0.01162996117864295	5.432248443635159e-9
0.012388110984536127	5.436286866962167e-9
0.013150051539458866	5.44035050803438e-9
0.013915801797156208	5.444439553294005e-9
0.014685380806142003	5.4485541908702255e-9
0.015458807710172712	5.45269461059974e-9
0.01623610174872358	5.456861004047108e-9
0.017017282257467212	5.461053564525453e-9
0.017802368668754516	5.46527248711751e-9
0.01859138051209827	5.469517968695989e-9
0.019384337414658823	5.473790207945203e-9
0.020181259101732015	5.4780894053827975e-9
0.020982165397240727	5.482415763380391e-9
0.02178707622422691	5.4867694861864534e-9
0.02259601160534814	5.491150779948151e-9
0.02340899166337483	5.495559852733174e-9
0.024226036621691812	5.499996914553349e-9
0.02504716680480027	5.504462177387107e-9
0.025872402638824326	5.50895585520254e-9
0.02670176465201842	5.513478163981829e-9
0.02753527347527842	5.518029321743887e-9
0.028372949842654864	5.52260954856984e-9
0.0292148145918682	5.5272190666263e-9
0.03006088866482743	5.531858100191589e-9
0.03091119310815165	5.536526875679678e-9
0.0317657490736924	5.541225621666375e-9
0.03262457781906081	5.545954568915199e-9
0.03348770070815601	5.550713950403692e-9
0.034355139211696875	5.555504001349645e-9
0.035226914907755424	5.560324959238442e-9
0.03610304948229413	5.565177063850529e-9
0.03698356472970569	5.5700605572887994e-9
0.03786848255335419	5.574975684007046e-9
0.038757824966120964	5.5799226908385706e-9
0.03965161409095162	5.584901827024975e-9
0.04054987216140643	5.589913344245737e-9
0.04145262152221345	5.594957496647842e-9
0.04235988462982453	5.600034540876121e-9
0.04327168405297366	5.60514473610403e-9
0.0441880424732386	5.610288344064815e-9
0.04510898268560485	5.615465629082901e-9
0.046034527599032954	5.6206768581061805e-9
0.04696470023702812	5.625922300738558e-9
0.04789952373821329	5.631202229272607e-9
0.048839021356904266	5.636516918723721e-9
0.04978321646368884	5.641866646863433e-9
0.05073213254600732	5.647251694254521e-9
0.05168579320873729	5.652672344285722e-9
0.052644222174780875	5.658128883207384e-9
0.05360744328565471	5.663621600167628e-9
0.054575480502083065	5.669150787248775e-9
0.055548357904593434	5.674716739504764e-9
0.056526099694116344	5.6803197549990474e-9
0.0575087301925869	5.685960134842551e-9
0.05849627384354973	5.691638183232762e-9
0.05948875521276744	5.697354207493529e-9
0.06048619898883127	5.7031085181147886e-9
0.061488629983775384	5.7089014287933846e-9
0.06249607313369419	5.714733256474835e-9
0.06350855349936275	5.720604321394857e-9
0.06452609626685958	5.726514947122632e-9
0.06554872674819387	5.732465460603204e-9
0.06657647038193484	5.738456192202624e-9
0.06760935273384447	5.744487475751961e-9
0.06864739949751365	5.750559648592676e-9
0.0696906364950013	5.756673051623118e-9
0.07073908967747639	5.7628280293453884e-9
0.07179278512586384	5.769024929912428e-9
0.07285174905149322	5.775264105177016e-9
0.0739160077967507	5.781545910740428e-9
0.07498558783573436	5.787870706002714e-9
0.07606051577491299	5.794238854212922e-9
0.07714081835378758	5.8006507225210225e-9
0.07822652244555647	5.8071066820304835e-9
0.07931765505778425	5.813607107850707e-9
0.0804142433330731	5.820152379151752e-9
0.08151631454973848	5.826742879219276e-9
0.08262389612248718	5.83337899550986e-9
0.0837370156030995	5.840061119708037e-9
0.0848557006811149	5.846789647784357e-9
0.0859799791845205	5.853564980053309e-9
0.08710987908044313	5.860387521233393e-9
0.08824542847584534	5.867257680507688e-9
0.08938665561822454	5.8741758715851085e-9
0.09053358889631567	5.881142512763437e-9
0.09168625684079722	5.88815802699259e-9
0.09284468812500112	5.8952228419395814e-9
0.09400891156562617	5.902337390054193e-9
0.0951789561234543	5.909502108635884e-9
0.09635485090407148	5.9167174399020465e-9
0.09753662515859184	5.923983831056538e-9
0.0987243082843847	5.931301734360835e-9
0.09991792982580656	5.938671607205026e-9
0.10111751947493569	5.946093912181114e-9
0.10232310707231031	5.953569117156006e-9
0.1035347226076718	5.961097695347983e-9
0.10475239622071016	5.968680125402664e-9
0.10597615820181366	5.976316891470641e-9
0.10720603899282274	5.9840084832874645e-9
0.10844206918778684	5.991755396253453e-9
0.10968427953372567	5.999558131516274e-9
0.1109327009313943	6.0074171960540055e-9
0.11218736443605135	6.015333102760352e-9
0.11344830125823162	6.023306370530676e-9
0.11471554276452282	6.031337524350378e-9
0.11598912047834534	6.0394270953839765e-9
0.11726906608073695	6.047575621065998e-9
0.11855541141114062	6.055783645194245e-9
0.11984818846819621	6.064051718023446e-9
0.12114742941053713	6.072380396361719e-9
0.12245316655758978	6.080770243667976e-9
0.1237654323903777	6.0892218301515915e-9
0.12508425955232963	6.097735732873433e-9
0.12640968085009122	6.106312535849153e-9
0.1277417292543416	6.114952830154183e-9
0.1290804379006133	6.1236572140300964e-9
0.13042584009011637	6.132426292994182e-9
0.1317779692905669	6.141260679949575e-9
0.13313685913701961	6.150160995298304e-9
0.13450254343270476	6.15912786705649e-9
0.13587505614986833	6.16816193097106e-9
0.13725443143061763	6.177263830638735e-9
0.13864070358777073	6.186434217627893e-9
0.14003390710570945	6.19567375160185e-9
0.14143407664123803	6.2049831004454975e-9
0.1428412470244442	6.214362940392464e-9
0.1442554532595664	6.223813956156991e-9
0.14567673052586416	6.233336841066519e-9
0.1471051141784935	6.2429322971978115e-9
0.14854063974938603	6.252601035514792e-9
0.149983342948133	6.262343776010136e-9
0.15143325966287374	6.2721612478482046e-9
0.15289042596118813	6.282054189511816e-9
0.15435487809099402	6.292023348951439e-9
0.15582665248144906	6.302069483737318e-9
0.1573057857438562	6.312193361214268e-9
0.15879231467257537	6.322395758659874e-9
0.16028627624593816	6.332677463445829e-9
0.16178770762716785	6.34303927320135e-9
0.16329664616530362	6.353481995981724e-9
0.16481312939613008	6.364006450438552e-9
0.1663371950431107	6.374613465993614e-9
0.16786888101832628	6.385303883017089e-9
0.1694082254234178	6.396078553007922e-9
0.1709552665505349	6.40693833877942e-9
0.17251004288328747	6.417884114646797e-9
0.17407259309770393	6.42891676661984e-9
0.17564295606319252	6.440037192599015e-9
0.17722117084350858	6.451246302575117e-9
0.17880727669772617	6.462545018833773e-9
0.18040131308121476	6.473934276163211e-9
0.18200331964662084	6.485415022066877e-9
0.18361333624485401	6.496988216980751e-9
0.18523140292607826	6.508654834493609e-9
0.18685755994070874	6.5204158615734115e-9
0.1884918477404122	6.532272298798299e-9
0.19013430697911424	6.544225160590922e-9
0.1917849785140098	6.5562754754587195e-9
0.19344390340657974	6.568424286239906e-9
0.19511112292361268	6.580672650352808e-9
0.1967866785382308	6.593021640052354e-9
0.19847061193092203	6.605472342690182e-9
0.20016296499057665	6.6180258609818335e-9
0.20186377981552947	6.630683313278578e-9
0.2035730987146071	6.643445833845436e-9
0.20529096420818022	6.6563145731453436e-9
0.20701741902922113	6.669290698128726e-9
0.20875250612436722	6.682375392530304e-9
0.210496268654989	6.695569857171561e-9
0.21224874999826396	6.708875310269836e-9
0.21400999374825516	6.722292987754667e-9
0.21578004371699644	6.735824143590395e-9
0.21755894393558148	6.749470050106701e-9
0.2193467386552594	6.763231998335235e-9
0.22114347234853576	6.777111298354895e-9
0.22294918971027836	6.791109279643917e-9
0.2247639356588297	6.805227291440353e-9
0.2265877553371239	6.819466703110385e-9
0.2284206941138094	6.833828904524766e-9
0.23026279758437848	6.848315306443853e-9
0.23211411157230027	6.862927340911795e-9
0.23397468213016168	6.877666461658583e-9
0.23584455554081238	6.8925341445125836e-9
0.23772377831851643	6.907531887821701e-9
0.23961239721010893	6.9226612128838705e-9
0.24151045919615952	6.937923664388975e-9
0.24341801149214037	6.953320810869037e-9
0.24533510154960114	6.968854245160131e-9
0.24726177705734917	6.9845255848752295e-9
0.24919808594263576	7.000336472887328e-9
0.251144076372349	7.016288577823824e-9
0.2530997967542107	7.032383594573344e-9
0.2550652957379817	7.0486232448048365e-9
0.2570406222166717	7.065009277497264e-9
0.2590258253277551	7.081543469483782e-9
0.26102095445439405	7.098227626008081e-9
0.2630260592266659	7.115063581294479e-9
0.2650411895227993	7.132053199131403e-9
0.2670663954704134	7.149198373468809e-9
0.26910172744776534	7.166501029031723e-9
0.27114723608500396	7.183963121946322e-9
0.27320297226542917	7.201586640383808e-9
0.27526898712675635	7.219373605218292e-9
0.27734533206239	7.237326070702232e-9
0.2794320587227019	7.255446125157786e-9
0.2815292190163153	7.273735891686516e-9
0.2836368651113967	7.292197528894877e-9
0.28575504943695385	7.3108332316409206e-9
0.28788382468413853	7.329645231796957e-9
0.29002324380755934	7.34863579903338e-9
0.29217336002659705	7.367807241622217e-9
0.29433422682673016	7.3871619072605536e-9
0.29650589796086374	7.406702183915752e-9
0.29868842745066804	7.426430500692276e-9
0.30088186958792124	7.446349328721616e-9
0.3030862789358609	7.466461182073982e-9
0.30530171033054027	7.486768618695511e-9
0.307528218882193	7.507274241368684e-9
0.30976585997660405	7.527980698699275e-9
0.312014689276487	7.548890686128507e-9
0.31427476272286925	7.570006946973181e-9
0.3165461365364837	7.591332273492407e-9
0.3188288672191662	7.612869507983744e-9
0.32112301155526213	7.634621543909402e-9
0.32342862661303834	7.656591327051862e-9
0.3257457697461036	7.67878185670175e-9
0.32807449859483384	7.701196186877799e-9
0.3304148710878078	7.723837427580684e-9
0.33276694544324686	7.746708746081527e-9
0.33513078017046305	7.769813368246136e-9
0.33750643407131514	7.793154579894803e-9
0.3398939662416715	7.816735728202928e-9
0.3422934360728799	7.840560223138873e-9
0.34470490325324404	7.864631538942442e-9
0.3471284277695101	7.888953215647295e-9
0.34956406990835764	7.913528860644468e-9
0.3520118902578995	7.938362150292748e-9
0.354471949709189	7.963456831573418e-9
0.3569443094577349	7.988816723794586e-9
0.3594290310050235	8.01444572034499e-9
0.3619261761600484	8.040347790497979e-9
0.3644358070408486	8.06652698126898e-9
0.36695798607605284	8.092987419328846e-9
0.36949277600643327	8.11973331297198e-9
0.37204023988646523	8.146768954145194e-9
0.3746004410858973	8.174098720536267e-9
0.3771734432913268	8.20172707772561e-9
0.3797593105077832	8.229658581402652e-9
0.3823581070603219	8.257897879650987e-9
0.38496989759562367	8.286449715301994e-9
0.3875947470836016	8.315318928360792e-9
0.3902327208190196	8.344510458509837e-9
0.3928838844231145	8.374029347685734e-9
0.39554830384522993	8.403880742740416e-9
0.3982260453644561	8.43406989818436e-9
0.4009171755912785	8.464602179015651e-9
0.40362176146923495	8.495483063641218e-9
0.40633987027658097	8.52671814688824e-9
0.4090715696279639	8.558313143113764e-9
0.4118169274761037	8.590273889414754e-9
0.4145760121134843	8.622606348941649e-9
0.4173488921740515	8.655316614320474e-9
0.4201356366349219	8.688410911185631e-9
0.42293631481809635	8.721895601831133e-9
0.4257509963921868	8.755777188981886e-9
0.42857975137414767	8.79006231969006e-9
0.43142265013101855	8.824757789362927e-9
0.43427976338167373	8.85987054592627e-9
0.43715116219858224	8.895407694128729e-9
0.44003691800957523	8.931376499992049e-9
0.44293710259962304	8.967784395416071e-9
0.4458517881126211	9.004638982940508e-9
0.44878104705318417	9.041948040672122e-9
0.45172495228844983	9.079719527384285e-9
0.45468357704989204	9.117961587796464e-9
0.4576569949351413	9.156682558036754e-9
0.46064527990981685	9.19589097130271e-9
0.4636485063093658	9.235595563721262e-9
0.4666667488409128	9.275805280419777e-9
0.4697000825851173	9.31652928181762e-9
0.4727485829980427	9.357776950145725e-9
0.47581232591303285	9.399557896205029e-9
0.478891387542598	9.441881966373435e-9
0.48198584448031084	9.48475924987327e-9
0.4850957737027124	9.528200086308178e-9
0.48822125257122595	9.572215073484322e-9
0.49136235883408197	9.61681507552637e-9
0.4945191706282523	9.662011231301257e-9
0.4976917664813935	9.70781496316518e-9
0.5008802253138004	9.754237986045775e-9
0.5040846264403696	9.80129231687783e-9
0.5073050495725715	9.848990284405443e-9
0.5105415748204343	9.897344539369276e-9
0.5137942826945365	9.946368065097521e-9
0.517063254108009	9.996074188515755e-9
0.5203485703785492	1.0046476591598946e-8
0.5236503132304419	1.0097589323285371e-8
0.5269685647965939	1.0149426811873915e-8
0.5303034076205766	1.0202003877926203e-8
0.5336549246586795	1.0255335747701876e-8
0.5370231992819728	1.0309438067149067e-8
0.5404083152783826	1.0364326916478023e-8
0.5438103568547747	1.0420018825348891e-8
0.5472294086390483	1.047653078869916e-8
0.5506655556822436	1.0533880283248542e-8
0.5541188834606549	1.0592085284708798e-8
0.5575894778779582	1.0651164285739974e-8
0.5610774252673477	1.0711136314687036e-8
0.5645828123936844	1.077202095513828e-8
0.5681057264556525	1.0833838366347048e-8
0.5716462550879309	1.0896609304564458e-8
0.5752044863633705	1.0960355145325253e-8
0.5787805087951873	1.1025097906742517e-8
0.5823744113391631	1.1090860273862749e-8
0.5859862833958588	1.1157665624135118e-8
0.5896162148128381	1.1225538054061197e-8
0.5932642958869024	1.1294502407082995e-8
0.5969306173663369	1.1364584302780089e-8
0.6006152704531684	1.1435810167449091e-8
0.6043183468054344	1.1508207266138124e-8
0.6080399385394615	1.1581803736223876e-8
0.6117801382321587	1.1656628622610293e-8
0.6155390389233192	1.1732711914650064e-8
0.6193167341179359	1.1810084584880273e-8
0.6231133177885255	1.1888778629680521e-8
0.6269288843774683	1.1968827111965201e-8
0.6307635287993556	1.205026420602925e-8
0.6346173464433522	1.2133125244674176e-8
0.6384904331755688	1.2217446768750372e-8
0.6423828853414466	1.2303266579263239e-8
0.6462947997681537	1.2390623792194734e-8
0.6502262737669944	1.247955889621139e-8
0.6541774051358293	1.257011381343139e-8
0.6581482921615082	1.2662331963446385e-8
0.6621390336223156	1.2756258330797724e-8
0.6661497287904271	1.2851939536129127e-8
0.6701804774343789	1.2949423911248497e-8
0.6742313798215507	1.3048761578351103e-8
0.6783025367206585	1.3150004533674867e-8
0.682394049404262	1.3253206735877139e-8
0.6865060196512833	1.3358424199446685e-8
0.6906385497495399	1.3465715093485484e-8
0.6947917424982876	1.3575139846223214e-8
0.6989657012107791	1.3686761255651877e-8
0.7031605297168331	1.380064460670278e-8
0.7073763323654171	1.3916857795417673e-8
0.7116132140272443	1.4035471460601064e-8
0.7158712800973803	1.4156559123486348e-8
0.7201506364978669	1.428019733598157e-8
0.724451389680356	1.4406465838116092e-8
0.7287736466287575	1.4535447725353932e-8
0.7331175148619014	1.4667229626502657e-8
0.737483102436211	1.4801901893001201e-8
0.7418705179483918	1.4939558800438986e-8
0.7462798705381338	1.5080298763239434e-8
0.7507112698908246	1.522422456351216e-8
0.7551648262402787	1.537144359517734e-8
0.7596406503714802	1.552206812455927e-8
0.7641388536233378	1.5676215568759612e-8
0.7686595478914543	1.5834008793241495e-8
0.7732028456309116	1.599557643019235e-8
0.777768859859066	1.6161053219386432e-8
0.7823577041583611	1.6330580373427257e-8
0.7869694926791531	1.65043059694614e-8
0.7916043401425489	1.668238536963744e-8
0.7962623618432616	1.686498167285316e-8
0.8009436736524779	1.705226620058589e-8
0.8056483920207402	1.724441901991156e-8
0.8103766339808439	1.7441629507178645e-8
0.8151285171507483	1.764409695618677e-8
0.8199041597365018	1.785203123519268e-8
0.8247036805351844	1.806565349758819e-8
0.8295271989378604	1.8285196951707645e-8
0.8343748349325497	1.8510907695942366e-8
0.8392467091072124	1.8743045626154702e-8
0.8441429426527486	1.8981885423391507e-8
0.8490636573660123	1.9227717631011548e-8
0.8540089756528424	1.9480849831743863e-8
0.8589790205311068	1.9741607936801826e-8
0.8639739156337622	2.0010337601132186e-8
0.868973915633762	2.0286294946155927e-8
0.8739739156337618	2.0569481555578236e-8
0.8789739156337616	2.0860184858286927e-8
0.8839739156337615	2.1158708030754728e-8
0.8889739156337613	2.146537119124345e-8
0.893973915633761	2.1780512724343042e-8
0.8989739156337608	2.2104490757039447e-8
0.9039739156337606	2.2437684810342194e-8
0.9089739156337604	2.2780497655080603e-8
0.9139739156337602	2.3133357406000002e-8
0.91897391563376	2.349671989498285e-8
0.9239739156337599	2.3871071372251676e-8
0.9289739156337596	2.425693159418491e-8
0.9339739156337594	2.4654857368118625e-8
0.9389739156337592	2.5065446638786224e-8
0.943973915633759	2.5489343218257995e-8
0.9489739156337588	2.592724228212481e-8
0.9539739156337586	2.637989677989537e-8
0.9589739156337583	2.6848124938187877e-8
0.9639739156337582	2.7332819072275167e-8
0.968973915633758	2.78349559664084e-8
0.9739739156337578	2.8355609137613493e-8
0.9789739156337576	2.8895963363386386e-8
0.9839739156337574	2.9457331933352407e-8
0.9889739156337571	3.0041177181296336e-8
0.9939739156337569	3.0649134970703736e-8
0.9989739156337567	3.1283043948199346e-8
1.0039739156337566	3.1944980550236844e-8
1.0089739156337563	3.2637300955312265e-8
1.0139739156337562	3.3362691424266405e-8
1.0189739156337558	3.412422877404478e-8
1.0239739156337557	3.4925453096391825e-8
1.0289739156337556	3.5770455275640004e-8
1.0339739156337553	3.666398239467312e-8
1.0389739156337552	3.761156476453162e-8
1.0439739156337549	3.861966909374592e-8
1.0489739156337547	3.969588325603541e-8
1.0539739156337544	4.084913925254474e-8
1.0589739156337543	4.2089982337133753e-8
1.0639739156337542	4.343089592822998e-8
1.0689739156337539	4.4886693925619296e-8
1.0739739156337538	4.6474994454071734e-8
1.0789739156337534	4.8216791950187204e-8
1.0839739156337533	5.0137147992780336e-8
1.088973915633753	5.2266025468395056e-8
1.093973915633753	5.4639295702897416e-8
1.0989739156337526	5.729995424565412e-8
1.1039739156337525	6.029958826505199e-8
1.1089739156337524	6.370014724178504e-8
1.113973915633752	6.757607911377601e-8
1.118973915633752	7.201690657145082e-8
1.1239739156337516	7.713033322539931e-8
1.1289739156337515	8.304598734566865e-8
1.1339739156337512	8.991993236532897e-8
1.138973915633751	9.794009901583963e-8
1.143973915633751	1.073328246018404e-7
1.1489739156337506	1.1837072145140044e-7
1.1539739156337505	1.3138214007701982e-7
1.1589739156337502	1.4676254431840317e-7
1.16397391563375	1.649881771802831e-7
1.1689739156337497	1.8663246892091066e-7
1.1739739156337496	2.1238572511312648e-7
1.1789739156337493	2.4307873402669593e-7
1.1839739156337492	2.7971105205718056e-7
1.187980436725312	3.141528360480042e-7
1.1919869578168745	3.539050046968057e-7
1.1959934789084372	3.998118277524069e-7
1.2	4.528518396349094e-7
