0.0006999999999999628	7.910978496443033e-11
0.001403500000000035	7.921959699730116e-11
0.0021105174999999296	7.933016186890068e-11
0.0028210700874998964	7.944148363506618e-11
0.003535175437937438	7.955356864076834e-11
0.004252851315127062	7.966642331692337e-11
0.004974115571702636	7.97800541581619e-11
0.005698986149561044	7.989446772428518e-11
0.006427481080308875	8.000967064170095e-11
0.007159618485710418	8.012566960473108e-11
0.007895416578138905	8.024247137679778e-11
0.008634893661029494	8.036008279158192e-11
0.00937806812933463	8.047851075411154e-11
0.010124958469981361	8.05977622418605e-11
0.010875583262331262	8.071784430580513e-11
0.01162996117864295	8.083876407148058e-11
0.012388110984536127	8.096052874006028e-11
0.013150051539458866	8.108314558939598e-11
0.013915801797156208	8.12066219751007e-11
0.014685380806142003	8.13309653316247e-11
0.015458807710172712	8.145618317333648e-11
0.01623610174872358	8.158228309562417e-11
0.017017282257467212	8.170927277601171e-11
0.017802368668754516	8.183715997527499e-11
0.01859138051209827	8.196595253859233e-11
0.019384337414658823	8.20956583966861e-11
0.020181259101732015	8.222628556700825e-11
0.020982165397240727	8.235784215491183e-11
0.02178707622422691	8.249033635486761e-11
0.02259601160534814	8.262377645168534e-11
0.02340899166337483	8.275817082174416e-11
0.024226036621691812	8.289352793426165e-11
0.02504716680480027	8.302985635256447e-11
0.025872402638824326	8.316716473539518e-11
0.02670176465201842	8.330546183822e-11
0.02753527347527842	8.344475651456669e-11
0.028372949842654864	8.358505771739147e-11
0.0292148145918682	8.372637450044985e-11
0.03006088866482743	8.386871601970565e-11
0.03091119310815165	8.40120915347493e-11
0.0317657490736924	8.415651041024648e-11
0.03262457781906081	8.430198211740627e-11
0.03348770070815601	8.444851623548241e-11
0.034355139211696875	8.459612245327623e-11
0.035226914907755424	8.474481057069351e-11
0.03610304948229413	8.489459050030402e-11
0.03698356472970569	8.504547226893299e-11
0.03786848255335419	8.519746601928516e-11
0.038757824966120964	8.535058201158836e-11
0.03965161409095162	8.550483062526177e-11
0.04054987216140643	8.566022236062511e-11
0.04145262152221345	8.581676784062333e-11
0.04235988462982453	8.597447781257794e-11
0.04327168405297366	8.613336314998746e-11
0.0441880424732386	8.62934348543317e-11
0.04510898268560485	8.645470405692738e-11
0.046034527599032954	8.661718202080245e-11
0.04696470023702812	8.67808801426096e-11
0.04789952373821329	8.694580995456827e-11
0.048839021356904266	8.711198312644377e-11
0.04978321646368884	8.727941146755409e-11
0.05073213254600732	8.744810692881218e-11
0.05168579320873729	8.761808160481853e-11
0.052644222174780875	8.778934773595795e-11
0.05360744328565471	8.796191771056956e-11
0.054575480502083065	8.813580406711922e-11
0.055548357904593434	8.831101949644763e-11
0.056526099694116344	8.848757684402096e-11
0.0575087301925869	8.866548911224415e-11
0.05849627384354973	8.884476946280469e-11
0.05948875521276744	8.902543121906397e-11
0.06048619898883127	8.920748786848538e-11
0.061488629983775384	8.939095306510807e-11
0.06249607313369419	8.957584063206846e-11
0.06350855349936275	8.976216456415343e-11
0.06452609626685958	8.994993903041412e-11
0.06554872674819387	9.013917837682378e-11
0.06657647038193484	9.03298971289707e-11
0.06760935273384447	9.05221099948167e-11
0.06864739949751365	9.071583186749498e-11
0.0696906364950013	9.09110778281607e-11
0.07073908967747639	9.110786314889173e-11
0.07179278512586384	9.13062032956526e-11
0.07285174905149322	9.15061139312906e-11
0.0739160077967507	9.170761091862024e-11
0.07498558783573436	9.191071032351905e-11
0.07606051577491299	9.211542841813013e-11
0.07714081835378758	9.232178168408024e-11
0.07822652244555647	9.252978681579184e-11
0.07931765505778425	9.273946072383128e-11
0.0804142433330731	9.295082053833263e-11
0.08151631454973848	9.3163883612485e-11
0.08262389612248718	9.337866752607525e-11
0.0837370156030995	9.359519008911415e-11
0.0848557006811149	9.381346934551216e-11
0.0859799791845205	9.403352357683708e-11
0.08710987908044313	9.425537130614121e-11
0.08824542847584534	9.447903130185127e-11
0.08938665561822454	9.470452258174924e-11
0.09053358889631567	9.493186441701963e-11
0.09168625684079722	9.516107633636454e-11
0.09284468812500112	9.539217813022118e-11
0.09400891156562617	9.562518985504033e-11
0.0951789561234543	9.586013183765123e-11
0.09635485090407148	9.609702467972291e-11
0.09753662515859184	9.633588926229255e-11
0.0987243082843847	9.657674675040783e-11
0.09991792982580656	9.681961859782744e-11
0.10111751947493569	9.706452655185201e-11
0.10232310707231031	9.731149265820658e-11
0.1035347226076718	9.756053926605884e-11
0.10475239622071016	9.781168903311357e-11
0.10597615820181366	9.806496493081691e-11
0.10720603899282274	9.832039024965524e-11
0.10844206918778684	9.857798860457453e-11
0.10968427953372567	9.883778394048782e-11
0.1109327009313943	9.909980053792464e-11
0.11218736443605135	9.936406301875215e-11
0.11344830125823162	9.963059635204765e-11
0.11471554276452282	9.989942586006718e-11
0.11598912047834534	1.0017057722436012e-10
0.11726906608073695	1.0044407649196978e-10
0.11855541141114062	1.0071995008180646e-10
0.11984818846819621	1.0099822479110567e-10
0.12114742941053713	1.0127892780206239e-10
0.12245316655758978	1.0156208668856605e-10
0.1237654323903777	1.0184772942309882e-10
0.12508425955232963	1.0213588438376075e-10
0.12640968085009122	1.0242658036144929e-10
0.1277417292543416	1.0271984656719863e-10
0.1290804379006133	1.0301571263964639e-10
0.13042584009011637	1.0331420865268097e-10
0.1317779692905669	1.0361536512323447e-10
0.13313685913701961	1.0391921301925906e-10
0.13450254343270476	1.0422578376784852e-10
0.13587505614986833	1.0453510926354806e-10
0.13725443143061763	1.0484722187684452e-10
0.13864070358777073	1.05162154462818e-10
0.14003390710570945	1.0547994037000259e-10
0.14143407664123803	1.0580061344942797e-10
0.1428412470244442	1.0612420806385037e-10
0.1442554532595664	1.0645075909718873e-10
0.14567673052586416	1.0678030196417968e-10
0.1471051141784935	1.0711287262021383e-10
0.14854063974938603	1.0744850757141409e-10
0.149983342948133	1.0778724388491631e-10
0.15143325966287374	1.0812911919939175e-10
0.15289042596118813	1.084741717357956e-10
0.15435487809099402	1.0882244030835179e-10
0.15582665248144906	1.091739643357724e-10
0.1573057857438562	1.095287838527554e-10
0.15879231467257537	1.0988693952171097e-10
0.16028627624593816	1.1024847264477408e-10
0.16178770762716785	1.1061342517606286e-10
0.16329664616530362	1.1098183973424317e-10
0.16481312939613008	1.1135375961534809e-10
0.1663371950431107	1.1172922880591759e-10
0.16786888101832628	1.1210829199641743e-10
0.1694082254234178	1.1249099459497285e-10
0.1709552665505349	1.1287738274142592e-10
0.17251004288328747	1.13267503321699e-10
0.17407259309770393	1.1366140398251412e-10
0.17564295606319252	1.1405913314642316e-10
0.17722117084350858	1.1446074002723434e-10
0.17880727669772617	1.1486627464574344e-10
0.18040131308121476	1.1527578784588749e-10
0.18200331964662084	1.1568933131123041e-10
0.18361333624485401	1.161069575818913e-10
0.18523140292607826	1.165287200718155e-10
0.18685755994070874	1.169546730865108e-10
0.1884918477404122	1.1738487184117094e-10
0.19013430697911424	1.178193724792506e-10
0.1917849785140098	1.1825823209148313e-10
0.19344390340657974	1.187015087353451e-10
0.19511112292361268	1.1914926145502903e-10
0.1967866785382308	1.1960155030185235e-10
0.19847061193092203	1.200584363552047e-10
0.20016296499057665	1.205199817439822e-10
0.20186377981552947	1.2098624966857464e-10
0.2035730987146071	1.214573044233608e-10
0.20529096420818022	1.2193321141979647e-10
0.20701741902922113	1.2241403721005e-10
0.20875250612436722	1.2289984951123538e-10
0.210496268654989	1.2339071723026317e-10
0.21224874999826396	1.2388671048929884e-10
0.21400999374825516	1.2438790065187315e-10
0.21578004371699644	1.2489436034965114e-10
0.21755894393558148	1.254061635098814e-10
0.2193467386552594	1.2592338538354695e-10
0.22114347234853576	1.2644610257423064e-10
0.22294918971027836	1.2697439306773963e-10
0.2247639356588297	1.2750833626246074e-10
0.2265877553371239	1.2804801300054444e-10
0.2284206941138094	1.2859350559986522e-10
0.23026279758437848	1.2914489788683823e-10
0.23211411157230027	1.2970227523007173e-10
0.23397468213016168	1.3026572457493643e-10
0.23584455554081238	1.3083533447901853e-10
0.23772377831851643	1.314111951485282e-10
0.23961239721010893	1.319933984756753e-10
0.24151045919615952	1.3258203807703393e-10
0.24341801149214037	1.3317720933294928e-10
0.24533510154960114	1.3377900942799991e-10
0.24726177705734917	1.3438753739254397e-10
0.24919808594263576	1.350028941454145e-10
0.251144076372349	1.356251825377615e-10
0.2530997967542107	1.362545073980932e-10
0.2550652957379817	1.368909755785655e-10
0.2570406222166717	1.375346960025413e-10
0.2590258253277551	1.3818577971345963e-10
0.26102095445439405	1.3884433992509312e-10
0.2630260592266659	1.3951049207316404e-10
0.2650411895227993	1.401843538684409e-10
0.2670663954704134	1.4086604535133091e-10
0.26910172744776534	1.4155568894798237e-10
0.27114723608500396	1.4225340952802914e-10
0.27320297226542917	1.4295933446393798e-10
0.27526898712675635	1.4367359369206697e-10
0.27734533206239	1.4439631977551555e-10
0.2794320587227019	1.4512764796872353e-10
0.2815292190163153	1.4586771628400032e-10
0.2836368651113967	1.466166655599531e-10
0.28575504943695385	1.4737463953195884e-10
0.28788382468413853	1.4814178490465382e-10
0.29002324380755934	1.4891825142660203e-10
0.29217336002659705	1.4970419196716052e-10
0.29433422682673016	1.5049976259563275e-10
0.29650589796086374	1.5130512266279584e-10
0.29868842745066804	1.5212043488486562e-10
0.30088186958792124	1.5294586542999496e-10
0.3030862789358609	1.5378158400739445e-10
0.30530171033054027	1.5462776395917366e-10
0.307528218882193	1.5548458235498023e-10
0.30976585997660405	1.5635222008953173e-10
0.312014689276487	1.5723086198319288e-10
0.31427476272286925	1.581206968856365e-10
0.3165461365364837	1.5902191778272139e-10
0.3188288672191662	1.5993472190676747e-10
0.32112301155526213	1.6085931085023212e-10
0.32342862661303834	1.6179589068301427e-10
0.3257457697461036	1.6274467207345626e-10
0.32807449859483384	1.6370587041321932e-10
0.3304148710878078	1.6467970594613407e-10
0.33276694544324686	1.6566640390122305e-10
0.33513078017046305	1.6666619462997873e-10
0.33750643407131514	1.6767931374815782e-10
0.3398939662416715	1.687060022821393e-10
0.3422934360728799	1.697465068201165e-10
0.34470490325324404	1.7080107966827785e-10
0.3471284277695101	1.7186997901211353e-10
0.34956406990835764	1.7295346908313146e-10
0.3520118902578995	1.7405182033112472e-10
0.354471949709189	1.7516530960223668e-10
0.3569443094577349	1.7629422032301044e-10
0.3594290310050235	1.7743884269072401e-10
0.3619261761600484	1.7859947387018354e-10
0.3644358070408486	1.79776418197268e-10
0.36695798607605284	1.8096998738949916e-10
0.36949277600643327	1.8218050076386538e-10
0.37204023988646523	1.8340828546227397e-10
0.3746004410858973	1.846536766848527e-10
0.3771734432913268	1.8591701793145236e-10
0.3797593105077832	1.8719866125171352e-10
0.3823581070603219	1.884989675039893e-10
0.38496989759562367	1.8981830662353098e-10
0.3875947470836016	1.911570579002873e-10
0.3902327208190196	1.9251561026672507e-10
0.3928838844231145	1.9389436259612553e-10
0.39554830384522993	1.952937240117422e-10
0.3982260453644561	1.9671411420728013e-10
0.4009171755912785	1.9815596377920535e-10
0.40362176146923495	1.9961971457140728e-10
0.40633987027658097	2.0110582003266033e-10
0.4090715696279639	2.0261474558750695e-10
0.4118169274761037	2.0414696902112006e-10
0.4145760121134843	2.0570298087876506e-10
0.4173488921740515	2.072832848804693e-10
0.4201356366349219	2.0888839835158677e-10
0.42293631481809635	2.105188526699944e-10
0.4257509963921868	2.1217519373056842e-10
0.42857975137414767	2.138579824278174e-10
0.43142265013101855	2.155677951574438e-10
0.43427976338167373	2.1730522433765909e-10
0.43715116219858224	2.1907087895120456e-10
0.44003691800957523	2.2086538510901008e-10
0.44293710259962304	2.2268938663645378e-10
0.4458517881126211	2.245435456833253e-10
0.44878104705318417	2.264285433585685e-10
0.45172495228844983	2.2834508039094272e-10
0.45468357704989204	2.3029387781685825e-10
0.4576569949351413	2.322756776967089e-10
0.46064527990981685	2.342912438609417e-10
0.4636485063093658	2.363413626874515e-10
0.4666667488409128	2.384268439116511e-10
0.4697000825851173	2.405485214709897e-10
0.4727485829980427	2.4270725438542115e-10
0.47581232591303285	2.4490392767573134e-10
0.478891387542598	2.471394533214873e-10
0.48198584448031084	2.494147712607518e-10
0.4850957737027124	2.5173085043343306e-10
0.48822125257122595	2.5408868987068603e-10
0.49136235883408197	2.5648931983257056e-10
0.4945191706282523	2.5893380299652476e-10
0.4976917664813935	2.614232356992024e-10
0.5008802253138004	2.639587492344801e-10
0.5040846264403696	2.6654151121057696e-10
0.5073050495725715	2.6917272696939167e-10
0.5105415748204343	2.7185364107128903e-10
0.5137942826945365	2.7458553884893477e-10
0.517063254108009	2.7736974803380695e-10
0.5203485703785492	2.8020764045933933e-10
0.5236503132304419	2.831006338448308e-10
0.5269685647965939	2.8605019366460996e-10
0.5303034076205766	2.8905783510712465e-10
0.5336549246586795	2.921251251289385e-10
0.5370231992819728	2.952536846090099e-10
0.5404083152783826	2.9844519060879926e-10
0.5438103568547747	3.017013787443637e-10
0.5472294086390483	3.0502404567669637e-10
0.5506655556822436	3.0841505172727175e-10
0.5541188834606549	3.118763236259175e-10
0.5575894778779582	3.154098573989033e-10
0.5610774252673477	3.1901772140539044e-10
0.5645828123936844	3.227020595311411e-10
0.5681057264556525	3.2646509454888266e-10
0.5716462550879309	3.303091316552898e-10
0.5752044863633705	3.342365621955201e-10
0.5787805087951873	3.3824986758654597e-10
0.5823744113391631	3.4235162345179667e-10
0.5859862833958588	3.465445039801084e-10
0.5896162148128381	3.5083128652310705e-10
0.5932642958869024	3.552148564461172e-10
0.5969306173663369	3.596982122488087e-10
0.6006152704531684	3.6428447097283e-10
0.6043183468054344	3.6897687391510955e-10
0.6080399385394615	3.737787926668746e-10
0.6117801382321587	3.7869373549970917e-10
0.6155390389233192	3.8372535412191187e-10
0.6193167341179359	3.888774508299016e-10
0.6231133177885255	3.9415398608143034e-10
0.6269288843774683	3.9955908651951085e-10
0.6307635287993556	4.0509705347789083e-10
0.6346173464433522	4.10772372001867e-10
0.6384904331755688	4.1658972042034977e-10
0.6423828853414466	4.2255398050835093e-10
0.6462947997681537	4.2867024828208706e-10
0.6502262737669944	4.349438454723465e-10
0.6541774051358293	4.4138033172554126e-10
0.6581482921615082	4.4798551758604204e-10
0.6621390336223156	4.5476547831780565e-10
0.6661497287904271	4.6172656862832634e-10
0.6701804774343789	4.68875438363374e-10
0.6742313798215507	4.762190492467917e-10
0.6783025367206585	4.837646927464345e-10
0.682394049404262	4.915200091543239e-10
0.6865060196512833	4.994930079769732e-10
0.6906385497495399	5.076920897410528e-10
0.6947917424982876	5.161260693284562e-10
0.6989657012107791	5.248042009664763e-10
0.7031605297168331	5.337362050097497e-10
0.7073763323654171	5.429322966646288e-10
0.7116132140272443	5.524032168204998e-10
0.7158712800973803	5.62160265169624e-10
0.7201506364978669	5.722153358144377e-10
0.724451389680356	5.825809555822661e-10
0.7287736466287575	5.932703252896549e-10
0.7331175148619014	6.042973642241418e-10
0.737483102436211	6.156767581400065e-10
0.7418705179483918	6.274240110963707e-10
0.7462798705381338	6.395555015031174e-10
0.7507112698908246	6.520885427804312e-10
0.7551648262402787	6.650414490851323e-10
0.7596406503714802	6.784336066095697e-10
0.7641388536233378	6.922855510195122e-10
0.7686595478914543	7.066190516670813e-10
0.7732028456309116	7.214572032929615e-10
0.777768859859066	7.368245260247291e-10
0.7823577041583611	7.52747074582147e-10
0.7869694926791531	7.692525577225929e-10
0.7916043401425489	7.863704691005919e-10
0.7962623618432616	8.041322308802219e-10
0.8009436736524779	8.225713516305248e-10
0.8056483920207402	8.417236002597005e-10
0.8103766339808439	8.616271980081325e-10
0.8151285171507483	8.823230308323802e-10
0.8199041597365018	9.038548848820146e-10
0.8247036805351844	9.262697082099864e-10
0.8295271989378604	9.496179023805104e-10
0.8343748349325497	9.739536482637955e-10
0.8392467091072124	9.993352710577684e-10
0.8441429426527486	1.0258256504799395e-9
0.8490636573660123	1.0534926831634766e-9
0.8540089756528424	1.0824098056127546e-9
0.8589790205311068	1.1126565876781574e-9
0.8639739156337622	1.1443194084661103e-9
0.868973915633762	1.1773581563774546e-9
0.8739739156337618	1.211820873171864e-9
0.8789739156337616	1.2477938207230377e-9
0.8839739156337615	1.285370514620837e-9
0.8889739156337613	1.3246525626668793e-9
0.893973915633761	1.3657506288460467e-9
0.8989739156337608	1.4087855450520153e-9
0.9039739156337606	1.4538895970720986e-9
0.9089739156337604	1.501208016504278e-9
0.9139739156337602	1.5509007164985548e-9
0.91897391563376	1.603144316699743e-9
0.9239739156337599	1.6581345117841175e-9
0.9289739156337596	1.7160888488474399e-9
0.9339739156337594	1.777249991995135e-9
0.9389739156337592	1.841889568278093e-9
0.943973915633759	1.9103127081653288e-9
0.9489739156337588	1.9828634167289704e-9
0.9539739156337586	2.0599309394555543e-9
0.9589739156337583	2.1419573200836813e-9
0.9639739156337582	2.2294463882971166e-9
0.968973915633758	2.322974463922224e-9
0.9739739156337578	2.4232031232375385e-9
0.9789739156337576	2.5308944442124446e-9
0.9839739156337574	2.6469292335019686e-9
0.9889739156337571	2.7723288419114294e-9
0.9939739156337569	2.9082813005286464e-9
0.9989739156337567	3.0561726612783705e-9
1.0039739156337566	3.217624608697154e-9
1.0089739156337563	3.394539630768342e-9
1.0139739156337562	3.589155303553047e-9
1.0189739156337558	3.8041095665588885e-9
1.0239739156337557	4.0425192546879386e-9
1.0289739156337556	4.308074621882468e-9
1.0339739156337553	4.605153157696995e-9
1.0389739156337552	4.938956680712003e-9
1.0439739156337549	5.31567651566086e-9
1.0489739156337547	5.742692552747538e-9
1.0539739156337544	6.2288131818486265e-9
1.0589739156337543	6.784564531695134e-9
1.0639739156337542	7.422539173134055e-9
1.0689739156337539	8.157816523801926e-9
1.0739739156337538	9.008469687514727e-9
1.0789739156337534	9.99617645656812e-9
1.0839739156337533	1.1146955794999067e-8
1.088973915633753	1.2492055418781145e-8
1.093973915633753	1.4069021227964657e-8
1.0989739156337526	1.5922985481393284e-8
1.1039739156337525	1.8108217918155212e-8
1.1089739156337524	2.0689992731341398e-8
1.113973915633752	2.3746834631088923e-8
1.118973915633752	2.7373219472266926e-8
1.1239739156337516	3.1682819382128086e-8
1.1289739156337515	3.681239935892358e-8
1.1339739156337512	4.292649231784656e-8
1.138973915633751	5.022300296899155e-8
1.143973915633751	5.8939918191033753e-8
1.1489739156337506	6.936333320897842e-8
1.1539739156337505	8.183703940166636e-8
1.1589739156337502	9.677396145022789e-8
1.16397391563375	1.1466977923654679e-7
1.1689739156337497	1.3611912374025777e-7
1.1739739156337496	1.618347962754942e-7
1.1789739156337493	1.926705264840386e-7
1.1839739156337492	2.2964785565337985e-7
1.187980436725312	2.6452511499138283e-7
1.1919869578168745	3.0486163760605604e-7
1.1959934789084372	3.5150456890932226e-7
1.2	4.054289684133914e-7
