0.0006999999999999628	1.6895941315991063e-11
0.001403500000000035	1.6926273245197715e-11
0.0021105174999999296	1.6956824545937467e-11
0.0028210700874998964	1.6987595244234293e-11
0.003535175437937438	1.7018587281809812e-11
0.004252851315127062	1.7049802643093355e-11
0.004974115571702636	1.7081243333304254e-11
0.005698986149561044	1.711291137882255e-11
0.006427481080308875	1.7144808827707687e-11
0.007159618485710418	1.7176937750164403e-11
0.007895416578138905	1.7209300238965132e-11
0.008634893661029494	1.7241898409857486e-11
0.00937806812933463	1.7274734401958995e-11
0.010124958469981361	1.730781037813759e-11
0.010875583262331262	1.7341128525396474e-11
0.01162996117864295	1.73746910552483e-11
0.012388110984536127	1.740850020409421e-11
0.013150051539458866	1.7442558233601586e-11
0.013915801797156208	1.7476867431081433e-11
0.014685380806142003	1.7511430109870835e-11
0.015458807710172712	1.7546248609717973e-11
0.01623610174872358	1.7581325297166885e-11
0.017017282257467212	1.761666256595296e-11
0.017802368668754516	1.7652262837395875e-11
0.01859138051209827	1.7688128560803528e-11
0.019384337414658823	1.7724262213874264e-11
0.020181259101732015	1.7760666303112182e-11
0.020982165397240727	1.7797343364241454e-11
0.02178707622422691	1.783429596263191e-11
0.02259601160534814	1.7871526693725032e-11
0.02340899166337483	1.790903818347395e-11
0.024226036621691812	1.794683308878257e-11
0.02504716680480027	1.7984914097956462e-11
0.025872402638824326	1.8023283931158483e-11
0.02670176465201842	1.8061945340874085e-11
0.02753527347527842	1.8100901112379424e-11
0.028372949842654864	1.8140154064224758e-11
0.0292148145918682	1.8179707048715327e-11
0.03006088866482743	1.821956295241277e-11
0.03091119310815165	1.8259724696631655e-11
0.0317657490736924	1.8300195237955415e-11
0.03262457781906081	1.8340977568755262e-11
0.03348770070815601	1.8382074717717163e-11
0.034355139211696875	1.842348975038141e-11
0.035226914907755424	1.846522576969044e-11
0.03610304948229413	1.850728591654292e-11
0.03698356472970569	1.854967337036062e-11
0.03786848255335419	1.8592391349665596e-11
0.038757824966120964	1.863544311266402e-11
0.03965161409095162	1.867883195784172e-11
0.04054987216140643	1.8722561224573177e-11
0.04145262152221345	1.876663429373613e-11
0.04235988462982453	1.8811054588340646e-11
0.04327168405297366	1.8855825574166297e-11
0.0441880424732386	1.8900950760415004e-11
0.04510898268560485	1.8946433700369752e-11
0.046034527599032954	1.899227799207133e-11
0.04696470023702812	1.9038487278999996e-11
0.04789952373821329	1.9085065250777312e-11
0.048839021356904266	1.9132015643873488e-11
0.04978321646368884	1.9179342242331088e-11
0.05073213254600732	1.92270488785014e-11
0.05168579320873729	1.9275139433795045e-11
0.052644222174780875	1.9323617839441932e-11
0.05360744328565471	1.9372488077271295e-11
0.054575480502083065	1.942175418050199e-11
0.055548357904593434	1.9471420234545315e-11
0.056526099694116344	1.952149037783002e-11
0.0575087301925869	1.9571968802633174e-11
0.05849627384354973	1.9622859755934395e-11
0.05948875521276744	1.967416754027952e-11
0.06048619898883127	1.9725896514665698e-11
0.061488629983775384	1.9778051095439693e-11
0.06249607313369419	1.9830635757211837e-11
0.06350855349936275	1.988365503379076e-11
0.06452609626685958	1.993711351913364e-11
0.06554872674819387	1.9991015868314008e-11
0.06657647038193484	2.00453667985072e-11
0.06760935273384447	2.010017108999784e-11
0.06864739949751365	2.0155433587202022e-11
0.0696906364950013	2.0211159199710546e-11
0.07073908967747639	2.0267352903354872e-11
0.07179278512586384	2.0324019741288017e-11
0.07285174905149322	2.038116482509143e-11
0.0739160077967507	2.0438793335899287e-11
0.07498558783573436	2.0496910525546456e-11
0.07606051577491299	2.0555521717737697e-11
0.07714081835378758	2.0614632309241536e-11
0.07822652244555647	2.0674247771102883e-11
0.07931765505778425	2.0734373649884898e-11
0.0804142433330731	2.0795015568930925e-11
0.08151631454973848	2.0856179229653124e-11
0.08262389612248718	2.0917870412845044e-11
0.0837370156030995	2.098009498002039e-11
0.0848557006811149	2.1042858874782522e-11
0.0859799791845205	2.110616812421161e-11
0.08710987908044313	2.117002884028891e-11
0.08824542847584534	2.1234447221344173e-11
0.08938665561822454	2.1299429553533834e-11
0.09053358889631567	2.1364982212348154e-11
0.09168625684079722	2.1431111664148156e-11
0.09284468812500112	2.149782446773623e-11
0.09400891156562617	2.156512727595193e-11
0.0951789561234543	2.163302683731074e-11
0.09635485090407148	2.1701529997665268e-11
0.09753662515859184	2.177064370190762e-11
0.0987243082843847	2.1840374995703077e-11
0.09991792982580656	2.191073102726092e-11
0.10111751947493569	2.1981719049139328e-11
0.10232310707231031	2.2053346420091742e-11
0.1035347226076718	2.21256206069485e-11
0.10475239622071016	2.2198549186536166e-11
0.10597615820181366	2.227213984764043e-11
0.10720603899282274	2.234640039300724e-11
0.10844206918778684	2.2421338741388152e-11
0.10968427953372567	2.2496962929625174e-11
0.1109327009313943	2.2573281114783285e-11
0.11218736443605135	2.2650301576327658e-11
0.11344830125823162	2.272803271834048e-11
0.11471554276452282	2.2806483071795874e-11
0.11598912047834534	2.2885661296876247e-11
0.11726906608073695	2.296557618533742e-11
0.11855541141114062	2.3046236662928136e-11
0.11984818846819621	2.3127651791861202e-11
0.12114742941053713	2.3209830773333354e-11
0.12245316655758978	2.3292782950109446e-11
0.1237654323903777	2.3376517809148776e-11
0.12508425955232963	2.3461044984302724e-11
0.12640968085009122	2.354637425906255e-11
0.1277417292543416	2.3632515569370466e-11
0.1290804379006133	2.3719479006490362e-11
0.13042584009011637	2.380727481994757e-11
0.1317779692905669	2.3895913420523788e-11
0.13313685913701961	2.3985405383329612e-11
0.13450254343270476	2.4075761450938398e-11
0.13587505614986833	2.416699253659081e-11
0.13725443143061763	2.4259109727474014e-11
0.13864070358777073	2.4352124288072217e-11
0.14003390710570945	2.4446047663593112e-11
0.14143407664123803	2.454089148347441e-11
0.1428412470244442	2.4636667564965134e-11
0.1442554532595664	2.4733387916792974e-11
0.14567673052586416	2.4831064742913875e-11
0.1471051141784935	2.4929710446346095e-11
0.14854063974938603	2.5029337633094383e-11
0.149983342948133	2.512995911616674e-11
0.15143325966287374	2.523158791967608e-11
0.15289042596118813	2.533423728304819e-11
0.15435487809099402	2.543792066531892e-11
0.15582665248144906	2.55426517495369e-11
0.1573057857438562	2.5648444447266794e-11
0.15879231467257537	2.5755312903201417e-11
0.16028627624593816	2.58632714998787e-11
0.16178770762716785	2.597233486251464e-11
0.16329664616530362	2.6082517863948507e-11
0.16481312939613008	2.619383562970799e-11
0.1663371950431107	2.6306303543191904e-11
0.16786888101832628	2.641993725098486e-11
0.1694082254234178	2.6534752668288982e-11
0.1709552665505349	2.6650765984500076e-11
0.17251004288328747	2.6767993668905473e-11
0.17407259309770393	2.6886452476533766e-11
0.17564295606319252	2.7006159454137697e-11
0.17722117084350858	2.712713194632861e-11
0.17880727669772617	2.7249387601860405e-11
0.18040131308121476	2.7372944380070254e-11
0.18200331964662084	2.7497820557475786e-11
0.18361333624485401	2.7624034734539156e-11
0.18523140292607826	2.7751605842600332e-11
0.18685755994070874	2.7880553150982325e-11
0.1884918477404122	2.801089627427371e-11
0.19013430697911424	2.8142655179800214e-11
0.1917849785140098	2.827585019527993e-11
0.19344390340657974	2.8410502016676243e-11
0.19511112292361268	2.854663171624877e-11
0.1967866785382308	2.868426075081401e-11
0.19847061193092203	2.8823410970214375e-11
0.20016296499057665	2.896410462600893e-11
0.20186377981552947	2.9106364380383094e-11
0.2035730987146071	2.925021331530071e-11
0.20529096420818022	2.939567494188195e-11
0.20701741902922113	2.9542773210036907e-11
0.20875250612436722	2.96915325183466e-11
0.210496268654989	2.984197772420579e-11
0.21224874999826396	2.999413415423424e-11
0.21400999374825516	3.0148027614966967e-11
0.21578004371699644	3.0303684403823664e-11
0.21755894393558148	3.046113132038031e-11
0.2193467386552594	3.062039567793496e-11
0.22114347234853576	3.078150531538982e-11
0.22294918971027836	3.0944488609456954e-11
0.2247639356588297	3.110937448718952e-11
0.2265877553371239	3.127619243886546e-11
0.2284206941138094	3.1444972531207406e-11
0.23026279758437848	3.161574542098608e-11
0.23211411157230027	3.178854236898244e-11
0.23397468213016168	3.196339525434804e-11
0.23584455554081238	3.2140336589355554e-11
0.23772377831851643	3.231939953457196e-11
0.23961239721010893	3.2500617914448133e-11
0.24151045919615952	3.2684026233352816e-11
0.24341801149214037	3.28696596920543e-11
0.24533510154960114	3.3057554204677115e-11
0.24726177705734917	3.3247746416139237e-11
0.24919808594263576	3.344027372008372e-11
0.251144076372349	3.3635174277330316e-11
0.2530997967542107	3.383248703486182e-11
0.2550652957379817	3.4032251745350625e-11
0.2570406222166717	3.4234508987266194e-11
0.2590258253277551	3.443930018555703e-11
0.26102095445439405	3.46466676329501e-11
0.2630260592266659	3.485665451186824e-11
0.2650411895227993	3.506930491700539e-11
0.2670663954704134	3.528466387856118e-11
0.26910172744776534	3.550277738617864e-11
0.27114723608500396	3.5723692413594525e-11
0.27320297226542917	3.5947456944026673e-11
0.27526898712675635	3.617411999633755e-11
0.27734533206239	3.6403731651983585e-11
0.2794320587227019	3.663634308279132e-11
0.2815292190163153	3.687200657957585e-11
0.2836368651113967	3.711077558164933e-11
0.28575504943695385	3.73527047072321e-11
0.28788382468413853	3.759784978480644e-11
0.29002324380755934	3.7846267885454344e-11
0.29217336002659705	3.809801735619766e-11
0.29433422682673016	3.835315785439067e-11
0.29650589796086374	3.86117503831993e-11
0.29868842745066804	3.8873857328199425e-11
0.30088186958792124	3.913954249514396e-11
0.3030862789358609	3.940887114893764e-11
0.30530171033054027	3.968191005386697e-11
0.307528218882193	3.9958727515122066e-11
0.30976585997660405	4.023939342166857e-11
0.312014689276487	4.052397929051521e-11
0.31427476272286925	4.08125583124354e-11
0.3165461365364837	4.110520539918134e-11
0.3188288672191662	4.1401997232268564e-11
0.32112301155526213	4.170301231336896e-11
0.32342862661303834	4.200833101639354e-11
0.3257457697461036	4.231803564131499e-11
0.32807449859483384	4.2632210469800216e-11
0.3304148710878078	4.2950941822729746e-11
0.33276694544324686	4.327431811966866e-11
0.33513078017046305	4.3602429940366834e-11
0.33750643407131514	4.3935370088369135e-11
0.3398939662416715	4.4273233656826945e-11
0.3422934360728799	4.461611809657599e-11
0.34470490325324404	4.4964123286599866e-11
0.3471284277695101	4.531735160694245e-11
0.34956406990835764	4.567590801420227e-11
0.3520118902578995	4.6039900119678944e-11
0.354471949709189	4.640943827030628e-11
0.3569443094577349	4.678463563246572e-11
0.3594290310050235	4.7165608278815535e-11
0.3619261761600484	4.755247527824324e-11
0.3644358070408486	4.7945358789083674e-11
0.36695798607605284	4.834438415572898e-11
0.36949277600643327	4.874968000878085e-11
0.37204023988646523	4.9161378368884137e-11
0.3746004410858973	4.957961475440447e-11
0.3771734432913268	5.0004528293115823e-11
0.3797593105077832	5.043626183805535e-11
0.3823581070603219	5.0874962087739884e-11
0.38496989759562367	5.13207797109242e-11
0.3875947470836016	5.177386947609529e-11
0.3902327208190196	5.223439038591951e-11
0.3928838844231145	5.2702505816848585e-11
0.39554830384522993	5.317838366411496e-11
0.3982260453644561	5.366219649236168e-11
0.4009171755912785	5.41541216921511e-11
0.40362176146923495	5.4654341642609455e-11
0.40633987027658097	5.516304388050658e-11
0.4090715696279639	5.5680421276033285e-11
0.4118169274761037	5.620667221560326e-11
0.4145760121134843	5.674200079198695e-11
0.4173488921740515	5.7286617002125094e-11
0.4201356366349219	5.784073695297999e-11
0.42293631481809635	5.840458307577832e-11
0.4257509963921868	5.897838434906307e-11
0.42857975137414767	5.95623765309607e-11
0.43142265013101855	6.015680240109473e-11
0.43427976338167373	6.07619120126126e-11
0.43715116219858224	6.137796295480658e-11
0.44003691800957523	6.200522062685143e-11
0.44293710259962304	6.264395852317164e-11
0.4458517881126211	6.329445853104085e-11
0.44878104705318417	6.395701124098288e-11
0.45172495228844983	6.463191627063263e-11
0.45468357704989204	6.531948260270601e-11
0.4576569949351413	6.602002893779778e-11
0.46064527990981685	6.673388406274445e-11
0.4636485063093658	6.746138723535052e-11
0.4666667488409128	6.820288858630162e-11
0.4697000825851173	6.895874953915881e-11
0.4727485829980427	6.972934324934571e-11
0.47581232591303285	7.051505506314997e-11
0.478891387542598	7.13162829977367e-11
0.48198584448031084	7.213343824333471e-11
0.4850957737027124	7.296694568872005e-11
0.48822125257122595	7.3817244471283e-11
0.49136235883408197	7.468478855294423e-11
0.4945191706282523	7.557004732337844e-11
0.4976917664813935	7.647350623198122e-11
0.5008802253138004	7.739566745017332e-11
0.5040846264403696	7.833705056571028e-11
0.5073050495725715	7.92981933107815e-11
0.5105415748204343	8.027965232576757e-11
0.5137942826945365	8.128200396067662e-11
0.517063254108009	8.230584511639042e-11
0.5203485703785492	8.335179412799399e-11
0.5236503132304419	8.442049169259421e-11
0.5269685647965939	8.551260184421713e-11
0.5303034076205766	8.662881297850126e-11
0.5336549246586795	8.7769838930155e-11
0.5370231992819728	8.893642010623834e-11
0.5404083152783826	9.01293246786393e-11
0.5438103568547747	9.134934983927331e-11
0.5472294086390483	9.259732312179753e-11
0.5506655556822436	9.387410379389663e-11
0.5541188834606549	9.518058432445373e-11
0.5575894778779582	9.65176919302592e-11
0.5610774252673477	9.788639020717995e-11
0.5645828123936844	9.928768085111111e-11
0.5681057264556525	1.0072260547438732e-10
0.5716462550879309	1.0219224752371673e-10
0.5752044863633705	1.0369773430619708e-10
0.5787805087951873	1.0524023913036743e-10
0.5823744113391631	1.0682098356985813e-10
0.5859862833958588	1.0844123985765647e-10
0.5896162148128381	1.1010233341968439e-10
0.5932642958869024	1.1180564555700445e-10
0.5969306173663369	1.135526162866964e-10
0.6006152704531684	1.1534474735214177e-10
0.6043183468054344	1.1718360541442282e-10
0.6080399385394615	1.19070825437322e-10
0.6117801382321587	1.2100811427942698e-10
0.6155390389233192	1.2299725450797277e-10
0.6193167341179359	1.2504010845015872e-10
0.6231133177885255	1.2713862249893764e-10
0.6269288843774683	1.2929483169176495e-10
0.6307635287993556	1.315108645821489e-10
0.6346173464433522	1.3378894842568632e-10
0.6384904331755688	1.3613141470390418e-10
0.6423828853414466	1.385407050113583e-10
0.6462947997681537	1.4101937733351257e-10
0.6502262737669944	1.4357011274534667e-10
0.6541774051358293	1.4619572256329976e-10
0.6581482921615082	1.488991559859522e-10
0.6621390336223156	1.5168350826211975e-10
0.6661497287904271	1.545520294284185e-10
0.6701804774343789	1.5750813366235504e-10
0.6742313798215507	1.6055540930110924e-10
0.6783025367206585	1.6369762958100547e-10
0.682394049404262	1.669387641578091e-10
0.6865060196512833	1.702829914738381e-10
0.6906385497495399	1.737347120442607e-10
0.6947917424982876	1.772985627421467e-10
0.6989657012107791	1.8097943216974125e-10
0.7031605297168331	1.847824772124563e-10
0.7073763323654171	1.8871314088188818e-10
0.7116132140272443	1.9277717156535092e-10
0.7158712800973803	1.9698064381204462e-10
0.7201506364978669	2.0132998079976933e-10
0.724451389680356	2.0583197864224587e-10
0.7287736466287575	2.1049383271476124e-10
0.7331175148619014	2.1532316619613863e-10
0.737483102436211	2.2032806104812089e-10
0.7418705179483918	2.2551709167904732e-10
0.7462798705381338	2.3089936156878706e-10
0.7507112698908246	2.364845431655299e-10
0.7551648262402787	2.422829214040945e-10
0.7596406503714802	2.4830544124005804e-10
0.7641388536233378	2.545637596453853e-10
0.7686595478914543	2.61070302570657e-10
0.7732028456309116	2.678383274477744e-10
0.777768859859066	2.7488199188687824e-10
0.7823577041583611	2.8221642931429385e-10
0.7869694926791531	2.898578324071182e-10
0.7916043401425489	2.978235453072692e-10
0.7962623618432616	3.0613216574793054e-10
0.8009436736524779	3.1480365840183123e-10
0.8056483920207402	3.238594809696079e-10
0.8103766339808439	3.333227247747509e-10
0.8151285171507483	3.43218271926407e-10
0.8199041597365018	3.535729714636205e-10
0.8247036805351844	3.644158373163126e-10
0.8295271989378604	3.757782714246423e-10
0.8343748349325497	3.8769431596842545e-10
0.8392467091072124	4.002009393946965e-10
0.8441429426527486	4.1333836182411097e-10
0.8490636573660123	4.2715042650013257e-10
0.8540089756528424	4.4168502526524406e-10
0.8589790205311068	4.5699458765909956e-10
0.8639739156337622	4.73136645206835e-10
0.868973915633762	4.901053663235593e-10
0.8739739156337618	5.079406823627991e-10
0.8789739156337616	5.267039341274285e-10
0.8839739156337615	5.464624435763363e-10
0.8889739156337613	5.672902923318728e-10
0.893973915633761	5.892692253973402e-10
0.8989739156337608	6.124897029962098e-10
0.9039739156337606	6.370521278982271e-10
0.9089739156337604	6.630682809821266e-10
0.9139739156337602	6.906630042634715e-10
0.91897391563376	7.199761784145003e-10
0.9239739156337599	7.511650511925012e-10
0.9289739156337596	7.844069845043783e-10
0.9339739156337594	8.199027014635616e-10
0.9389739156337592	8.578801312220176e-10
0.943973915633759	8.98598969163034e-10
0.9489739156337588	9.423560939193836e-10
0.9539739156337586	9.894920114797917e-10
0.9589739156337583	1.0403985313826358e-9
0.9639739156337582	1.095527921899611e-9
0.968973915633758	1.1554038416635526e-9
0.9739739156337578	1.2206344061847812e-9
0.9789739156337576	1.291927821282493e-9
0.9839739156337574	1.3701111042300497e-9
0.9889739156337571	1.4561525205075337e-9
0.9939739156337569	1.5511884932359206e-9
0.9989739156337567	1.656555898176204e-9
1.0039739156337566	1.7738308450625154e-9
1.0089739156337563	1.904875272562774e-9
1.0139739156337562	2.051892957193318e-9
1.0189739156337558	2.217496865505855e-9
1.0239739156337557	2.404790175137199e-9
1.0289739156337556	2.6174637674235473e-9
1.0339739156337553	2.8599135684364515e-9
1.0389739156337552	3.1373818058525484e-9
1.0439739156337549	3.456127079069497e-9
1.0489739156337547	3.8236291368653605e-9
1.0539739156337544	4.248835453188247e-9
1.0589739156337543	4.7424581258816674e-9
1.0639739156337542	5.317331340722064e-9
1.0689739156337539	5.988841697491352e-9
1.0739739156337538	6.7754461484835565e-9
1.0789739156337534	7.699295225743905e-9
1.0839739156337533	8.78698271599141e-9
1.088973915633753	1.0070447078858455e-8
1.093973915633753	1.158805480612547e-8
1.0989739156337526	1.3385901713016686e-8
1.1039739156337525	1.5519374978770577e-8
1.1089739156337524	1.805502676908493e-8
1.113973915633752	2.1072819648359167e-8
1.118973915633752	2.466881490762558e-8
1.1239739156337516	2.8958387585663754e-8
1.1289739156337515	3.4080066539677824e-8
1.1339739156337512	4.020011461608502e-8
1.138973915633751	4.751798295292647e-8
1.143973915633751	5.627279485257291e-8
1.1489739156337506	6.675103858457286e-8
1.1539739156337505	7.92956749217956e-8
1.1589739156337502	9.431689406875852e-8
1.16397391563375	1.1230478762461102e-7
1.1689739156337497	1.3384423378970548e-7
1.1739739156337496	1.5963232723661416e-7
1.1789739156337493	1.9049871739129608e-7
1.1839739156337492	2.274292478852245e-7
1.187980436725312	2.6217899941815397e-7
1.1919869578168745	3.022692589199953e-7
1.1959934789084372	3.48499660485803e-7
1.2	4.017835167464149e-7
