0.0006999999999999628	4.62769158008287e-10
0.001403500000000035	4.6326225018291756e-10
0.0021105174999999296	4.637585674205497e-10
0.0028210700874998964	4.642581275031634e-10
0.003535175437937438	4.647609559837265e-10
0.004252851315127062	4.6526707872993164e-10
0.004974115571702636	4.657765218486646e-10
0.005698986149561044	4.662893116914892e-10
0.006427481080308875	4.668054748599307e-10
0.007159618485710418	4.673250382102491e-10
0.007895416578138905	4.678480288576615e-10
0.008634893661029494	4.683744741804978e-10
0.00937806812933463	4.689044018241593e-10
0.010124958469981361	4.69437839704953e-10
0.010875583262331262	4.699748160139217e-10
0.01162996117864295	4.705153592206509e-10
0.012388110984536127	4.710594980769984e-10
0.013150051539458866	4.716072616209345e-10
0.013915801797156208	4.721586791803397e-10
0.014685380806142003	4.727137803767838e-10
0.015458807710172712	4.73272595129448e-10
0.01623610174872358	4.738351536589684e-10
0.017017282257467212	4.744014864913232e-10
0.017802368668754516	4.749716244618948e-10
0.01859138051209827	4.755455987193836e-10
0.019384337414658823	4.76123440729916e-10
0.020181259101732015	4.767051822811226e-10
0.020982165397240727	4.772908554863092e-10
0.02178707622422691	4.77880492788644e-10
0.02259601160534814	4.784741269654301e-10
0.02340899166337483	4.790717911324175e-10
0.024226036621691812	4.796735187482175e-10
0.02504716680480027	4.802793436186809e-10
0.025872402638824326	4.808892999014406e-10
0.02670176465201842	4.815034221104758e-10
0.02753527347527842	4.821217451207131e-10
0.028372949842654864	4.827443041727582e-10
0.0292148145918682	4.833711348776704e-10
0.03006088866482743	4.840022732217389e-10
0.03091119310815165	4.846377555714751e-10
0.0317657490736924	4.852776186785329e-10
0.03262457781906081	4.859218996848199e-10
0.03348770070815601	4.865706361275557e-10
0.034355139211696875	4.87223865944572e-10
0.035226914907755424	4.878816274795677e-10
0.03610304948229413	4.885439594874914e-10
0.03698356472970569	4.892109011399572e-10
0.03786848255335419	4.898824920308551e-10
0.038757824966120964	4.905587721819546e-10
0.03965161409095162	4.912397820486148e-10
0.04054987216140643	4.919255625255561e-10
0.04145262152221345	4.926161549528536e-10
0.04235988462982453	4.933116011218587e-10
0.04327168405297366	4.940119432813175e-10
0.0441880424732386	4.947172241434996e-10
0.04510898268560485	4.954274868905512e-10
0.046034527599032954	4.961427751808798e-10
0.04696470023702812	4.968631331555651e-10
0.04789952373821329	4.975886054450358e-10
0.048839021356904266	4.983192371757096e-10
0.04978321646368884	4.990550739768428e-10
0.05073213254600732	4.997961619874167e-10
0.05168579320873729	5.005425478631766e-10
0.052644222174780875	5.012942787837956e-10
0.05360744328565471	5.020514024601005e-10
0.054575480502083065	5.028139671414832e-10
0.055548357904593434	5.035820216234036e-10
0.056526099694116344	5.043556152549901e-10
0.0575087301925869	5.051347979468387e-10
0.05849627384354973	5.05919620178867e-10
0.05948875521276744	5.067101330083056e-10
0.06048619898883127	5.075063880779028e-10
0.061488629983775384	5.08308437624181e-10
0.06249607313369419	5.091163344858483e-10
0.06350855349936275	5.099301321124011e-10
0.06452609626685958	5.107498845727765e-10
0.06554872674819387	5.115756465642953e-10
0.06657647038193484	5.124074734215635e-10
0.06760935273384447	5.132454211257433e-10
0.06864739949751365	5.14089546313827e-10
0.0696906364950013	5.149399062880822e-10
0.07073908967747639	5.157965590257543e-10
0.07179278512586384	5.166595631888087e-10
0.07285174905149322	5.175289781339934e-10
0.0739160077967507	5.184048639229034e-10
0.07498558783573436	5.192872813323587e-10
0.07606051577491299	5.201762918648877e-10
0.07714081835378758	5.21071957759445e-10
0.07822652244555647	5.219743420022092e-10
0.07931765505778425	5.228835083377906e-10
0.0804142433330731	5.237995212803322e-10
0.08151631454973848	5.247224461251019e-10
0.08262389612248718	5.256523489600832e-10
0.0837370156030995	5.26589296677848e-10
0.0848557006811149	5.275333569876798e-10
0.0859799791845205	5.284845984278398e-10
0.08710987908044313	5.29443090378069e-10
0.08824542847584534	5.304089030724038e-10
0.08938665561822454	5.313821076120276e-10
0.09053358889631567	5.323627759785922e-10
0.09168625684079722	5.33350981047594e-10
0.09284468812500112	5.34346796602082e-10
0.09400891156562617	5.353502973466088e-10
0.0951789561234543	5.363615589213681e-10
0.09635485090407148	5.373806579167284e-10
0.09753662515859184	5.384076718878833e-10
0.0987243082843847	5.394426793698744e-10
0.09991792982580656	5.404857598928198e-10
0.10111751947493569	5.415369939975148e-10
0.10232310707231031	5.425964632511677e-10
0.1035347226076718	5.436642502636896e-10
0.10475239622071016	5.447404387039689e-10
0.10597615820181366	5.458251133166704e-10
0.10720603899282274	5.469183599393329e-10
0.10844206918778684	5.480202655196463e-10
0.10968427953372567	5.491309181332412e-10
0.1109327009313943	5.50250407001691e-10
0.11218736443605135	5.513788225108753e-10
0.11344830125823162	5.525162562297551e-10
0.11471554276452282	5.536628009294075e-10
0.11598912047834534	5.548185506025288e-10
0.11726906608073695	5.559836004832077e-10
0.11855541141114062	5.571580470672037e-10
0.11984818846819621	5.583419881325221e-10
0.12114742941053713	5.595355227603592e-10
0.12245316655758978	5.607387513566059e-10
0.1237654323903777	5.61951775673592e-10
0.12508425955232963	5.631746988324207e-10
0.12640968085009122	5.644076253455781e-10
0.1277417292543416	5.656506611401383e-10
0.1290804379006133	5.669039135813275e-10
0.13042584009011637	5.681674914965864e-10
0.1317779692905669	5.69441505200137e-10
0.13313685913701961	5.707260665179966e-10
0.13450254343270476	5.720212888134768e-10
0.13587505614986833	5.733272870132896e-10
0.13725443143061763	5.746441776341032e-10
0.13864070358777073	5.759720788095893e-10
0.14003390710570945	5.773111103181515e-10
0.14143407664123803	5.786613936110903e-10
0.1428412470244442	5.800230518414318e-10
0.1442554532595664	5.81396209893261e-10
0.14567673052586416	5.827809944117303e-10
0.1471051141784935	5.841775338336818e-10
0.14854063974938603	5.855859584188293e-10
0.149983342948133	5.870064002816542e-10
0.15143325966287374	5.884389934239638e-10
0.15289042596118813	5.898838737681e-10
0.15435487809099402	5.913411791908083e-10
0.15582665248144906	5.928110495579484e-10
0.1573057857438562	5.942936267597313e-10
0.15879231467257537	5.957890547469219e-10
0.16028627624593816	5.972974795676372e-10
0.16178770762716785	5.988190494050168e-10
0.16329664616530362	6.003539146156718e-10
0.16481312939613008	6.019022277689905e-10
0.1663371950431107	6.03464143687137e-10
0.16786888101832628	6.050398194861598e-10
0.1694082254234178	6.066294146177572e-10
0.1709552665505349	6.082330909121611e-10
0.17251004288328747	6.098510126216969e-10
0.17407259309770393	6.114833464655366e-10
0.17564295606319252	6.131302616753215e-10
0.17722117084350858	6.147919300417781e-10
0.17880727669772617	6.164685259623733e-10
0.18040131308121476	6.181602264900356e-10
0.18200331964662084	6.198672113829886e-10
0.18361333624485401	6.215896631556322e-10
0.18523140292607826	6.233277671306087e-10
0.18685755994070874	6.250817114919824e-10
0.1884918477404122	6.268516873396687e-10
0.19013430697911424	6.286378887451122e-10
0.1917849785140098	6.304405128081675e-10
0.19344390340657974	6.322597597152798e-10
0.19511112292361268	6.340958327990232e-10
0.1967866785382308	6.359489385990044e-10
0.19847061193092203	6.378192869241286e-10
0.20016296499057665	6.397070909163872e-10
0.20186377981552947	6.416125671159762e-10
0.2035730987146071	6.435359355280835e-10
0.20529096420818022	6.454774196911036e-10
0.20701741902922113	6.474372467466103e-10
0.20875250612436722	6.494156475107766e-10
0.210496268654989	6.514128565476188e-10
0.21224874999826396	6.534291122439032e-10
0.21400999374825516	6.554646568859477e-10
0.21578004371699644	6.575197367380342e-10
0.21755894393558148	6.595946021229356e-10
0.2193467386552594	6.616895075042379e-10
0.22114347234853576	6.638047115706834e-10
0.22294918971027836	6.659404773225056e-10
0.2247639356588297	6.680970721600108e-10
0.2265877553371239	6.702747679741427e-10
0.2284206941138094	6.724738412393256e-10
0.23026279758437848	6.746945731086854e-10
0.23211411157230027	6.769372495114183e-10
0.23397468213016168	6.792021612528068e-10
0.23584455554081238	6.814896041164955e-10
0.23772377831851643	6.837998789695145e-10
0.23961239721010893	6.861332918697643e-10
0.24151045919615952	6.884901541763296e-10
0.24341801149214037	6.908707826625525e-10
0.24533510154960114	6.932754996318363e-10
0.24726177705734917	6.957046330366858e-10
0.24919808594263576	6.981585166004112e-10
0.251144076372349	7.006374899423127e-10
0.2530997967542107	7.031418987058251e-10
0.2550652957379817	7.056720946901437e-10
0.2570406222166717	7.082284359851772e-10
0.2590258253277551	7.108112871099735e-10
0.26102095445439405	7.13421019154949e-10
0.2630260592266659	7.160580099276282e-10
0.2650411895227993	7.187226441024132e-10
0.2670663954704134	7.214153133742253e-10
0.26910172744776534	7.241364166162004e-10
0.27114723608500396	7.268863600417379e-10
0.27320297226542917	7.296655573707121e-10
0.27526898712675635	7.324744300002913e-10
0.27734533206239	7.353134071803416e-10
0.2794320587227019	7.381829261935634e-10
0.2815292190163153	7.410834325406141e-10
0.2836368651113967	7.440153801301465e-10
0.28575504943695385	7.4697923147431e-10
0.28788382468413853	7.499754578893869e-10
0.29002324380755934	7.530045397022408e-10
0.29217336002659705	7.560669664623263e-10
0.29433422682673016	7.591632371597315e-10
0.29650589796086374	7.622938604493037e-10
0.29868842745066804	7.654593548811401e-10
0.30088186958792124	7.686602491375645e-10
0.3030862789358609	7.718970822769155e-10
0.30530171033054027	7.751704039842859e-10
0.307528218882193	7.784807748293232e-10
0.30976585997660405	7.818287665317317e-10
0.312014689276487	7.852149622342922e-10
0.31427476272286925	7.886399567838162e-10
0.3165461365364837	7.921043570205052e-10
0.3188288672191662	7.956087820755037e-10
0.32112301155526213	7.991538636775284e-10
0.32342862661303834	8.027402464685136e-10
0.3257457697461036	8.063685883284305e-10
0.32807449859483384	8.10039560710236e-10
0.3304148710878078	8.137538489845269e-10
0.33276694544324686	8.175121527948111e-10
0.33513078017046305	8.213151864234448e-10
0.33750643407131514	8.25163679168892e-10
0.3398939662416715	8.290583757343211e-10
0.3422934360728799	8.330000366283123e-10
0.34470490325324404	8.369894385779832e-10
0.3471284277695101	8.410273749548166e-10
0.34956406990835764	8.451146562139274e-10
0.3520118902578995	8.492521103470417e-10
0.354471949709189	8.534405833497699e-10
0.3569443094577349	8.576809397037059e-10
0.3594290310050235	8.619740628738697e-10
0.3619261761600484	8.663208558221028e-10
0.3644358070408486	8.707222415369169e-10
0.36695798607605284	8.751791635805212e-10
0.36949277600643327	8.79692586653647e-10
0.37204023988646523	8.842634971787086e-10
0.3746004410858973	8.888929039022403e-10
0.3771734432913268	8.935818385171766e-10
0.3797593105077832	8.98331356305622e-10
0.3823581070603219	9.031425368032748e-10
0.38496989759562367	9.080164844859871e-10
0.3875947470836016	9.12954329479457e-10
0.3902327208190196	9.179572282929216e-10
0.3928838844231145	9.230263645778797e-10
0.39554830384522993	9.281629499128406e-10
0.3982260453644561	9.333682246148687e-10
0.4009171755912785	9.386434585793881e-10
0.40362176146923495	9.439899521491122e-10
0.40633987027658097	9.49409037013312e-10
0.4090715696279639	9.549020771388092e-10
0.4118169274761037	9.604704697337793e-10
0.4145760121134843	9.66115646245783e-10
0.4173488921740515	9.718390733956288e-10
0.4201356366349219	9.77642254248178e-10
0.42293631481809635	9.835267293220226e-10
0.4257509963921868	9.894940777393764e-10
0.42857975137414767	9.955459184180458e-10
0.43142265013101855	1.001683911307169e-9
0.43427976338167373	1.0079097586687674e-9
0.43715116219858224	1.0142252064067364e-9
0.44003691800957523	1.0206320454457467e-9
0.44293710259962304	1.0271321131618715e-9
0.4458517881126211	1.0337272948673754e-9
0.44878104705318417	1.0404195253520883e-9
0.45172495228844983	1.0472107904836506e-9
0.45468357704989204	1.054103128869623e-9
0.4576569949351413	1.061098633583679e-9
0.46064527990981685	1.0681994539593667e-9
0.4636485063093658	1.0754077974541253e-9
0.4666667488409128	1.082725931586788e-9
0.4697000825851173	1.0901561859520493e-9
0.4727485829980427	1.0977009543155418e-9
0.47581232591303285	1.1053626967929052e-9
0.478891387542598	1.11314394211706e-9
0.48198584448031084	1.1210472899980076e-9
0.4850957737027124	1.1290754135788255e-9
0.48822125257122595	1.1372310619935135e-9
0.49136235883408197	1.1455170630303945e-9
0.4945191706282523	1.1539363259071606e-9
0.4976917664813935	1.1624918441623386e-9
0.5008802253138004	1.1711866986690728e-9
0.5040846264403696	1.1800240607775228e-9
0.5073050495725715	1.1890071955916554e-9
0.5105415748204343	1.1981394653877225e-9
0.5137942826945365	1.207424333181007e-9
0.517063254108009	1.216865366448879e-9
0.5203485703785492	1.226466241017633e-9
0.5236503132304419	1.2362307451217193e-9
0.5269685647965939	1.2461627836443826e-9
0.5303034076205766	1.2562663825486887e-9
0.5336549246586795	1.2665456935094994e-9
0.5370231992819728	1.2770049987564214e-9
0.5404083152783826	1.2876487161394092e-9
0.5438103568547747	1.2984814044282976e-9
0.5472294086390483	1.309507768859776e-9
0.5506655556822436	1.3207326669439454e-9
0.5541188834606549	1.3321611145462037e-9
0.5575894778779582	1.3437982922578208e-9
0.5610774252673477	1.3556495520728094e-9
0.5645828123936844	1.3677204243873121e-9
0.5681057264556525	1.3800166253394848e-9
0.5716462550879309	1.3925440645100694e-9
0.5752044863633705	1.4053088530032066e-9
0.5787805087951873	1.4183173119300088e-9
0.5823744113391631	1.4315759813180162e-9
0.5859862833958588	1.4450916294715363e-9
0.5896162148128381	1.4588712628092418e-9
0.5932642958869024	1.4729221362075292e-9
0.5969306173663369	1.4872517638796202e-9
0.6006152704531684	1.5018679308230401e-9
0.6043183468054344	1.516778704869824e-9
0.6080399385394615	1.5319924493763901e-9
0.6117801382321587	1.5475178365926137e-9
0.6155390389233192	1.5633638617523647e-9
0.6193167341179359	1.5795398579310589e-9
0.6231133177885255	1.5960555117182835e-9
0.6269288843774683	1.6129208797583285e-9
0.6307635287993556	1.630146406213586e-9
0.6346173464433522	1.6477429412116968e-9
0.6384904331755688	1.665721760340369e-9
0.6423828853414466	1.684094585259187e-9
0.6462947997681537	1.702873605503117e-9
0.6502262737669944	1.7220715015579423e-9
0.6541774051358293	1.741701469293689e-9
0.6581482921615082	1.7617772458492828e-9
0.6621390336223156	1.7823131370692904e-9
0.6661497287904271	1.8033240466000869e-9
0.6701804774343789	1.824825506763604e-9
0.6742313798215507	1.846833711334204e-9
0.6783025367206585	1.8693655503559048e-9
0.682394049404262	1.8924386471479645e-9
0.6865060196512833	1.916071397659265e-9
0.6906385497495399	1.9402830123450705e-9
0.6947917424982876	1.965093560755112e-9
0.6989657012107791	1.9905240190381904e-9
0.7031605297168331	2.0165963205851153e-9
0.7073763323654171	2.0433334100537484e-9
0.7116132140272443	2.0707593010388786e-9
0.7158712800973803	2.0988991376757298e-9
0.7201506364978669	2.1277792604906135e-9
0.724451389680356	2.1574272768422843e-9
0.7287736466287575	2.187872136329746e-9
0.7331175148619014	2.2191442115772603e-9
0.737483102436211	2.25127538484811e-9
0.7418705179483918	2.2842991409824217e-9
0.7462798705381338	2.318250667203687e-9
0.7507112698908246	2.3531669603931364e-9
0.7551648262402787	2.389086942496079e-9
0.7596406503714802	2.42605158478828e-9
0.7641388536233378	2.4641040418143624e-9
0.7686595478914543	2.5032897958947873e-9
0.7732028456309116	2.5436568131985787e-9
0.777768859859066	2.585255712492068e-9
0.7823577041583611	2.6281399478042333e-9
0.7869694926791531	2.6723660063926655e-9
0.7916043401425489	2.7179936235661895e-9
0.7962623618432616	2.7650860161100302e-9
0.8009436736524779	2.813710136283835e-9
0.8056483920207402	2.863936948619885e-9
0.8103766339808439	2.9158417320460525e-9
0.8151285171507483	2.9695044102075174e-9
0.8199041597365018	3.025009913266716e-9
0.8247036805351844	3.0824485749382437e-9
0.8295271989378604	3.14191656907679e-9
0.8343748349325497	3.2035163908026307e-9
0.8392467091072124	3.2673573879358617e-9
0.8441429426527486	3.3335563494520337e-9
0.8490636573660123	3.402238158796017e-9
0.8540089756528424	3.4735365212421724e-9
0.8589790205311068	3.5475947761153447e-9
0.8639739156337622	3.624566806657563e-9
0.868973915633762	3.7042957204524613e-9
0.8739739156337618	3.7868372967962704e-9
0.8789739156337616	3.872333724958042e-9
0.8839739156337615	3.960937120724069e-9
0.8889739156337613	4.052810492590391e-9
0.893973915633761	4.148128836444611e-9
0.8989739156337608	4.2470803805416166e-9
0.9039739156337606	4.34986800644169e-9
0.9089739156337604	4.456710876518211e-9
0.9139739156337602	4.567846304584041e-9
0.91897391563376	4.683531913335244e-9
0.9239739156337599	4.804048130932507e-9
0.9289739156337596	4.929701089427913e-9
0.9339739156337594	5.060826000277702e-9
0.9389739156337592	5.197791097296754e-9
0.943973915633759	5.341002255669739e-9
0.9489739156337588	5.490908417662306e-9
0.9539739156337586	5.648007982301229e-9
0.9589739156337583	5.812856348445416e-9
0.9639739156337582	5.986074839533215e-9
0.968973915633758	6.168361285250129e-9
0.9739739156337578	6.36050259213245e-9
0.9789739156337576	6.563389703743845e-9
0.9839739156337574	6.778035434020042e-9
0.9889739156337571	7.005595757676975e-9
0.9939739156337569	7.247395262828773e-9
0.9989739156337567	7.504957617553972e-9
1.0039739156337566	7.780042079356054e-9
1.0089739156337563	8.074687290665938e-9
1.0139739156337562	8.391263862424542e-9
1.0189739156337558	8.732537560638593e-9
1.0239739156337557	9.101745288807322e-9
1.0289739156337556	9.502686515740428e-9
1.0339739156337553	9.939833349752798e-9
1.0389739156337552	1.0418463126044125e-8
1.0439739156337549	1.0944818177725435e-8
1.0489739156337547	1.1526298430623167e-8
1.0539739156337544	1.2171693631553985e-8
1.0589739156337543	1.2891463429787053e-8
1.0639739156337542	1.369807523058146e-8
1.0689739156337539	1.4606411786210837e-8
1.0739739156337538	1.56342629533923e-8
1.0789739156337534	1.6802919009632686e-8
1.0839739156337533	1.8137886483790227e-8
1.088973915633753	1.966975173602595e-8
1.093973915633753	2.14352226594783e-8
1.0989739156337526	2.3478385036558392e-8
1.1039739156337525	2.5852217463414907e-8
1.1089739156337524	2.8620417588964883e-8
1.113973915633752	3.1859602973292566e-8
1.118973915633752	3.5661962475011934e-8
1.1239739156337516	4.01384491038211e-8
1.1289739156337515	4.5422623160753114e-8
1.1339739156337512	5.167527574252861e-8
1.138973915633751	5.908998789523318e-8
1.143973915633751	6.789981054036716e-8
1.1489739156337506	7.838528553217232e-8
1.1539739156337505	9.088406970737534e-8
1.1589739156337502	1.0580247252535427e-7
1.16397391563375	1.2362927492700846e-7
1.1689739156337497	1.4495226348773752e-7
1.1739739156337496	1.7047799093766266e-7
1.1789739156337493	2.0105536270744937e-7
1.1839739156337492	2.3770375008797873e-7
1.187980436725312	2.7226774993655165e-7
1.1919869578168745	3.1225131851155477e-7
1.1959934789084372	3.585097882043429e-7
1.2	4.120319185413018e-7
