0.0006999999999999628	1.8071926160530523e-12
0.001403500000000035	1.8106563412825279e-12
0.0021105174999999296	1.8141456969275695e-12
0.0028210700874998964	1.8176606457538831e-12
0.003535175437937438	1.8212014176231463e-12
0.004252851315127062	1.824768248615637e-12
0.004974115571702636	1.828361377477151e-12
0.005698986149561044	1.8319810456233545e-12
0.006427481080308875	1.8356274971875428e-12
0.007159618485710418	1.83930097906614e-12
0.007895416578138905	1.843001740963311e-12
0.008634893661029494	1.8467300354345245e-12
0.00937806812933463	1.8504861179300024e-12
0.010124958469981361	1.8542702468379786e-12
0.010875583262331262	1.8580826835289398e-12
0.01162996117864295	1.861923692399169e-12
0.012388110984536127	1.8657935409155664e-12
0.013150051539458866	1.8696924996604695e-12
0.013915801797156208	1.8736208423772988e-12
0.014685380806142003	1.8775788460167282e-12
0.015458807710172712	1.8815667907832755e-12
0.01623610174872358	1.885584960182881e-12
0.017017282257467212	1.8896336410710086e-12
0.017802368668754516	1.8937131237015197e-12
0.01859138051209827	1.8978237017760333e-12
0.019384337414658823	1.901965672494667e-12
0.020181259101732015	1.9061393366067865e-12
0.020982165397240727	1.9103449984633704e-12
0.02178707622422691	1.9145829660695115e-12
0.02259601160534814	1.918853551138164e-12
0.02340899166337483	1.923157069144909e-12
0.024226036621691812	1.927493839383014e-12
0.02504716680480027	1.9318641850201636e-12
0.025872402638824326	1.9362684331556495e-12
0.02670176465201842	1.9407069148786963e-12
0.02753527347527842	1.945179965327794e-12
0.028372949842654864	1.9496879237508833e-12
0.0292148145918682	1.954231133566755e-12
0.03006088866482743	1.9588099424276694e-12
0.03091119310815165	1.9634247022823727e-12
0.0317657490736924	1.9680757694411203e-12
0.03262457781906081	1.9727635046412302e-12
0.03348770070815601	1.977488273113827e-12
0.034355139211696875	1.9822504446520275e-12
0.035226914907755424	1.9870503936801276e-12
0.03610304948229413	1.9918884993241165e-12
0.03698356472970569	1.996765145483293e-12
0.03786848255335419	2.001680720903393e-12
0.038757824966120964	2.006635619250629e-12
0.03965161409095162	2.0116302391877357e-12
0.04054987216140643	2.016664984450476e-12
0.04145262152221345	2.021740263926453e-12
0.04235988462982453	2.026856491734505e-12
0.04327168405297366	2.032014087306283e-12
0.0441880424732386	2.0372134754688506e-12
0.04510898268560485	2.0424550865287706e-12
0.046034527599032954	2.047739356358084e-12
0.04696470023702812	2.0530667264813633e-12
0.04789952373821329	2.058437644165031e-12
0.048839021356904266	2.0638525625078108e-12
0.04978321646368884	2.0693119405326676e-12
0.05073213254600732	2.074816243281265e-12
0.05168579320873729	2.0803659419094563e-12
0.052644222174780875	2.0859615137846343e-12
0.05360744328565471	2.0916034425854455e-12
0.054575480502083065	2.0972922184026085e-12
0.055548357904593434	2.103028337842323e-12
0.056526099694116344	2.1088123041309807e-12
0.0575087301925869	2.1146446272224665e-12
0.05849627384354973	2.120525823907125e-12
0.05948875521276744	2.1264564179229155e-12
0.06048619898883127	2.1324369400685032e-12
0.061488629983775384	2.1384679283190423e-12
0.06249607313369419	2.144549927943374e-12
0.06350855349936275	2.1506834916242384e-12
0.06452609626685958	2.156869179580284e-12
0.06554872674819387	2.1631075596908242e-12
0.06657647038193484	2.16939920762266e-12
0.06760935273384447	2.1757447069597144e-12
0.06864739949751365	2.1821446493347752e-12
0.0696906364950013	2.188599634564231e-12
0.07073908967747639	2.1951102707853117e-12
0.07179278512586384	2.2016771745959206e-12
0.07285174905149322	2.2083009711972027e-12
0.0739160077967507	2.2149822945393167e-12
0.07498558783573436	2.2217217874694745e-12
0.07606051577491299	2.2285201018835835e-12
0.07714081835378758	2.2353778988803724e-12
0.07822652244555647	2.2422958489189766e-12
0.07931765505778425	2.2492746319795477e-12
0.0804142433330731	2.2563149377268205e-12
0.08151631454973848	2.2634174656777753e-12
0.08262389612248718	2.2705829253716495e-12
0.0837370156030995	2.277812036544301e-12
0.0848557006811149	2.2851055293056803e-12
0.0859799791845205	2.292464144320691e-12
0.08710987908044313	2.299888632994663e-12
0.08824542847584534	2.307379757661566e-12
0.08938665561822454	2.3149382917767237e-12
0.09053358889631567	2.3225650201134958e-12
0.09168625684079722	2.3302607389637694e-12
0.09284468812500112	2.3380262563428938e-12
0.09400891156562617	2.345862392198719e-12
0.0951789561234543	2.353769978624979e-12
0.09635485090407148	2.3617498600795734e-12
0.09753662515859184	2.3698028936066907e-12
0.0987243082843847	2.3779299490643175e-12
0.09991792982580656	2.3861319093563004e-12
0.10111751947493569	2.3944096706693047e-12
0.10232310707231031	2.402764142714698e-12
0.1035347226076718	2.4111962489762125e-12
0.10475239622071016	2.419706926962014e-12
0.10597615820181366	2.4282971284630244e-12
0.10720603899282274	2.4369678198161486e-12
0.10844206918778684	2.4457199821740367e-12
0.10968427953372567	2.4545546117795076e-12
0.1109327009313943	2.4634727202473027e-12
0.11218736443605135	2.4724753348510265e-12
0.11344830125823162	2.4815634988166044e-12
0.11471554276452282	2.490738271622445e-12
0.11598912047834534	2.5000007293062856e-12
0.11726906608073695	2.5093519647782666e-12
0.11855541141114062	2.518793088141476e-12
0.11984818846819621	2.5283252270195494e-12
0.12114742941053713	2.537949526891492e-12
0.12245316655758978	2.547667151434175e-12
0.1237654323903777	2.557479282872129e-12
0.12508425955232963	2.5673871223359497e-12
0.12640968085009122	2.577391890228141e-12
0.1277417292543416	2.587494826597735e-12
0.1290804379006133	2.59769719152315e-12
0.13042584009011637	2.608000265503867e-12
0.1317779692905669	2.618405349861595e-12
0.13313685913701961	2.6289137671497394e-12
0.13450254343270476	2.6395268615731966e-12
0.13587505614986833	2.650245999417513e-12
0.13725443143061763	2.6610725694880024e-12
0.13864070358777073	2.672007983559219e-12
0.14003390710570945	2.6830536768350486e-12
0.14143407664123803	2.694211108419324e-12
0.1428412470244442	2.7054817617978853e-12
0.1442554532595664	2.716867145331975e-12
0.14567673052586416	2.7283687927629424e-12
0.1471051141784935	2.7399882637299252e-12
0.14854063974938603	2.751727144298793e-12
0.149983342948133	2.7635870475044073e-12
0.15143325966287374	2.7755696139061867e-12
0.15289042596118813	2.787676512156507e-12
0.15435487809099402	2.79990943958325e-12
0.15582665248144906	2.812270122786456e-12
0.1573057857438562	2.8247603182496136e-12
0.15879231467257537	2.8373818129657972e-12
0.16028627624593816	2.8501364250794677e-12
0.16178770762716785	2.863026004543862e-12
0.16329664616530362	2.8760524337946128e-12
0.16481312939613008	2.8892176284410394e-12
0.1663371950431107	2.902523537972884e-12
0.16786888101832628	2.915972146486819e-12
0.1694082254234178	2.929565473429743e-12
0.1709552665505349	2.943305574361571e-12
0.17251004288328747	2.9571945417371277e-12
0.17407259309770393	2.971234505707882e-12
0.17564295606319252	2.98542763494413e-12
0.17722117084350858	2.9997761374788537e-12
0.17880727669772617	3.0142822615720092e-12
0.18040131308121476	3.028948296598669e-12
0.18200331964662084	3.043776573958734e-12
0.18361333624485401	3.0587694680114555e-12
0.18523140292607826	3.0739293970336234e-12
0.18685755994070874	3.0892588242035093e-12
0.1884918477404122	3.104760258609808e-12
0.19013430697911424	3.1204362562880726e-12
0.1917849785140098	3.136289421284444e-12
0.19344390340657974	3.152322406747247e-12
0.19511112292361268	3.168537916048232e-12
0.1967866785382308	3.1849387039339216e-12
0.19847061193092203	3.2015275777075833e-12
0.20016296499057665	3.2183073984432416e-12
0.20186377981552947	3.235281082233248e-12
0.2035730987146071	3.2524516014689193e-12
0.20529096420818022	3.2698219861569364e-12
0.20701741902922113	3.2873953252714417e-12
0.20875250612436722	3.3051747681441305e-12
0.210496268654989	3.3231635258915712e-12
0.21224874999826396	3.3413648728837006e-12
0.21400999374825516	3.3597821482524784e-12
0.21578004371699644	3.37841875744245e-12
0.21755894393558148	3.3972781738061647e-12
0.2193467386552594	3.416363940243654e-12
0.22114347234853576	3.4356796708886413e-12
0.22294918971027836	3.455229052843317e-12
0.2247639356588297	3.4750158479620555e-12
0.2265877553371239	3.4950438946869283e-12
0.2284206941138094	3.5153171099357437e-12
0.23026279758437848	3.535839491045345e-12
0.23211411157230027	3.556615117770895e-12
0.23397468213016168	3.5776481543438945e-12
0.23584455554081238	3.598942851590575e-12
0.23772377831851643	3.6205035491125788e-12
0.23961239721010893	3.642334677532603e-12
0.24151045919615952	3.664440760806152e-12
0.24341801149214037	3.686826418603012e-12
0.24533510154960114	3.709496368759489e-12
0.24726177705734917	3.7324554298050415e-12
0.24919808594263576	3.755708523565166e-12
0.251144076372349	3.779260677843204e-12
0.2530997967542107	3.803117029184244e-12
0.2550652957379817	3.827282825723562e-12
0.2570406222166717	3.851763430122898e-12
0.2590258253277551	3.876564322597558e-12
0.26102095445439405	3.901691104037403e-12
0.2630260592266659	3.9271494992257545e-12
0.2650411895227993	3.952945360158128e-12
0.2670663954704134	3.9790846694670886e-12
0.26910172744776534	4.005573543953906e-12
0.27114723608500396	4.032418238233495e-12
0.27320297226542917	4.059625148495549e-12
0.27526898712675635	4.087200816385611e-12
0.27734533206239	4.115151933012578e-12
0.2794320587227019	4.143485343084834e-12
0.2815292190163153	4.172208049181288e-12
0.2836368651113967	4.201327216162625e-12
0.28575504943695385	4.230850175726391e-12
0.28788382468413853	4.2607844311130445e-12
0.29002324380755934	4.291137661968214e-12
0.29217336002659705	4.32191772936653e-12
0.29433422682673016	4.353132681003835e-12
0.29650589796086374	4.38479075656428e-12
0.29868842745066804	4.416900393268512e-12
0.30088186958792124	4.449470231610596e-12
0.3030862789358609	4.482509121290777e-12
0.30530171033054027	4.516026127351616e-12
0.307528218882193	4.55003053652633e-12
0.30976585997660405	4.584531863806101e-12
0.312014689276487	4.619539859236971e-12
0.31427476272286925	4.6550645149545384e-12
0.3165461365364837	4.69111607246556e-12
0.3188288672191662	4.727705030187709e-12
0.32112301155526213	4.764842151257393e-12
0.32342862661303834	4.802538471615374e-12
0.3257457697461036	4.8408053083842485e-12
0.32807449859483384	4.8796542685473314e-12
0.3304148710878078	4.919097257942587e-12
0.33276694544324686	4.959146490585125e-12
0.33513078017046305	4.999814498331035e-12
0.33750643407131514	5.041114140897377e-12
0.3398939662416715	5.083058616253456e-12
0.3422934360728799	5.125661471400305e-12
0.34470490325324404	5.1689366135519415e-12
0.3471284277695101	5.21289832174005e-12
0.34956406990835764	5.257561258855392e-12
0.3520118902578995	5.30294048415023e-12
0.354471949709189	5.349051466217608e-12
0.3569443094577349	5.3959100964705195e-12
0.3594290310050235	5.443532703143144e-12
0.3619261761600484	5.4919360658370545e-12
0.3644358070408486	5.541137430635834e-12
0.36695798607605284	5.591154525815281e-12
0.36949277600643327	5.6420055781755225e-12
0.37204023988646523	5.693709330022118e-12
0.3746004410858973	5.7462850568289734e-12
0.3771734432913268	5.799752585609207e-12
0.3797593105077832	5.854132314033583e-12
0.3823581070603219	5.909445230324478e-12
0.38496989759562367	5.965712933966797e-12
0.3875947470836016	6.022957657270932e-12
0.3902327208190196	6.0812022878308865e-12
0.3928838844231145	6.140470391916952e-12
0.39554830384522993	6.200786238851434e-12
0.3982260453644561	6.262174826411523e-12
0.4009171755912785	6.324661907310839e-12
0.40362176146923495	6.388274016812351e-12
0.40633987027658097	6.453038501526622e-12
0.4090715696279639	6.5189835494561184e-12
0.4118169274761037	6.5861382213452384e-12
0.4145760121134843	6.6545324834034354e-12
0.4173488921740515	6.724197241468024e-12
0.4201356366349219	6.795164376681524e-12
0.42293631481809635	6.867466782760249e-12
0.4257509963921868	6.941138404934649e-12
0.42857975137414767	7.016214280647403e-12
0.43142265013101855	7.092730582103769e-12
0.43427976338167373	7.170724660764076e-12
0.43715116219858224	7.250235093889208e-12
0.44003691800957523	7.331301733239e-12
0.44293710259962304	7.413965756043587e-12
0.4458517881126211	7.498269718368694e-12
0.44878104705318417	7.58425761099998e-12
0.45172495228844983	7.671974917989626e-12
0.45468357704989204	7.761468678003946e-12
0.4576569949351413	7.852787548630657e-12
0.46064527990981685	7.945981873807623e-12
0.4636485063093658	8.041103754546342e-12
0.4666667488409128	8.138207123137324e-12
0.4697000825851173	8.237347821031341e-12
0.4727485829980427	8.33858368060687e-12
0.47581232591303285	8.441974611046612e-12
0.478891387542598	8.547582688559098e-12
0.48198584448031084	8.65547225119779e-12
0.4850957737027124	8.765709998546005e-12
0.48822125257122595	8.878365096556049e-12
0.49136235883408197	8.993509287846296e-12
0.4945191706282523	9.111217007781087e-12
0.4976917664813935	9.231565506685943e-12
0.5008802253138004	9.354634978563062e-12
0.5040846264403696	9.480508696710571e-12
0.5073050495725715	9.609273156665696e-12
0.5105415748204343	9.741018226925483e-12
0.5137942826945365	9.875837307934719e-12
0.517063254108009	1.0013827499853464e-11
0.5203485703785492	1.0155089779668661e-11
0.5236503132304419	1.0299729188240757e-11
0.5269685647965939	1.0447855027923996e-11
0.5303034076205766	1.0599581071451124e-11
0.5336549246586795	1.075502578281314e-11
0.5370231992819728	1.0914312550926046e-11
0.5404083152783826	1.1077569936934246e-11
0.5438103568547747	1.12449319360601e-11
0.5472294086390483	1.1416538254984903e-11
0.5506655556822436	1.1592534605812945e-11
0.5541188834606549	1.1773073017758875e-11
0.5575894778779582	1.1958312167782646e-11
0.5610774252673477	1.2148417731490612e-11
0.5645828123936844	1.2343562755731392e-11
0.5681057264556525	1.2543928054421602e-11
0.5716462550879309	1.2749702629263421e-11
0.5752044863633705	1.296108411715032e-11
0.5787805087951873	1.3178279266201449e-11
0.5823744113391631	1.3401504442528468e-11
0.5859862833958588	1.3630986170009079e-11
0.5896162148128381	1.3866961705538876e-11
0.5932642958869024	1.4109679652431279e-11
0.5969306173663369	1.435940061487819e-11
0.6006152704531684	1.46163978966223e-11
0.6043183468054344	1.48809582472741e-11
0.6080399385394615	1.515338266000831e-11
0.6117801382321587	1.543398722470165e-11
0.6155390389233192	1.5723104040947198e-11
0.6193167341179359	1.602108219577775e-11
0.6231133177885255	1.6328288811375276e-11
0.6269288843774683	1.6645110168536563e-11
0.6307635287993556	1.6971952912204704e-11
0.6346173464433522	1.7309245345977148e-11
0.6384904331755688	1.7657438823161805e-11
0.6423828853414466	1.8017009242699553e-11
0.6462947997681537	1.8388458659076583e-11
0.6502262737669944	1.8772317016273525e-11
0.6541774051358293	1.916914401680752e-11
0.6581482921615082	1.957953113805144e-11
0.6621390336223156	2.000410380929265e-11
0.6661497287904271	2.044352376439253e-11
0.6701804774343789	2.089849158651133e-11
0.6742313798215507	2.1369749463130354e-11
0.6783025367206585	2.185808417161932e-11
0.682394049404262	2.236433031784929e-11
0.6865060196512833	2.2889373852902777e-11
0.6906385497495399	2.3434155895814086e-11
0.6947917424982876	2.3999676893549486e-11
0.6989657012107791	2.4587001153138202e-11
0.7031605297168331	2.519726178510159e-11
0.7073763323654171	2.5831666102134742e-11
0.7116132140272443	2.649150152251882e-11
0.7158712800973803	2.7178142034034977e-11
0.7201506364978669	2.7893055281417872e-11
0.724451389680356	2.8637810348714647e-11
0.7287736466287575	2.941408631755688e-11
0.7331175148619014	3.022368169347584e-11
0.737483102436211	3.106852480532974e-11
0.7418705179483918	3.195068529789993e-11
0.7462798705381338	3.2872386855251755e-11
0.7507112698908246	3.383602131288256e-11
0.7551648262402787	3.484416434068896e-11
0.7596406503714802	3.5899592906903224e-11
0.7641388536233378	3.7005304766360097e-11
0.7686595478914543	3.8164540255632896e-11
0.7732028456309116	3.938080672392428e-11
0.777768859859066	4.0657905983739275e-11
0.7823577041583611	4.199996523086395e-11
0.7869694926791531	4.341147196143384e-11
0.7916043401425489	4.489731350744807e-11
0.7962623618432616	4.6462821924337784e-11
0.8009436736524779	4.811382509912409e-11
0.8056483920207402	4.9856705110384623e-11
0.8103766339808439	5.169846506768972e-11
0.8151285171507483	5.3646805896160445e-11
0.8199041597365018	5.5710214820522056e-11
0.8247036805351844	5.789806765436747e-11
0.8295271989378604	6.022074742853566e-11
0.8343748349325497	6.268978241572135e-11
0.8392467091072124	6.53180072488938e-11
0.8441429426527486	6.811975161682901e-11
0.8490636573660123	7.111106198581083e-11
0.8540089756528424	7.430996298587617e-11
0.8589790205311068	7.773676656752852e-11
0.8639739156337622	8.14144388487113e-11
0.868973915633762	8.535284087469177e-11
0.8739739156337618	8.957352297985768e-11
0.8789739156337616	9.41049473261403e-11
0.8839739156337615	9.897937575164595e-11
0.8889739156337613	1.042334874198068e-10
0.893973915633761	1.0990910944726941e-10
0.8989739156337608	1.1605408256406611e-10
0.9039739156337606	1.2272328830566407e-10
0.9089739156337604	1.2997986960318056e-10
0.9139739156337602	1.3789668310873252e-10
0.91897391563376	1.4655802939689915e-10
0.9239739156337599	1.5606171659694002e-10
0.9289739156337596	1.6652152436733378e-10
0.9339739156337594	1.7807014882758766e-10
0.9389739156337592	1.9086272559836942e-10
0.943973915633759	2.0508104805714212e-10
0.9489739156337588	2.2093862200111047e-10
0.9539739156337586	2.3868672697699756e-10
0.9589739156337583	2.5862168961920065e-10
0.9639739156337582	2.8109361667699023e-10
0.968973915633758	3.0651688650571865e-10
0.9739739156337578	3.3538275945156496e-10
0.9789739156337576	3.6827454194735405e-10
0.9839739156337574	4.0588582887446973e-10
0.9889739156337571	4.490424569789683e-10
0.9939739156337569	4.987289326412048e-10
0.9989739156337567	5.561202546295706e-10
1.0039739156337566	6.226202420721264e-10
1.0089739156337563	6.999077062901741e-10
1.0139739156337562	7.899920801823302e-10
1.0189739156337558	8.952804498866818e-10
1.0239739156337557	1.0186583316636022e-9
1.0289739156337556	1.1635870156646402e-9
1.0339739156337553	1.334220873349608e-9
1.0389739156337552	1.5355487156372094e-9
1.0439739156337549	1.7735641167465572e-9
1.0489739156337547	2.055470610507166e-9
1.0539739156337544	2.3899288527521245e-9
1.0589739156337543	2.787354261750383e-9
1.0639739156337542	3.2602753411005904e-9
1.0689739156337539	3.823764905677856e-9
1.0739739156337538	4.49595882842072e-9
1.0789739156337534	5.2986797698094e-9
1.0839739156337533	6.258186717882738e-9
1.088973915633753	7.406075139284506e-9
1.093973915633753	8.780357215828589e-9
1.0989739156337526	1.042675712072346e-8
1.1039739156337525	1.2400262687130537e-8
1.1089739156337524	1.4766982259509316e-8
1.113973915633752	1.7606364120067393e-8
1.118973915633752	2.101384577383685e-8
1.1239739156337516	2.510401167635422e-8
1.1289739156337515	3.0014350804813145e-8
1.1339739156337512	3.59097198910827e-8
1.138973915633751	4.298763420225513e-8
1.143973915633751	5.1484525468365464e-8
1.1489739156337506	6.16831258413926e-8
1.1539739156337505	7.392115744435324e-8
1.1589739156337502	8.86015288058553e-8
1.16397391563375	1.0620426172887023e-7
1.1689739156337497	1.273003940450485e-7
1.1739739156337496	1.525681239044861e-7
1.1789739156337493	1.828114776633213e-7
1.1839739156337492	2.1898179291421617e-7
1.187980436725312	2.5299273757855153e-7
1.1919869578168745	2.921961799699134e-7
1.1959934789084372	3.373534754498288e-7
1.2	3.8933024193329704e-7
