0.0006999999999999628	2.852672834224487e-10
0.001403500000000035	2.8561856732382404e-10
0.0021105174999999296	2.8597219477793923e-10
0.0028210700874998964	2.863281767090142e-10
0.003535175437937438	2.866865321361417e-10
0.004252851315127062	2.870472803415523e-10
0.004974115571702636	2.8741044078945134e-10
0.005698986149561044	2.877760331303171e-10
0.006427481080308875	2.881440772052525e-10
0.007159618485710418	2.885145930497811e-10
0.007895416578138905	2.8888760089736883e-10
0.008634893661029494	2.892631211827324e-10
0.00937806812933463	2.896411745449572e-10
0.010124958469981361	2.9002178183064005e-10
0.010875583262331262	2.9040496409685473e-10
0.01162996117864295	2.907907426141727e-10
0.012388110984536127	2.9117913886959086e-10
0.013150051539458866	2.915701745695744e-10
0.013915801797156208	2.9196387164296905e-10
0.014685380806142003	2.9236025224403087e-10
0.015458807710172712	2.927593387554563e-10
0.01623610174872358	2.931611537914069e-10
0.017017282257467212	2.935657202006249e-10
0.017802368668754516	2.9397306106947216e-10
0.01859138051209827	2.9438319972518357e-10
0.019384337414658823	2.947961597389602e-10
0.020181259101732015	2.952119649292496e-10
0.020982165397240727	2.9563063936501284e-10
0.02178707622422691	2.9605220736902524e-10
0.02259601160534814	2.9647669352125977e-10
0.02340899166337483	2.96904122662277e-10
0.024226036621691812	2.9733451989669426e-10
0.02504716680480027	2.9776791059667385e-10
0.025872402638824326	2.9820432040551555e-10
0.02670176465201842	2.9864377524125186e-10
0.02753527347527842	2.9908630130029324e-10
0.028372949842654864	2.995319250611706e-10
0.0292148145918682	2.9998067328831013e-10
0.03006088866482743	3.0043257303584993e-10
0.03091119310815165	3.008876516515365e-10
0.0317657490736924	3.013459367806831e-10
0.03262457781906081	3.018074563701621e-10
0.03348770070815601	3.022722386725091e-10
0.034355139211696875	3.0274031225000444e-10
0.035226914907755424	3.032117059789365e-10
0.03610304948229413	3.036864490538432e-10
0.03698356472970569	3.041645709917839e-10
0.03786848255335419	3.046461016368667e-10
0.038757824966120964	3.0513107116459665e-10
0.03965161409095162	3.0561951008649736e-10
0.04054987216140643	3.0611144925468037e-10
0.04145262152221345	3.0660691986654766e-10
0.04235988462982453	3.0710595346957376e-10
0.04327168405297366	3.0760858196610664e-10
0.0441880424732386	3.0811483761834636e-10
0.04510898268560485	3.086247530532596e-10
0.046034527599032954	3.091383612677469e-10
0.04696470023702812	3.09655695633736e-10
0.04789952373821329	3.101767899034845e-10
0.048839021356904266	3.107016782148636e-10
0.04978321646368884	3.112303950968281e-10
0.05073213254600732	3.117629754748857e-10
0.05168579320873729	3.1229945467672184e-10
0.052644222174780875	3.128398684379162e-10
0.05360744328565471	3.133842529076598e-10
0.054575480502083065	3.139326446547437e-10
0.055548357904593434	3.1448508067346147e-10
0.056526099694116344	3.1504159838974464e-10
0.0575087301925869	3.15602235667342e-10
0.05849627384354973	3.1616703081410093e-10
0.05948875521276744	3.1673602258839143e-10
0.06048619898883127	3.1730925020558936e-10
0.061488629983775384	3.178867533447367e-10
0.06249607313369419	3.184685721552329e-10
0.06350855349936275	3.190547472637342e-10
0.06452609626685958	3.19645319781073e-10
0.06554872674819387	3.202403313093827e-10
0.06657647038193484	3.208398239492939e-10
0.06760935273384447	3.214438403072796e-10
0.06864739949751365	3.2205242350310495e-10
0.0696906364950013	3.2266561717745866e-10
0.07073908967747639	3.2328346549963567e-10
0.07179278512586384	3.2390601317542703e-10
0.07285174905149322	3.2453330545512165e-10
0.0739160077967507	3.251653881416344e-10
0.07498558783573436	3.258023075988177e-10
0.07606051577491299	3.2644411075987124e-10
0.07714081835378758	3.270908451359478e-10
0.07822652244555647	3.277425588248802e-10
0.07931765505778425	3.2839930052007715e-10
0.0804142433330731	3.290611195195819e-10
0.08151631454973848	3.29728065735268e-10
0.08262389612248718	3.304001897022706e-10
0.0837370156030995	3.310775425884717e-10
0.0848557006811149	3.31760176204306e-10
0.0859799791845205	3.3244814301257433e-10
0.08710987908044313	3.33141496138607e-10
0.08824542847584534	3.338402893805081e-10
0.08938665561822454	3.3454457721957723e-10
0.09053358889631567	3.352544148310056e-10
0.09168625684079722	3.359698580946922e-10
0.09284468812500112	3.3669096360631793e-10
0.09400891156562617	3.374177886885744e-10
0.0951789561234543	3.3815039140263863e-10
0.09635485090407148	3.3888883055982825e-10
0.09753662515859184	3.396331657335281e-10
0.0987243082843847	3.403834572712758e-10
0.09991792982580656	3.411397663071237e-10
0.10111751947493569	3.4190215477423337e-10
0.10232310707231031	3.426706854176331e-10
0.1035347226076718	3.4344542180736597e-10
0.10475239622071016	3.442264283517097e-10
0.10597615820181366	3.4501377031080533e-10
0.10720603899282274	3.458075138104452e-10
0.10844206918778684	3.4660772585618695e-10
0.10968427953372567	3.4741447434767717e-10
0.1109327009313943	3.48227828093334e-10
0.11218736443605135	3.490478568252165e-10
0.11344830125823162	3.4987463121429457e-10
0.11471554276452282	3.5070822288590055e-10
0.11598912047834534	3.515487044355876e-10
0.11726906608073695	3.5239614944522843e-10
0.11855541141114062	3.5325063249944576e-10
0.11984818846819621	3.5411222920238136e-10
0.12114742941053713	3.5498101619482287e-10
0.12245316655758978	3.5585707117157884e-10
0.1237654323903777	3.5674047289932256e-10
0.12508425955232963	3.5763130123467867e-10
0.12640968085009122	3.58529637142735e-10
0.1277417292543416	3.594355627159481e-10
0.1290804379006133	3.6034916119335107e-10
0.13042584009011637	3.6127051698022836e-10
0.1317779692905669	3.6219971566811944e-10
0.13313685913701961	3.631368440552996e-10
0.13450254343270476	3.64081990167641e-10
0.13587505614986833	3.6503524327988844e-10
0.13725443143061763	3.659966939373966e-10
0.13864070358777073	3.669664339783094e-10
0.14003390710570945	3.6794455655618347e-10
0.14143407664123803	3.689311561631256e-10
0.1428412470244442	3.6992632865332776e-10
0.1442554532595664	3.7093017126718813e-10
0.14567673052586416	3.7194278265584925e-10
0.1471051141784935	3.7296426290635277e-10
0.14854063974938603	3.739947135672091e-10
0.149983342948133	3.7503423767457937e-10
0.15143325966287374	3.760829397790203e-10
0.15289042596118813	3.771409259727475e-10
0.15435487809099402	3.7820830391752646e-10
0.15582665248144906	3.792851828731092e-10
0.1573057857438562	3.803716737263491e-10
0.15879231467257537	3.8146788902088506e-10
0.16028627624593816	3.825739429874999e-10
0.16178770762716785	3.8368995157513793e-10
0.16329664616530362	3.8481603248255324e-10
0.16481312939613008	3.859523051907024e-10
0.1663371950431107	3.8709889099583204e-10
0.16786888101832628	3.882559130432634e-10
0.1694082254234178	3.8942349636198286e-10
0.1709552665505349	3.9060176789992336e-10
0.17251004288328747	3.9179085656006805e-10
0.17407259309770393	3.9299089323741585e-10
0.17564295606319252	3.9420201085662246e-10
0.17722117084350858	3.9542434441063426e-10
0.17880727669772617	3.966580310001311e-10
0.18040131308121476	3.9790320987383414e-10
0.18200331964662084	3.9916002246978774e-10
0.18361333624485401	4.004286124575218e-10
0.18523140292607826	4.01709125781218e-10
0.18685755994070874	4.0300171070383146e-10
0.1884918477404122	4.043065178522571e-10
0.19013430697911424	4.056237002635187e-10
0.1917849785140098	4.0695341343201307e-10
0.19344390340657974	4.082958153578856e-10
0.19511112292361268	4.0965106659651867e-10
0.1967866785382308	4.110193303091665e-10
0.19847061193092203	4.1240077231476435e-10
0.20016296499057665	4.1379556114300663e-10
0.20186377981552947	4.15203868088642e-10
0.2035730987146071	4.1662586726706163e-10
0.20529096420818022	4.1806173567120353e-10
0.20701741902922113	4.19511653229867e-10
0.20875250612436722	4.2097580286732557e-10
0.210496268654989	4.2245437056449364e-10
0.21224874999826396	4.239475454214437e-10
0.21400999374825516	4.254555197215731e-10
0.21578004371699644	4.269784889972391e-10
0.21755894393558148	4.285166520969839e-10
0.2193467386552594	4.3007021125450904e-10
0.22114347234853576	4.3163937215925124e-10
0.22294918971027836	4.332243440287191e-10
0.2247639356588297	4.3482533968267233e-10
0.2265877553371239	4.364425756190872e-10
0.2284206941138094	4.3807627209206336e-10
0.23026279758437848	4.397266531916063e-10
0.23211411157230027	4.4139394692558983e-10
0.23397468213016168	4.4307838530354016e-10
0.23584455554081238	4.44780204422802e-10
0.23772377831851643	4.464996445566706e-10
0.23961239721010893	4.4823695024497394e-10
0.24151045919615952	4.4999237038681015e-10
0.24341801149214037	4.51766158335816e-10
0.24533510154960114	4.535585719977677e-10
0.24726177705734917	4.5536987393085764e-10
0.24919808594263576	4.5720033144844485e-10
0.251144076372349	4.590502167245835e-10
0.2530997967542107	4.609198069023055e-10
0.2550652957379817	4.628093842047147e-10
0.2570406222166717	4.647192360491332e-10
0.2590258253277551	4.666496551641367e-10
0.26102095445439405	4.686009397098271e-10
0.2630260592266659	4.705733934012987e-10
0.2650411895227993	4.725673256353634e-10
0.2670663954704134	4.745830516208401e-10
0.26910172744776534	4.766208925122221e-10
0.27114723608500396	4.786811755471438e-10
0.27320297226542917	4.807642341874219e-10
0.27526898712675635	4.828704082641792e-10
0.27734533206239	4.850000441268071e-10
0.2794320587227019	4.871534947961582e-10
0.2815292190163153	4.89331120121927e-10
0.2836368651113967	4.915332869445207e-10
0.28575504943695385	4.93760369261353e-10
0.28788382468413853	4.960127483979627e-10
0.29002324380755934	4.982908131838266e-10
0.29217336002659705	5.005949601333124e-10
0.29433422682673016	5.029255936317035e-10
0.29650589796086374	5.052831261265653e-10
0.29868842745066804	5.076679783247397e-10
0.30088186958792124	5.100805793948008e-10
0.3030862789358609	5.125213671756611e-10
0.30530171033054027	5.149907883911104e-10
0.307528218882193	5.17489298870641e-10
0.30976585997660405	5.200173637768022e-10
0.312014689276487	5.225754578393853e-10
0.31427476272286925	5.251640655963456e-10
0.3165461365364837	5.277836816421208e-10
0.3188288672191662	5.304348108832945e-10
0.32112301155526213	5.331179688019139e-10
0.32342862661303834	5.358336817269856e-10
0.3257457697461036	5.385824871139052e-10
0.32807449859483384	5.413649338327106e-10
0.3304148710878078	5.441815824650419e-10
0.33276694544324686	5.470330056102332e-10
0.33513078017046305	5.499197882009943e-10
0.33750643407131514	5.528425278287483e-10
0.3398939662416715	5.558018350793396e-10
0.3422934360728799	5.587983338791536e-10
0.34470490325324404	5.618326618521671e-10
0.3471284277695101	5.649054706883894e-10
0.34956406990835764	5.680174265239909e-10
0.3520118902578995	5.711692103336095e-10
0.354471949709189	5.743615183353338e-10
0.3569443094577349	5.775950624086614e-10
0.3594290310050235	5.808705705262777e-10
0.3619261761600484	5.841887871995945e-10
0.3644358070408486	5.875504739392465e-10
0.36695798607605284	5.90956409730541e-10
0.36949277600643327	5.944073915247963e-10
0.37204023988646523	5.979042347470389e-10
0.3746004410858973	6.014477738206294e-10
0.3771734432913268	6.050388627096395e-10
0.3797593105077832	6.086783754795412e-10
0.3823581070603219	6.12367206876945e-10
0.38496989759562367	6.161062729291648e-10
0.3875947470836016	6.198965115644643e-10
0.3902327208190196	6.237388832535791e-10
0.3928838844231145	6.276343716736318e-10
0.39554830384522993	6.315839843952397e-10
0.3982260453644561	6.355887535936284e-10
0.4009171755912785	6.396497367849191e-10
0.40362176146923495	6.437680175884987e-10
0.40633987027658097	6.47944706516696e-10
0.4090715696279639	6.521809417925279e-10
0.4118169274761037	6.564778901971632e-10
0.4145760121134843	6.608367479480714e-10
0.4173488921740515	6.652587416090441e-10
0.4201356366349219	6.697451290337401e-10
0.42293631481809635	6.742972003438994e-10
0.4257509963921868	6.789162789439674e-10
0.42857975137414767	6.836037225733251e-10
0.43142265013101855	6.883609243981277e-10
0.43427976338167373	6.931893141443274e-10
0.43715116219858224	6.98090359273561e-10
0.44003691800957523	7.030655662039679e-10
0.44293710259962304	7.081164815777671e-10
0.4458517881126211	7.132446935778707e-10
0.44878104705318417	7.184518332954688e-10
0.45172495228844983	7.237395761511155e-10
0.45468357704989204	7.29109643371611e-10
0.4576569949351413	7.345638035251537e-10
0.46064527990981685	7.401038741176593e-10
0.4636485063093658	7.457317232528072e-10
0.4666667488409128	7.514492713589361e-10
0.4697000825851173	7.572584929859129e-10
0.4727485829980427	7.631614186749186e-10
0.47581232591303285	7.691601369053243e-10
0.478891387542598	7.752567961214586e-10
0.48198584448031084	7.814536068436631e-10
0.4850957737027124	7.877528438675077e-10
0.48822125257122595	7.941568485554355e-10
0.49136235883408197	8.00668031225303e-10
0.4945191706282523	8.072888736406272e-10
0.4976917664813935	8.140219316075898e-10
0.5008802253138004	8.208698376839434e-10
0.5040846264403696	8.27835304005634e-10
0.5073050495725715	8.349211252367828e-10
0.5105415748204343	8.421301816495819e-10
0.5137942826945365	8.494654423405947e-10
0.517063254108009	8.569299685902128e-10
0.5203485703785492	8.645269173732853e-10
0.5236503132304419	8.722595450280059e-10
0.5269685647965939	8.801312110920418e-10
0.5303034076205766	8.881453823142961e-10
0.5336549246586795	8.963056368517338e-10
0.5370231992819728	9.046156686613744e-10
0.5404083152783826	9.130792920975912e-10
0.5438103568547747	9.217004467261497e-10
0.5472294086390483	9.304832023667549e-10
0.5506655556822436	9.394317643766109e-10
0.5541188834606549	9.485504791884443e-10
0.5575894778779582	9.578438401171548e-10
0.5610774252673477	9.673164934501341e-10
0.5645828123936844	9.769732448375064e-10
0.5681057264556525	9.86819065999165e-10
0.5716462550879309	9.968591017671865e-10
0.5752044863633705	1.007098677482565e-9
0.5787805087951873	1.017543306767455e-9
0.5823744113391631	1.0281986996946608e-9
0.5859862833958588	1.0390707713781668e-9
0.5896162148128381	1.0501656510097222e-9
0.5932642958869024	1.0614896913682811e-9
0.5969306173663369	1.0730494788314693e-9
0.6006152704531684	1.0848518439191228e-9
0.6043183468054344	1.0969038724022188e-9
0.6080399385394615	1.1092129170123393e-9
0.6117801382321587	1.121786609788963e-9
0.6155390389233192	1.1346328751054818e-9
0.6193167341179359	1.1477599434166287e-9
0.6231133177885255	1.1611763657743016e-9
0.6269288843774683	1.1748910291611258e-9
0.6307635287993556	1.1889131726955443e-9
0.6346173464433522	1.2032524047657898e-9
0.6384904331755688	1.217918721154811e-9
0.6423828853414466	1.2329225242223759e-9
0.6462947997681537	1.2482746432161436e-9
0.6502262737669944	1.2639863557891356e-9
0.6541774051358293	1.2800694108064733e-9
0.6581482921615082	1.296536052531369e-9
0.6621390336223156	1.3133990462874113e-9
0.6661497287904271	1.330671705701824e-9
0.6701804774343789	1.3483679216430177e-9
0.6742313798215507	1.3665021929749725e-9
0.6783025367206585	1.3850896592615642e-9
0.682394049404262	1.4041461355642054e-9
0.6865060196512833	1.4236881494895647e-9
0.6906385497495399	1.4437329806562398e-9
0.6947917424982876	1.4642987027653155e-9
0.6989657012107791	1.4854042284745773e-9
0.7031605297168331	1.5070693572949725e-9
0.7073763323654171	1.5293148267470917e-9
0.7116132140272443	1.552162367036708e-9
0.7158712800973803	1.5756347595332387e-9
0.7201506364978669	1.5997558993610164e-9
0.724451389680356	1.6245508624418145e-9
0.7287736466287575	1.6500459773614229e-9
0.7331175148619014	1.6762689024672503e-9
0.737483102436211	1.7032487086463317e-9
0.7418705179483918	1.7310159682763443e-9
0.7462798705381338	1.7596028508936432e-9
0.7507112698908246	1.7890432261791237e-9
0.7551648262402787	1.8193727749248998e-9
0.7596406503714802	1.8506291087173855e-9
0.7641388536233378	1.882851899152082e-9
0.7686595478914543	1.916083017487223e-9
0.7732028456309116	1.950366685746144e-9
0.777768859859066	1.9857496403961485e-9
0.7823577041583611	2.0222813098652113e-9
0.7869694926791531	2.060014007311714e-9
0.7916043401425489	2.0990031402381885e-9
0.7962623618432616	2.13930743874181e-9
0.8009436736524779	2.1809892044285754e-9
0.8056483920207402	2.2241145822895175e-9
0.8103766339808439	2.2687538581503334e-9
0.8151285171507483	2.3149817846747147e-9
0.8199041597365018	2.362877939330588e-9
0.8247036805351844	2.4125271182347678e-9
0.8295271989378604	2.4640197703847804e-9
0.8343748349325497	2.5174524774943513e-9
0.8392467091072124	2.5729284854854705e-9
0.8441429426527486	2.630558294687699e-9
0.8490636573660123	2.690460316990336e-9
0.8540089756528424	2.7527616096290714e-9
0.8589790205311068	2.8175986970151703e-9
0.8639739156337622	2.885118494106004e-9
0.868973915633762	2.955195744057618e-9
0.8739739156337618	3.027891759476351e-9
0.8789739156337616	3.1033447733491456e-9
0.8839739156337615	3.1817030562403023e-9
0.8889739156337613	3.263125924941259e-9
0.893973915633761	3.3477848873904973e-9
0.8989739156337608	3.4358649468288026e-9
0.9039739156337606	3.527566092324862e-9
0.9089739156337604	3.623105007983069e-9
0.9139739156337602	3.722717039365065e-9
0.91897391563376	3.8266584631341694e-9
0.9239739156337599	3.935209114932636e-9
0.9289739156337596	4.04867544133511e-9
0.9339739156337594	4.167394054773716e-9
0.9389739156337592	4.291735886060292e-9
0.943973915633759	4.422111048096721e-9
0.9489739156337588	4.558974547240866e-9
0.9539739156337586	4.702833006398034e-9
0.9589739156337583	4.854252597221708e-9
0.9639739156337582	5.013868419025103e-9
0.968973915633758	5.182395610568233e-9
0.9739739156337578	5.360642539535769e-9
0.9789739156337576	5.549526485358161e-9
0.9839739156337574	5.750092316606779e-9
0.9889739156337571	5.963534767567572e-9
0.9939739156337569	6.191225043492413e-9
0.9989739156337567	6.4347426349008925e-9
1.0039739156337566	6.695913403577526e-9
1.0089739156337563	6.976855223068446e-9
1.0139739156337562	7.280032722407337e-9
1.0189739156337558	7.608323002920487e-9
1.0239739156337557	7.96509458568604e-9
1.0289739156337556	8.354302315240634e-9
1.0339739156337553	8.780601509908014e-9
1.0389739156337552	9.249485330454504e-9
1.0439739156337549	9.7674501603789e-9
1.0489739156337547	1.0342194781478993e-8
1.0539739156337544	1.0982860321421428e-8
1.0589739156337543	1.1700319386592376e-8
1.0639739156337542	1.2507524522051129e-8
1.0689739156337539	1.3419928218768596e-8
1.0739739156337538	1.4455989185245719e-8
1.0789739156337534	1.563778259751602e-8
1.0839739156337533	1.699173563483642e-8
1.088973915633753	1.854951391159294e-8
1.093973915633753	2.0349089562594755e-8
1.0989739156337526	2.2436027885112907e-8
1.1039739156337525	2.4865036768689483e-8
1.1089739156337524	2.770183186375606e-8
1.113973915633752	3.102538079539098e-8
1.118973915633752	3.493060199715938e-8
1.1239739156337516	3.953160823757351e-8
1.1289739156337515	4.496560199348221e-8
1.1339739156337512	5.139754988552384e-8
1.138973915633751	5.9025786864584754e-8
1.143973915633751	6.808872819252675e-8
1.1489739156337506	7.887289898907248e-8
1.1539739156337505	9.172252772345453e-8
1.1589739156337502	1.0705099200396412e-7
1.16397391563375	1.2535445279528347e-7
1.1689739156337497	1.47228067087259e-7
1.1739739156337496	1.7338522914207138e-7
1.1789739156337493	2.046803564648554e-7
1.1839739156337492	2.421358076459466e-7
1.187980436725312	2.7741035821521585e-7
1.1919869578168745	3.181574355486663e-7
1.1959934789084372	3.652248978827565e-7
1.2	4.195886475671625e-7
