0.0006999999999999628	9.157212636679977e-12
0.001403500000000035	9.173556776909123e-12
0.0021105174999999296	9.190019400609903e-12
0.0028210700874998964	9.20660085616752e-12
0.003535175437937438	9.223302205196667e-12
0.004252851315127062	9.240124528398751e-12
0.004974115571702636	9.2570689179969e-12
0.005698986149561044	9.274136477960749e-12
0.006427481080308875	9.291328324269777e-12
0.007159618485710418	9.308645585154706e-12
0.007895416578138905	9.32608940132136e-12
0.008634893661029494	9.343660926166276e-12
0.00937806812933463	9.361361325987523e-12
0.010124958469981361	9.379191780191798e-12
0.010875583262331262	9.397153481499992e-12
0.01162996117864295	9.41524763615136e-12
0.012388110984536127	9.433475464109008e-12
0.013150051539458866	9.451838199265118e-12
0.013915801797156208	9.470337089648356e-12
0.014685380806142003	9.488973397631528e-12
0.015458807710172712	9.507748400143668e-12
0.01623610174872358	9.526663388881949e-12
0.017017282257467212	9.545719670527419e-12
0.017802368668754516	9.564918566963248e-12
0.01859138051209827	9.584261415495812e-12
0.019384337414658823	9.603749569078934e-12
0.020181259101732015	9.623384396541369e-12
0.020982165397240727	9.643167282817353e-12
0.02178707622422691	9.66309962918112e-12
0.02259601160534814	9.683182853484963e-12
0.02340899166337483	9.703418390400865e-12
0.024226036621691812	9.723807691665364e-12
0.02504716680480027	9.74435222632962e-12
0.025872402638824326	9.765053481012268e-12
0.02670176465201842	9.78591296015856e-12
0.02753527347527842	9.806932186299686e-12
0.028372949842654864	9.828112700321648e-12
0.0292148145918682	9.849456061733692e-12
0.03006088866482743	9.870963848945477e-12
0.03091119310815165	9.892637659545729e-12
0.0317657490736924	9.914479110587045e-12
0.03262457781906081	9.936489838875959e-12
0.03348770070815601	9.958671501266592e-12
0.034355139211696875	9.981025774960986e-12
0.035226914907755424	1.000355435781325e-11
0.03610304948229413	1.0026258968640414e-11
0.03698356472970569	1.0049141347535876e-11
0.03786848255335419	1.0072203256193141e-11
0.038757824966120964	1.0095446478229796e-11
0.03965161409095162	1.0118872819521863e-11
0.04054987216140643	1.0142484108539797e-11
0.04145262152221345	1.016628219669465e-11
0.04235988462982453	1.0190268958687242e-11
0.04327168405297366	1.0214446292864502e-11
0.0441880424732386	1.0238816121582433e-11
0.04510898268560485	1.0263380391576414e-11
0.046034527599032954	1.0288141074335925e-11
0.04696470023702812	1.0313100166487411e-11
0.04789952373821329	1.0338259690184459e-11
0.048839021356904266	1.0363621693504973e-11
0.04978321646368884	1.0389188250853092e-11
0.05073213254600732	1.0414961463372984e-11
0.05168579320873729	1.0440943459365383e-11
0.052644222174780875	1.0467136394716075e-11
0.05360744328565471	1.0493542453328528e-11
0.054575480502083065	1.0520163847567267e-11
0.055548357904593434	1.054700281870756e-11
0.056526099694116344	1.057406163739432e-11
0.0575087301925869	1.060134260411062e-11
0.05849627384354973	1.0628848049651851e-11
0.05948875521276744	1.0656580335611961e-11
0.06048619898883127	1.0684541854877403e-11
0.061488629983775384	1.0712735032129417e-11
0.06249607313369419	1.0741162324358208e-11
0.06350855349936275	1.0769826221383477e-11
0.06452609626685958	1.0798729246389109e-11
0.06554872674819387	1.0827873956463985e-11
0.06657647038193484	1.085726294315487e-11
0.06760935273384447	1.088689883303077e-11
0.06864739949751365	1.0916784288255516e-11
0.0696906364950013	1.0946922007174511e-11
0.07073908967747639	1.0977314724909684e-11
0.07179278512586384	1.1007965213969002e-11
0.07285174905149322	1.1038876284864303e-11
0.0739160077967507	1.107005078674441e-11
0.07498558783573436	1.1101491608039191e-11
0.07606051577491299	1.1133201677114904e-11
0.07714081835378758	1.1165183962945376e-11
0.07822652244555647	1.1197441475793193e-11
0.07931765505778425	1.1229977267906188e-11
0.0804142433330731	1.126279443422852e-11
0.08151631454973848	1.1295896113122185e-11
0.08262389612248718	1.1329285487107247e-11
0.0837370156030995	1.1362965783613964e-11
0.0848557006811149	1.1396940275750755e-11
0.0859799791845205	1.1431212283088072e-11
0.08710987908044313	1.1465785172457138e-11
0.08824542847584534	1.1500662358765431e-11
0.08938665561822454	1.1535847305827862e-11
0.09053358889631567	1.1571343527216032e-11
0.09168625684079722	1.1607154587124265e-11
0.09284468812500112	1.1643284101252038e-11
0.09400891156562617	1.1679735737706432e-11
0.0951789561234543	1.1716513217921438e-11
0.09635485090407148	1.1753620317598378e-11
0.09753662515859184	1.1791060867662436e-11
0.0987243082843847	1.1828838755241803e-11
0.09991792982580656	1.1866957924665865e-11
0.10111751947493569	1.1905422378484966e-11
0.10232310707231031	1.1944236178510144e-11
0.1035347226076718	1.1983403446876057e-11
0.10475239622071016	1.2022928367124894e-11
0.10597615820181366	1.2062815185315494e-11
0.10720603899282274	1.2103068211151557e-11
0.10844206918778684	1.214369181913895e-11
0.10968427953372567	1.2184690449764039e-11
0.1109327009313943	1.2226068610698004e-11
0.11218736443605135	1.2267830878027323e-11
0.11344830125823162	1.2309981897510729e-11
0.11471554276452282	1.2352526385863452e-11
0.11598912047834534	1.2395469132066862e-11
0.11726906608073695	1.2438814998709697e-11
0.11855541141114062	1.24825689233574e-11
0.11984818846819621	1.2526735919948702e-11
0.12114742941053713	1.25713210802279e-11
0.12245316655758978	1.2616329575202881e-11
0.1237654323903777	1.2661766656639595e-11
0.12508425955232963	1.2707637658586835e-11
0.12640968085009122	1.2753947998936217e-11
0.1277417292543416	1.280070318101558e-11
0.1290804379006133	1.2847908795219803e-11
0.13042584009011637	1.2895570520674745e-11
0.1317779692905669	1.2943694126942278e-11
0.13313685913701961	1.2992285475761932e-11
0.13450254343270476	1.3041350522830764e-11
0.13587505614986833	1.3090895319624808e-11
0.13725443143061763	1.3140926015262522e-11
0.13864070358777073	1.3191448858407691e-11
0.14003390710570945	1.3242470199220698e-11
0.14143407664123803	1.3293996491349308e-11
0.1428412470244442	1.3346034293968549e-11
0.1442554532595664	1.3398590273866688e-11
0.14567673052586416	1.3451671207579864e-11
0.1471051141784935	1.3505283983575048e-11
0.14854063974938603	1.3559435604485805e-11
0.149983342948133	1.3614133189398661e-11
0.15143325966287374	1.3669383976194082e-11
0.15289042596118813	1.3725195323941842e-11
0.15435487809099402	1.3781574715353806e-11
0.15582665248144906	1.3838529759294113e-11
0.1573057857438562	1.3896068193349935e-11
0.15879231467257537	1.3954197886461547e-11
0.16028627624593816	1.4012926841617786e-11
0.16178770762716785	1.4072263198614631e-11
0.16329664616530362	1.4132215236881885e-11
0.16481312939613008	1.4192791378376089e-11
0.1663371950431107	1.4254000190544346e-11
0.16786888101832628	1.4315850389362264e-11
0.1694082254234178	1.4378350842443204e-11
0.1709552665505349	1.4441510572225587e-11
0.17251004288328747	1.4505338759237723e-11
0.17407259309770393	1.4569844745444752e-11
0.17564295606319252	1.463503803767623e-11
0.17722117084350858	1.4700928311139946e-11
0.17880727669772617	1.4767525413025514e-11
0.18040131308121476	1.483483936619488e-11
0.18200331964662084	1.490288037296638e-11
0.18361333624485401	1.497165881899642e-11
0.18523140292607826	1.504118527725728e-11
0.18685755994070874	1.511147051211591e-11
0.1884918477404122	1.5182525483518368e-11
0.19013430697911424	1.52543613512801e-11
0.1917849785140098	1.532698947948538e-11
0.19344390340657974	1.5400421441003244e-11
0.19511112292361268	1.5474669022117523e-11
0.1967866785382308	1.5549744227277597e-11
0.19847061193092203	1.562565928397368e-11
0.20016296499057665	1.5702426647738858e-11
0.20186377981552947	1.5780059007284296e-11
0.2035730987146071	1.585856928976591e-11
0.20529096420818022	1.593797066619547e-11
0.20701741902922113	1.6018276556989775e-11
0.20875250612436722	1.609950063767304e-11
0.210496268654989	1.6181656844728162e-11
0.21224874999826396	1.6264759381606794e-11
0.21400999374825516	1.634882272490011e-11
0.21578004371699644	1.643386163067822e-11
0.21755894393558148	1.651989114100094e-11
0.2193467386552594	1.6606926590605772e-11
0.22114347234853576	1.669498361377892e-11
0.22294918971027836	1.6784078151416717e-11
0.2247639356588297	1.687422645827973e-11
0.2265877553371239	1.6965445110447587e-11
0.2284206941138094	1.7057751012984362e-11
0.23026279758437848	1.7151161407814148e-11
0.23211411157230027	1.724569388181946e-11
0.23397468213016168	1.7341366375167174e-11
0.23584455554081238	1.7438197189867625e-11
0.23772377831851643	1.7536204998580964e-11
0.23961239721010893	1.763540885367017e-11
0.24151045919615952	1.7735828196512778e-11
0.24341801149214037	1.783748286708424e-11
0.24533510154960114	1.7940393113812083e-11
0.24726177705734917	1.8044579603720048e-11
0.24919808594263576	1.8150063432863373e-11
0.251144076372349	1.8256866137069386e-11
0.2530997967542107	1.836500970299508e-11
0.2550652957379817	1.8474516579506954e-11
0.2570406222166717	1.858540968940003e-11
0.2590258253277551	1.869771244146203e-11
0.26102095445439405	1.881144874289596e-11
0.2630260592266659	1.8926643012120923e-11
0.2650411895227993	1.9043320191947924e-11
0.2670663954704134	1.9161505763162217e-11
0.26910172744776534	1.9281225758511568e-11
0.27114723608500396	1.9402506777121873e-11
0.27320297226542917	1.952537599935363e-11
0.27526898712675635	1.964986120211502e-11
0.27734533206239	1.97759907746448e-11
0.2794320587227019	1.9903793734788237e-11
0.2815292190163153	2.003329974577203e-11
0.2836368651113967	2.016453913351376e-11
0.28575504943695385	2.029754290446264e-11
0.28788382468413853	2.0432342764011145e-11
0.29002324380755934	2.0568971135486766e-11
0.29217336002659705	2.0707461179745607e-11
0.29433422682673016	2.084784681539687e-11
0.29650589796086374	2.0990162739670687e-11
0.29868842745066804	2.113444444995963e-11
0.30088186958792124	2.1280728266064282e-11
0.3030862789358609	2.1429051353151536e-11
0.30530171033054027	2.1579451745471554e-11
0.307528218882193	2.1731968370849785e-11
0.30976585997660405	2.1886641075989e-11
0.312014689276487	2.204351065260523e-11
0.31427476272286925	2.2202618864438767e-11
0.3165461365364837	2.2364008475165984e-11
0.3188288672191662	2.252772327724894e-11
0.32112301155526213	2.2693808121760462e-11
0.32342862661303834	2.286230894922046e-11
0.3257457697461036	2.3033272821483205e-11
0.32807449859483384	2.3206747954715774e-11
0.3304148710878078	2.338278375351323e-11
0.33276694544324686	2.3561430846194776e-11
0.33513078017046305	2.374274112132405e-11
0.33750643407131514	2.392676776550443e-11
0.3398939662416715	2.411356530250313e-11
0.3422934360728799	2.43031896337565e-11
0.34470490325324404	2.4495698080307826e-11
0.3471284277695101	2.4691149426239202e-11
0.34956406990835764	2.4889603963662907e-11
0.3520118902578995	2.509112353932574e-11
0.354471949709189	2.5295771602905247e-11
0.3569443094577349	2.5503613257056244e-11
0.3594290310050235	2.571471530929021e-11
0.3619261761600484	2.5929146325757657e-11
0.3644358070408486	2.6146976687017275e-11
0.36695798607605284	2.63682786458737e-11
0.36949277600643327	2.6593126387375076e-11
0.37204023988646523	2.6821596091059817e-11
0.3746004410858973	2.7053765995550026e-11
0.3771734432913268	2.728971646559103e-11
0.3797593105077832	2.752953006165189e-11
0.3823581070603219	2.7773291612184488e-11
0.38496989759562367	2.8021088288672856e-11
0.3875947470836016	2.82730096835822e-11
0.3902327208190196	2.852914789135059e-11
0.3928838844231145	2.8789597592546904e-11
0.39554830384522993	2.9054456141342125e-11
0.3982260453644561	2.932382365644745e-11
0.4009171755912785	2.959780311566546e-11
0.40362176146923495	2.987650045423616e-11
0.40633987027658097	3.016002466713242e-11
0.4090715696279639	3.044848791550577e-11
0.4118169274761037	3.074200563746019e-11
0.4145760121134843	3.104069666336693e-11
0.4173488921740515	3.134468333592669e-11
0.4201356366349219	3.165409163520512e-11
0.42293631481809635	3.196905130888289e-11
0.4257509963921868	3.2289696007961334e-11
0.42857975137414767	3.2616163428189683e-11
0.43142265013101855	3.294859545749603e-11
0.43427976338167373	3.32871383297014e-11
0.43715116219858224	3.363194278484015e-11
0.44003691800957523	3.3983164236396095e-11
0.44293710259962304	3.434096294581287e-11
0.4458517881126211	3.4705504204621056e-11
0.44878104705318417	3.5076958524590065e-11
0.45172495228844983	3.545550183628477e-11
0.45468357704989204	3.5841315696467877e-11
0.4576569949351413	3.623458750479573e-11
0.46064527990981685	3.663551073028976e-11
0.4636485063093658	3.704428514807534e-11
0.4666667488409128	3.746111708694657e-11
0.4697000825851173	3.7886219688296515e-11
0.4727485829980427	3.8319813177035823e-11
0.47581232591303285	3.876212514512371e-11
0.478891387542598	3.921339084838361e-11
0.48198584448031084	3.9673853517332176e-11
0.4850957737027124	4.014376468275814e-11
0.48822125257122595	4.062338451687622e-11
0.49136235883408197	4.111298219089271e-11
0.4945191706282523	4.161283624991116e-11
0.4976917664813935	4.21232350061172e-11
0.5008802253138004	4.2644476951282507e-11
0.5040846264403696	4.3176871189672834e-11
0.5073050495725715	4.372073789251905e-11
0.5105415748204343	4.427640877528255e-11
0.5137942826945365	4.484422759903034e-11
0.517063254108009	4.5424550697307834e-11
0.5203485703785492	4.601774753002328e-11
0.5236503132304419	4.662420126589315e-11
0.5269685647965939	4.724430939518739e-11
0.5303034076205766	4.787848437453605e-11
0.5336549246586795	4.852715430576697e-11
0.5370231992819728	4.919076365080469e-11
0.5404083152783826	4.986977398484448e-11
0.5438103568547747	5.056466479016074e-11
0.5472294086390483	5.127593429305004e-11
0.5506655556822436	5.200410034662068e-11
0.5541188834606549	5.274970136229687e-11
0.5575894778779582	5.351329729313718e-11
0.5610774252673477	5.429547067227481e-11
0.5645828123936844	5.509682771002521e-11
0.5681057264556525	5.5917999453480924e-11
0.5716462550879309	5.675964301267364e-11
0.5752044863633705	5.762244285770028e-11
0.5787805087951873	5.850711219153292e-11
0.5823744113391631	5.941439440358772e-11
0.5859862833958588	6.034506460952783e-11
0.5896162148128381	6.129993128316529e-11
0.5932642958869024	6.22798379867989e-11
0.5969306173663369	6.328566520685575e-11
0.6006152704531684	6.431833230214258e-11
0.6043183468054344	6.537879957273139e-11
0.6080399385394615	6.646807045801866e-11
0.6117801382321587	6.758719387328748e-11
0.6155390389233192	6.873726669479002e-11
0.6193167341179359	6.991943640425693e-11
0.6231133177885255	7.113490390459391e-11
0.6269288843774683	7.238492651956544e-11
0.6307635287993556	7.36708211913142e-11
0.6346173464433522	7.49939678907744e-11
0.6384904331755688	7.635581325733438e-11
0.6423828853414466	7.775787448556519e-11
0.6462947997681537	7.920174347836458e-11
0.6502262737669944	8.068909128765585e-11
0.6541774051358293	8.222167286563885e-11
0.6581482921615082	8.38013321517716e-11
0.6621390336223156	8.543000752293114e-11
0.6661497287904271	8.710973763682462e-11
0.6701804774343789	8.884266770157843e-11
0.6742313798215507	9.063105620758612e-11
0.6783025367206585	9.247728216125689e-11
0.682394049404262	9.43838528641808e-11
0.6865060196512833	9.635341228564691e-11
0.6906385497495399	9.838875008130163e-11
0.6947917424982876	1.0049281131617673e-10
0.6989657012107791	1.026687069564509e-10
0.7031605297168331	1.0491972520113746e-10
0.7073763323654171	1.072493437326057e-10
0.7116132140272443	1.096612429734805e-10
0.7158712800973803	1.121593204473271e-10
0.7201506364978669	1.1474770635151317e-10
0.724451389680356	1.1743078046319588e-10
0.7287736466287575	1.2021319051375126e-10
0.7331175148619014	1.2309987218296798e-10
0.737483102436211	1.2609607088312005e-10
0.7418705179483918	1.2920736552394205e-10
0.7462798705381338	1.3243969447412535e-10
0.7507112698908246	1.3579938396270397e-10
0.7551648262402787	1.3929317919603715e-10
0.7596406503714802	1.4292827850346877e-10
0.7641388536233378	1.4671237086784969e-10
0.7686595478914543	1.50653677247564e-10
0.7732028456309116	1.5476099615531404e-10
0.777768859859066	1.590437540275837e-10
0.7823577041583611	1.635120609992508e-10
0.7869694926791531	1.681767727925737e-10
0.7916043401425489	1.730495595416552e-10
0.7962623618432616	1.7814298250585214e-10
0.8009436736524779	1.8347057978275837e-10
0.8056483920207402	1.8904696231855447e-10
0.8103766339808439	1.948879217369421e-10
0.8151285171507483	2.0101055177552572e-10
0.8199041597365018	2.0743338543972545e-10
0.8247036805351844	2.141765503715291e-10
0.8295271989378604	2.2126194539750973e-10
0.8343748349325497	2.287134417865491e-10
0.8392467091072124	2.3655711343462317e-10
0.8441429426527486	2.4482150103007194e-10
0.8490636573660123	2.535379162729995e-10
0.8540089756528424	2.627407934703311e-10
0.8589790205311068	2.7246809735765017e-10
0.8639739156337622	2.82761797879096e-10
0.868973915633762	2.936240924875361e-10
0.8739739156337618	3.0508693502755527e-10
0.8789739156337616	3.1719692021034824e-10
0.8839739156337615	3.300056372120621e-10
0.8889739156337613	3.4357037141820667e-10
0.893973915633761	3.5795492463142565e-10
0.8989739156337608	3.732305759894764e-10
0.9039739156337606	3.894772102306008e-10
0.9089739156337604	4.067846452507962e-10
0.9139739156337602	4.252541972899027e-10
0.91897391563376	4.450005297854506e-10
0.9239739156337599	4.661538412163628e-10
0.9289739156337596	4.888624584504486e-10
0.9339739156337594	5.132959156057682e-10
0.9389739156337592	5.396486147159039e-10
0.943973915633759	5.681441841282725e-10
0.9489739156337588	5.990406742629632e-10
0.9539739156337586	6.326367589574118e-10
0.9589739156337583	6.692791451375439e-10
0.9639739156337582	7.093714352161093e-10
0.968973915633758	7.533847369049805e-10
0.9739739156337578	8.018703758279575e-10
0.9789739156337576	8.554751395895857e-10
0.9839739156337574	9.149595703927159e-10
0.9889739156337571	9.812199300374584e-10
0.9939739156337569	1.0553145899489933e-9
0.9989739156337567	1.138495754317859e-9
1.0039739156337566	1.2322476119634532e-9
1.0089739156337563	1.3383322387262853e-9
1.0139739156337562	1.458844844963771e-9
1.0189739156337558	1.5962802915598553e-9
1.0239739156337557	1.7536131941495884e-9
1.0289739156337556	1.934394412652199e-9
1.0339739156337553	2.1428672980351413e-9
1.0389739156337552	2.3841077600255875e-9
1.0439739156337549	2.664193051539172e-9
1.0489739156337547	2.990405165676662e-9
1.0539739156337544	3.3714759422442578e-9
1.0589739156337543	3.817882422025935e-9
1.0639739156337542	4.342202714786502e-9
1.0689739156337539	4.959544715818064e-9
1.0739739156337538	5.688062479932536e-9
1.0789739156337534	6.549578016267412e-9
1.0839739156337533	7.570329789609576e-9
1.088973915633753	8.781873405524253e-9
1.093973915633753	1.0222164934149791e-8
1.0989739156337526	1.1936863224468271e-8
1.1039739156337525	1.3980894528372787e-8
1.1089739156337524	1.6420330961488483e-8
1.113973915633752	1.9334643963406148e-8
1.118973915633752	2.2819405189086574e-8
1.1239739156337516	2.698952038609253e-8
1.1289739156337515	3.1983097020558724e-8
1.1339739156337512	3.796606394468123e-8
1.138973915633751	4.513768148231031e-8
1.143973915633751	5.373710316200274e-8
1.1489739156337506	6.405117612915157e-8
1.1539739156337505	7.642369614107978e-8
1.1589739156337502	9.12663650157471e-8
1.16397391563375	1.090717333402102e-7
1.1689739156337497	1.3042844878970686e-7
1.1739739156337496	1.5603916984061674e-7
1.1789739156337493	1.8674154469533007e-7
1.1839739156337492	2.2353269373189877e-7
1.187980436725312	2.5819890913896897e-7
1.1919869578168745	2.9824205990421763e-7
1.1959934789084372	3.4447543234302375e-7
1.2	3.9782969560321516e-7
