0.0006999999999999628	1.866755102167409e-11
0.001403500000000035	1.869833932303065e-11
0.0021105174999999296	1.8729346736870122e-11
0.0028210700874998964	1.8760574177599526e-11
0.003535175437937438	1.8792023573644435e-11
0.004252851315127062	1.882369688387961e-11
0.004974115571702636	1.885559608755901e-11
0.005698986149561044	1.8887723184759297e-11
0.006427481080308875	1.8920080196846185e-11
0.007159618485710418	1.8952669166902067e-11
0.007895416578138905	1.8985492160121183e-11
0.008634893661029494	1.9018551264190605e-11
0.00937806812933463	1.9051848589656387e-11
0.010124958469981361	1.9085386270287867e-11
0.010875583262331262	1.911916646343399e-11
0.01162996117864295	1.915319135038142e-11
0.012388110984536127	1.918746313670937e-11
0.013150051539458866	1.9221984052647856e-11
0.013915801797156208	1.9256756353435252e-11
0.014685380806142003	1.9291782319683293e-11
0.015458807710172712	1.932706425773994e-11
0.01623610174872358	1.9362604500060674e-11
0.017017282257467212	1.9398405405579255e-11
0.017802368668754516	1.94344693600901e-11
0.01859138051209827	1.947079877662827e-11
0.019384337414658823	1.9507396095859833e-11
0.020181259101732015	1.954426378647453e-11
0.020982165397240727	1.9581404345588255e-11
0.02178707622422691	1.9618820299144424e-11
0.02259601160534814	1.9656514202331138e-11
0.02340899166337483	1.9694488639996162e-11
0.024226036621691812	1.9732746227073067e-11
0.02504716680480027	1.9771289609011695e-11
0.025872402638824326	1.9810121462218845e-11
0.02670176465201842	1.9849244494501735e-11
0.02753527347527842	1.9888661445521715e-11
0.028372949842654864	1.9928375087254557e-11
0.0292148145918682	1.9968388224457792e-11
0.03006088866482743	2.0008703695146067e-11
0.03091119310815165	2.0049324371075713e-11
0.0317657490736924	2.0090253158234587e-11
0.03262457781906081	2.013149299734307e-11
0.03348770070815601	2.0173046864360785e-11
0.034355139211696875	2.02149177710048e-11
0.035226914907755424	2.0257108765273014e-11
0.03610304948229413	2.0299622931982272e-11
0.03698356472970569	2.0342463393306543e-11
0.03786848255335419	2.0385633309334145e-11
0.038757824966120964	2.042913587862769e-11
0.03965161409095162	2.0472974338797982e-11
0.04054987216140643	2.051715196708432e-11
0.04145262152221345	2.0561672080946658e-11
0.04235988462982453	2.0606538038668237e-11
0.04327168405297366	2.0651753239969317e-11
0.0441880424732386	2.0697321126629837e-11
0.04510898268560485	2.0743245183123383e-11
0.046034527599032954	2.0789528937264964e-11
0.04696470023702812	2.083617596086601e-11
0.04789952373821329	2.0883189870404e-11
0.048839021356904266	2.093057432770407e-11
0.04978321646368884	2.0978333040629954e-11
0.05073213254600732	2.1026469763791253e-11
0.05168579320873729	2.1074988299260318e-11
0.052644222174780875	2.1123892497301658e-11
0.05360744328565471	2.1173186257119468e-11
0.054575480502083065	2.122287352761148e-11
0.055548357904593434	2.127295830814121e-11
0.056526099694116344	2.1323444649324833e-11
0.0575087301925869	2.137433665382819e-11
0.05849627384354973	2.142563847718272e-11
0.05948875521276744	2.147735432861322e-11
0.06048619898883127	2.1529488471882827e-11
0.061488629983775384	2.158204522615262e-11
0.06249607313369419	2.163502896685833e-11
0.06350855349936275	2.168844412660028e-11
0.06452609626685958	2.1742295196053777e-11
0.06554872674819387	2.1796586724894284e-11
0.06657647038193484	2.18513233227392e-11
0.06760935273384447	2.1906509660110007e-11
0.06864739949751365	2.196215046940937e-11
0.0696906364950013	2.2018250545918864e-11
0.07073908967747639	2.2074814748814317e-11
0.07179278512586384	2.213184800220223e-11
0.07285174905149322	2.2189355296172748e-11
0.0739160077967507	2.2247341687876264e-11
0.07498558783573436	2.2305812302617107e-11
0.07606051577491299	2.2364772334971286e-11
0.07714081835378758	2.242422704992425e-11
0.07822652244555647	2.2484181784030112e-11
0.07931765505778425	2.254464194659589e-11
0.0804142433330731	2.2605613020882654e-11
0.08151631454973848	2.2667100565338716e-11
0.08262389612248718	2.272911021484981e-11
0.0837370156030995	2.2791647682015912e-11
0.0848557006811149	2.2854718758456063e-11
0.0859799791845205	2.2918329316131355e-11
0.08710987908044313	2.298248530870356e-11
0.08824542847584534	2.3047192772914496e-11
0.08938665561822454	2.311245782999182e-11
0.09053358889631567	2.3178286687088367e-11
0.09168625684079722	2.3244685638745068e-11
0.09284468812500112	2.3311661068386276e-11
0.09400891156562617	2.337921944984131e-11
0.0951789561234543	2.344736734890367e-11
0.09635485090407148	2.3516111424912435e-11
0.09753662515859184	2.3585458432373595e-11
0.0987243082843847	2.365541522260995e-11
0.09991792982580656	2.3725988745445794e-11
0.10111751947493569	2.3797186050928285e-11
0.10232310707231031	2.3869014291077012e-11
0.1035347226076718	2.3941480721679973e-11
0.10475239622071016	2.4014592704116094e-11
0.10597615820181366	2.4088357707223794e-11
0.10720603899282274	2.416278330920388e-11
0.10844206918778684	2.423787719956102e-11
0.10968427953372567	2.4313647181088825e-11
0.1109327009313943	2.439010117189742e-11
0.11218736443605135	2.4467247207477843e-11
0.11344830125823162	2.4545093442814393e-11
0.11471554276452282	2.462364815454198e-11
0.11598912047834534	2.4702919743146052e-11
0.11726906608073695	2.478291673521216e-11
0.11855541141114062	2.4863647785720967e-11
0.11984818846819621	2.4945121680395092e-11
0.12114742941053713	2.5027347338092178e-11
0.12245316655758978	2.5110333813256584e-11
0.1237654323903777	2.519409029841404e-11
0.12508425955232963	2.527862612672784e-11
0.12640968085009122	2.5363950774609313e-11
0.1277417292543416	2.545007386438328e-11
0.1290804379006133	2.5537005167011216e-11
0.13042584009011637	2.562475460487615e-11
0.1317779692905669	2.5713332254629342e-11
0.13313685913701961	2.580274835009628e-11
0.13450254343270476	2.589301328524988e-11
0.13587505614986833	2.598413761725019e-11
0.13725443143061763	2.607613206954563e-11
0.13864070358777073	2.6169007535055518e-11
0.14003390710570945	2.6262775079410477e-11
0.14143407664123803	2.635744594427308e-11
0.1428412470244442	2.6453031550735755e-11
0.1442554532595664	2.6549543502785353e-11
0.14567673052586416	2.6646993590859634e-11
0.1471051141784935	2.674539379547184e-11
0.14854063974938603	2.684475629092914e-11
0.149983342948133	2.6945093449127907e-11
0.15143325966287374	2.7046417843442983e-11
0.15289042596118813	2.7148742252698693e-11
0.15435487809099402	2.7252079665241552e-11
0.15582665248144906	2.7356443283097997e-11
0.1573057857438562	2.746184652623667e-11
0.15879231467257537	2.7568303036925806e-11
0.16028627624593816	2.7675826684194414e-11
0.16178770762716785	2.7784431568397787e-11
0.16329664616530362	2.7894132025890583e-11
0.16481312939613008	2.800494263381498e-11
0.1663371950431107	2.8116878214994167e-11
0.16786888101832628	2.8229953842949994e-11
0.1694082254234178	2.8344184847038984e-11
0.1709552665505349	2.8459586817708485e-11
0.17251004288328747	2.8576175611885428e-11
0.17407259309770393	2.8693967358488183e-11
0.17564295606319252	2.8812978464079002e-11
0.17722117084350858	2.8933225618650743e-11
0.17880727669772617	2.9054725801553416e-11
0.18040131308121476	2.917749628757126e-11
0.18200331964662084	2.930155465314387e-11
0.18361333624485401	2.942691878274664e-11
0.18523140292607826	2.9553606875422036e-11
0.18685755994070874	2.968163745148243e-11
0.1884918477404122	2.98110293593706e-11
0.19013430697911424	2.99418017827021e-11
0.1917849785140098	3.007397424747471e-11
0.19344390340657974	3.0207566629469107e-11
0.19511112292361268	3.0342599161831524e-11
0.1967866785382308	3.047909244284834e-11
0.19847061193092203	3.061706744392389e-11
0.20016296499057665	3.075654551775785e-11
0.20186377981552947	3.0897548406738024e-11
0.2035730987146071	3.104009825154101e-11
0.20529096420818022	3.1184217599967696e-11
0.20701741902922113	3.1329929415996085e-11
0.20875250612436722	3.147725708908001e-11
0.210496268654989	3.162622444368607e-11
0.21224874999826396	3.177685574908164e-11
0.21400999374825516	3.1929175729381144e-11
0.21578004371699644	3.208320957386432e-11
0.21755894393558148	3.223898294755634e-11
0.2193467386552594	3.239652200210557e-11
0.22114347234853576	3.255585338693868e-11
0.22294918971027836	3.271700426072517e-11
0.2247639356588297	3.288000230314831e-11
0.2265877553371239	3.304487572699167e-11
0.2284206941138094	3.3211653290563745e-11
0.23026279758437848	3.3380364310447717e-11
0.23211411157230027	3.355103867461903e-11
0.23397468213016168	3.3723706855904855e-11
0.23584455554081238	3.3898399925829384e-11
0.23772377831851643	3.407514956883926e-11
0.23961239721010893	3.4253988096923324e-11
0.24151045919615952	3.443494846464076e-11
0.24341801149214037	3.461806428457794e-11
0.24533510154960114	3.4803369843231094e-11
0.24726177705734917	3.4990900117345357e-11
0.24919808594263576	3.518069079071751e-11
0.251144076372349	3.537277827147724e-11
0.2530997967542107	3.5567199709862166e-11
0.2550652957379817	3.576399301650595e-11
0.2570406222166717	3.596319688125633e-11
0.2590258253277551	3.6164850792533625e-11
0.26102095445439405	3.636899505726067e-11
0.2630260592266659	3.65756708213716e-11
0.2650411895227993	3.6784920090917545e-11
0.2670663954704134	3.699678575381059e-11
0.26910172744776534	3.721131160219378e-11
0.27114723608500396	3.7428542355489404e-11
0.27320297226542917	3.764852368412868e-11
0.27526898712675635	3.7871302233999265e-11
0.27734533206239	3.809692565162361e-11
0.2794320587227019	3.8325442610104306e-11
0.2815292190163153	3.85569028358541e-11
0.2836368651113967	3.8791357136145196e-11
0.28575504943695385	3.902885742750103e-11
0.28788382468413853	3.9269456764961825e-11
0.29002324380755934	3.951320937225935e-11
0.29217336002659705	3.976017067292438e-11
0.29433422682673016	4.001039732236872e-11
0.29650589796086374	4.0263947240971253e-11
0.29868842745066804	4.052087964820229e-11
0.30088186958792124	4.078125509783605e-11
0.3030862789358609	4.104513551427459e-11
0.30530171033054027	4.131258423002903e-11
0.307528218882193	4.158366602441354e-11
0.30976585997660405	4.18584471634762e-11
0.312014689276487	4.21369954412234e-11
0.31427476272286925	4.24193802221854e-11
0.3165461365364837	4.2705672485375776e-11
0.3188288672191662	4.299594486968622e-11
0.32112301155526213	4.329027172078478e-11
0.32342862661303834	4.358872913956314e-11
0.3257457697461036	4.3891395032194096e-11
0.32807449859483384	4.419834916187326e-11
0.3304148710878078	4.4509673202286407e-11
0.33276694544324686	4.482545079289143e-11
0.33513078017046305	4.514576759607007e-11
0.33750643407131514	4.54707113562291e-11
0.3398939662416715	4.5800371960929895e-11
0.3422934360728799	4.6134841504117996e-11
0.34470490325324404	4.647421435153564e-11
0.3471284277695101	4.6818587208425925e-11
0.34956406990835764	4.716805918957719e-11
0.3520118902578995	4.752273189184639e-11
0.354471949709189	4.7882709469236355e-11
0.3569443094577349	4.824809871062882e-11
0.3594290310050235	4.8619009120299596e-11
0.3619261761600484	4.899555300131001e-11
0.3644358070408486	4.937784554190283e-11
0.36695798607605284	4.976600490503059e-11
0.36949277600643327	5.016015232113591e-11
0.37204023988646523	5.05604121843253e-11
0.3746004410858973	5.0966912152082804e-11
0.3771734432913268	5.1379783248666324e-11
0.3797593105077832	5.1799159972343195e-11
0.3823581070603219	5.2225180406641614e-11
0.38496989759562367	5.2657986335759897e-11
0.3875947470836016	5.3097723364358823e-11
0.3902327208190196	5.354454104187617e-11
0.3928838844231145	5.3998592991602175e-11
0.39554830384522993	5.4460037044701616e-11
0.3982260453644561	5.492903537940722e-11
0.4009171755912785	5.5405754665611873e-11
0.40362176146923495	5.5890366215104905e-11
0.40633987027658097	5.6383046137700676e-11
0.4090715696279639	5.688397550352344e-11
0.4118169274761037	5.73933405117325e-11
0.4145760121134843	5.791133266598324e-11
0.4173488921740515	5.843814895691788e-11
0.4201356366349219	5.897399205203094e-11
0.42293631481809635	5.951907049323446e-11
0.4257509963921868	6.007359890249126e-11
0.42857975137414767	6.063779819589071e-11
0.43142265013101855	6.121189580656734e-11
0.43427976338167373	6.179612591688052e-11
0.43715116219858224	6.239072970029848e-11
0.44003691800957523	6.299595557344653e-11
0.44293710259962304	6.361205945882581e-11
0.4458517881126211	6.423930505870694e-11
0.44878104705318417	6.487796414073987e-11
0.45172495228844983	6.552831683588157e-11
0.45468357704989204	6.619065194923122e-11
0.4576569949351413	6.6865267284406e-11
0.46064527990981685	6.755246998217293e-11
0.4636485063093658	6.825257687401993e-11
0.4666667488409128	6.896591485142375e-11
0.4697000825851173	6.96928212516671e-11
0.4727485829980427	7.043364426098184e-11
0.47581232591303285	7.118874333597151e-11
0.478891387542598	7.195848964423756e-11
0.48198584448031084	7.274326652522098e-11
0.4850957737027124	7.354346997233158e-11
0.48822125257122595	7.435950913749053e-11
0.49136235883408197	7.51918068592816e-11
0.4945191706282523	7.604080021598371e-11
0.4976917664813935	7.69069411048397e-11
0.5008802253138004	7.779069684897334e-11
0.5040846264403696	7.869255083349596e-11
0.5073050495725715	7.961300317240188e-11
0.5105415748204343	8.055257140796778e-11
0.5137942826945365	8.151179124448484e-11
0.517063254108009	8.249121731824868e-11
0.5203485703785492	8.349142400588681e-11
0.5236503132304419	8.451300627321175e-11
0.5269685647965939	8.5556580566906e-11
0.5303034076205766	8.662278575159873e-11
0.5336549246586795	8.771228409490989e-11
0.5370231992819728	8.882576230333742e-11
0.5404083152783826	8.996393261199688e-11
0.5438103568547747	9.112753393141795e-11
0.5472294086390483	9.231733305487602e-11
0.5506655556822436	9.353412592987092e-11
0.5541188834606549	9.477873899774624e-11
0.5575894778779582	9.605203060561022e-11
0.5610774252673477	9.735489249504291e-11
0.5645828123936844	9.868825137243579e-11
0.5681057264556525	1.0005307056609303e-10
0.5716462550879309	1.0145035177559211e-10
0.5752044863633705	1.028811369193787e-10
0.5787805087951873	1.0434651008687089e-10
0.5823744113391631	1.0584759960196397e-10
0.5859862833958588	1.0738558020518877e-10
0.5896162148128381	1.0896167536243019e-10
0.5932642958869024	1.1057715970863133e-10
0.5969306173663369	1.1223336163560476e-10
0.6006152704531684	1.1393166603373389e-10
0.6043183468054344	1.1567351719811214e-10
0.6080399385394615	1.1746042191048835e-10
0.6117801382321587	1.192939527093078e-10
0.6155390389233192	1.2117575136106185e-10
0.6193167341179359	1.2310753254725088e-10
0.6231133177885255	1.2509108778243582e-10
0.6269288843774683	1.271282895800919e-10
0.6307635287993556	1.292210958843209e-10
0.6346173464433522	1.3137155478710768e-10
0.6384904331755688	1.3358180955229701e-10
0.6423828853414466	1.35854103969401e-10
0.6462947997681537	1.3819078806225003e-10
0.6502262737669944	1.4059432417971695e-10
0.6541774051358293	1.430672934981104e-10
0.6581482921615082	1.4561240296748045e-10
0.6621390336223156	1.4823249273694666e-10
0.6661497287904271	1.5093054409735835e-10
0.6701804774343789	1.537096879831371e-10
0.6742313798215507	1.5657321407902598e-10
0.6783025367206585	1.5952458058172313e-10
0.682394049404262	1.6256742467134152e-10
0.6865060196512833	1.6570557375259072e-10
0.6906385497495399	1.6894305753187593e-10
0.6947917424982876	1.7228412100270893e-10
0.6989657012107791	1.7573323841940396e-10
0.7031605297168331	1.792951283469404e-10
0.7073763323654171	1.829747698843153e-10
0.7116132140272443	1.8677742016862292e-10
0.7158712800973803	1.9070863327886974e-10
0.7201506364978669	1.9477428067134677e-10
0.724451389680356	1.9898057329297438e-10
0.7287736466287575	2.0333408553563862e-10
0.7331175148619014	2.0784178121310674e-10
0.737483102436211	2.125110417634237e-10
0.7418705179483918	2.173496969038361e-10
0.7462798705381338	2.2236605799280215e-10
0.7507112698908246	2.275689543852615e-10
0.7551648262402787	2.3296777310343175e-10
0.7596406503714802	2.3857250218701793e-10
0.7641388536233378	2.4439377813471346e-10
0.7686595478914543	2.504429379043325e-10
0.7732028456309116	2.567320760032436e-10
0.777768859859066	2.632741072756626e-10
0.7823577041583611	2.700828360808512e-10
0.7869694926791531	2.7717303265819674e-10
0.7916043401425489	2.8456051759561394e-10
0.7962623618432616	2.922622554587815e-10
0.8009436736524779	3.0029645880577075e-10
0.8056483920207402	3.086827040097001e-10
0.8103766339808439	3.1744206054688846e-10
0.8151285171507483	3.2659723568880925e-10
0.8199041597365018	3.361727368709162e-10
0.8247036805351844	3.4619505441402034e-10
0.8295271989378604	3.566928677572707e-10
0.8343748349325497	3.6769727894544513e-10
0.8392467091072124	3.792420778192066e-10
0.8441429426527486	3.913640442133203e-10
0.8490636573660123	4.04103293509574e-10
0.8540089756528424	4.175036731618151e-10
0.8589790205311068	4.316132193638867e-10
0.8639739156337622	4.4648468493575524e-10
0.868973915633762	4.621125049255458e-10
0.8739739156337618	4.785333626416441e-10
0.8789739156337616	4.95803727721768e-10
0.8839739156337615	5.139856577910419e-10
0.8889739156337613	5.331475382511127e-10
0.893973915633761	5.533649426917077e-10
0.8989739156337608	5.747216362095708e-10
0.9039739156337606	5.973107482741644e-10
0.9089739156337604	6.212361470523579e-10
0.9139739156337602	6.466140534538885e-10
0.91897391563376	6.735749408064951e-10
0.9239739156337599	7.022657752842641e-10
0.9289739156337596	7.328526633198052e-10
0.9339739156337594	7.655239856221734e-10
0.9389739156337592	8.004941135737682e-10
0.943973915633759	8.380078232618333e-10
0.9489739156337588	8.783455459075849e-10
0.9539739156337586	9.218296218235807e-10
0.9589739156337583	9.6883175926744e-10
0.9639739156337582	1.0197819408865518e-9
0.968973915633758	1.075179070337289e-9
0.9739739156337578	1.1356037118871384e-9
0.9789739156337576	1.201733348516892e-9
0.9839739156337574	1.2743606718155324e-9
0.9889739156337571	1.35441552292368e-9
0.9939739156337569	1.442991231691906e-9
0.9989739156337567	1.5413762556072991e-9
1.0039739156337566	1.6510922063631626e-9
1.0089739156337563	1.7739395767683896e-9
1.0139739156337562	1.9120527519161427e-9
1.0189739156337558	2.0679662156510172e-9
1.0239739156337557	2.244694257794851e-9
1.0289739156337556	2.445826963000453e-9
1.0339739156337553	2.6756458349011963e-9
1.0389739156337552	2.939263099058747e-9
1.0439739156337549	3.242789558554544e-9
1.0489739156337547	3.593536874970316e-9
1.0539739156337544	4.000261348357553e-9
1.0589739156337543	4.473457712348514e-9
1.0639739156337542	5.0257131919681526e-9
1.0689739156337539	5.672134147779869e-9
1.0739739156337538	6.430860116603845e-9
1.0789739156337534	7.323683033653217e-9
1.0839739156337533	8.37679297430286e-9
1.088973915633753	9.621675991645131e-9
1.093973915633753	1.1096194671353228e-8
1.0989739156337526	1.2845888019725805e-8
1.1039739156337525	1.492553440638137e-8
1.1089739156337524	1.740102968416254e-8
1.113973915633752	2.035164251279946e-8
1.118973915633752	2.387272055062661e-8
1.1239739156337516	2.8078934803629608e-8
1.1289739156337515	3.31081653074886e-8
1.1339739156337512	3.9126149756305085e-8
1.138973915633751	4.633203798147246e-8
1.143973915633751	5.4965019624379106e-8
1.1489739156337506	6.531222022010303e-8
1.1539739156337505	7.771809245923498e-8
1.1589739156337502	9.259556479217949e-8
1.16397391563375	1.1043924883114003e-7
1.1689739156337497	1.318410500327386e-7
1.1739739156337496	1.5750857242590645e-7
1.1789739156337493	1.8828675668386471e-7
1.1839739156337492	2.2518323982015112e-7
1.187980436725312	2.599650228387411e-7
1.1919869578168745	3.0016247007016236e-7
1.1959934789084372	3.4660223409497727e-7
1.2	4.00232184925707e-7
