0.0006999999999999628	1.883819843068705e-9
0.001403500000000035	1.8853746944249614e-9
0.0021105174999999296	1.8869393696315043e-9
0.0028210700874998964	1.8885139169857735e-9
0.003535175437937438	1.8900984105130998e-9
0.004252851315127062	1.891692925132317e-9
0.004974115571702636	1.8932975364180183e-9
0.005698986149561044	1.894912320614676e-9
0.006427481080308875	1.896537354650965e-9
0.007159618485710418	1.89817271615212e-9
0.007895416578138905	1.8998184834515385e-9
0.008634893661029494	1.9014747356017108e-9
0.00937806812933463	1.9031415523845907e-9
0.010124958469981361	1.904819014321876e-9
0.010875583262331262	1.9065072026849292e-9
0.01162996117864295	1.9082061995048087e-9
0.012388110984536127	1.909916087582166e-9
0.013150051539458866	1.911636950496876e-9
0.013915801797156208	1.913368872618104e-9
0.014685380806142003	1.9151119391142335e-9
0.015458807710172712	1.9168662359626324e-9
0.01623610174872358	1.918631849959914e-9
0.017017282257467212	1.9204088687318963e-9
0.017802368668754516	1.9221973807437948e-9
0.01859138051209827	1.9239974753107283e-9
0.019384337414658823	1.925809242607952e-9
0.020181259101732015	1.9276327736814803e-9
0.020982165397240727	1.9294681604588106e-9
0.02178707622422691	1.9313154957595625e-9
0.02259601160534814	1.9331748733066696e-9
0.02340899166337483	1.9350463877372674e-9
0.024226036621691812	1.936930134613896e-9
0.02504716680480027	1.938826210436148e-9
0.025872402638824326	1.94073471265185e-9
0.02670176465201842	1.9426557396690554e-9
0.02753527347527842	1.9445893908676734e-9
0.028372949842654864	1.946535766611617e-9
0.0292148145918682	1.948494968261029e-9
0.03006088866482743	1.9504670981844685e-9
0.03091119310815165	1.9524522597716456e-9
0.0317657490736924	1.9544505574459963e-9
0.03262457781906081	1.9564620966777274e-9
0.03348770070815601	1.9584869839967673e-9
0.034355139211696875	1.9605253270061167e-9
0.035226914907755424	1.9625772343953664e-9
0.03610304948229413	1.9646428159543e-9
0.03698356472970569	1.966722182586787e-9
0.03786848255335419	1.9688154463248465e-9
0.038757824966120964	1.9709227203431205e-9
0.03965161409095162	1.9730441189731167e-9
0.04054987216140643	1.9751797577180936e-9
0.04145262152221345	1.9773297532679083e-9
0.04235988462982453	1.97949422351436e-9
0.04327168405297366	1.9816732875664576e-9
0.0441880424732386	1.983867065766049e-9
0.04510898268560485	1.9860756797037072e-9
0.046034527599032954	1.9882992522349845e-9
0.04696470023702812	1.9905379074965747e-9
0.04789952373821329	1.992791770923084e-9
0.048839021356904266	1.995060969263802e-9
0.04978321646368884	1.997345630599934e-9
0.05073213254600732	1.9996458843619364e-9
0.05168579320873729	2.001961861347091e-9
0.052644222174780875	2.00429369373777e-9
0.05360744328565471	2.006641515119278e-9
0.054575480502083065	2.0090054604986604e-9
0.055548357904593434	2.011385666323346e-9
0.056526099694116344	2.01378227050037e-9
0.0575087301925869	2.016195412415582e-9
0.05849627384354973	2.018625232953617e-9
0.05948875521276744	2.021071874517767e-9
0.06048619898883127	2.0235354810502546e-9
0.061488629983775384	2.026016198053186e-9
0.06249607313369419	2.028514172609202e-9
0.06350855349936275	2.031029553403142e-9
0.06452609626685958	2.0335624907435066e-9
0.06554872674819387	2.036113136584589e-9
0.06657647038193484	2.0386816445488235e-9
0.06760935273384447	2.0412681699496775e-9
0.06864739949751365	2.0438728698145846e-9
0.0696906364950013	2.046495902908579e-9
0.07073908967747639	2.049137429758138e-9
0.07179278512586384	2.051797612675572e-9
0.07285174905149322	2.054476615783629e-9
0.0739160077967507	2.0571746050404938e-9
0.07498558783573436	2.059891748265477e-9
0.07606051577491299	2.062628215164903e-9
0.07714081835378758	2.065384177358435e-9
0.07822652244555647	2.068159808405928e-9
0.07931765505778425	2.0709552838346663e-9
0.0804142433330731	2.07377078116704e-9
0.08151631454973848	2.0766064799489307e-9
0.08262389612248718	2.0794625617779346e-9
0.0837370156030995	2.0823392103330896e-9
0.0848557006811149	2.0852366114041078e-9
0.0859799791845205	2.088154952921619e-9
0.08710987908044313	2.0910944249879234e-9
0.08824542847584534	2.094055219908141e-9
0.08938665561822454	2.0970375322219043e-9
0.09053358889631567	2.1000415587355196e-9
0.09168625684079722	2.1030674985551073e-9
0.09284468812500112	2.1061155531197547e-9
0.09400891156562617	2.109185926235593e-9
0.0951789561234543	2.112278824110216e-9
0.09635485090407148	2.115394455388184e-9
0.09753662515859184	2.1185330311865283e-9
0.0987243082843847	2.1216947651312607e-9
0.09991792982580656	2.1248798733944745e-9
0.10111751947493569	2.128088574732003e-9
0.10232310707231031	2.1313210905219887e-9
0.1035347226076718	2.1345776448036385e-9
0.10475239622071016	2.137858464317406e-9
0.10597615820181366	2.1411637785450323e-9
0.10720603899282274	2.144493819751101e-9
0.10844206918778684	2.1478488230248145e-9
0.10968427953372567	2.1512290263227833e-9
0.1109327009313943	2.1546346705124797e-9
0.11218736443605135	2.158065999416499e-9
0.11344830125823162	2.1615232598576296e-9
0.11471554276452282	2.1650067017047935e-9
0.11598912047834534	2.1685165779198355e-9
0.11726906608073695	2.1720531446048682e-9
0.11855541141114062	2.1756166610510215e-9
0.11984818846819621	2.179207389787815e-9
0.12114742941053713	2.1828255966332407e-9
0.12245316655758978	2.1864715507451233e-9
0.1237654323903777	2.1901455246732613e-9
0.12508425955232963	2.1938477944126203e-9
0.12640968085009122	2.197578639457415e-9
0.1277417292543416	2.201338342856347e-9
0.1290804379006133	2.205127191268756e-9
0.13042584009011637	2.2089454750219303e-9
0.1317779692905669	2.2127934881694677e-9
0.13313685913701961	2.2166715285507208e-9
0.13450254343270476	2.2205798978513874e-9
0.13587505614986833	2.2245189016653538e-9
0.13725443143061763	2.2284888495576123e-9
0.13864070358777073	2.2324900551283846e-9
0.14003390710570945	2.2365228360786273e-9
0.14143407664123803	2.2405875142766175e-9
0.1428412470244442	2.244684415825975e-9
0.1442554532595664	2.24881387113503e-9
0.14567673052586416	2.2529762149873206e-9
0.1471051141784935	2.257171786613864e-9
0.14854063974938603	2.2614009297664554e-9
0.149983342948133	2.265663992792651e-9
0.15143325966287374	2.269961328712114e-9
0.15289042596118813	2.274293295294691e-9
0.15435487809099402	2.2786602551399057e-9
0.15582665248144906	2.2830625757576285e-9
0.1573057857438562	2.2875006296514653e-9
0.15879231467257537	2.2919747944024413e-9
0.16028627624593816	2.2964854527556385e-9
0.16178770762716785	2.3010329927077126e-9
0.16329664616530362	2.3056178075965247e-9
0.16481312939613008	2.3102402961926884e-9
0.1663371950431107	2.3149008627928707e-9
0.16786888101832628	2.319599917314948e-9
0.1694082254234178	2.3243378753952707e-9
0.1709552665505349	2.329115158487873e-9
0.17251004288328747	2.333932193965513e-9
0.17407259309770393	2.3387894152237854e-9
0.17564295606319252	2.3436872617855955e-9
0.17722117084350858	2.348626179409721e-9
0.17880727669772617	2.35360662020061e-9
0.18040131308121476	2.3586290427204908e-9
0.18200331964662084	2.363693912104425e-9
0.18361333624485401	2.3688017001774e-9
0.18523140292607826	2.3739528855738557e-9
0.18685755994070874	2.379147953859965e-9
0.1884918477404122	2.3843873976585593e-9
0.19013430697911424	2.3896717167765953e-9
0.1917849785140098	2.3950014183354332e-9
0.19344390340657974	2.4003770169040043e-9
0.19511112292361268	2.4057990346348523e-9
0.1967866785382308	2.4112680014031286e-9
0.19847061193092203	2.416784454948636e-9
0.20016296499057665	2.422348941020916e-9
0.20186377981552947	2.4279620135277367e-9
0.2035730987146071	2.433624234686756e-9
0.20529096420818022	2.4393361751804685e-9
0.20701741902922113	2.4450984143148077e-9
0.20875250612436722	2.450911540181272e-9
0.210496268654989	2.456776149822328e-9
0.21224874999826396	2.462692849401186e-9
0.21400999374825516	2.468662254374988e-9
0.21578004371699644	2.474684989671797e-9
0.21755894393558148	2.4807616898721744e-9
0.2193467386552594	2.486892999394457e-9
0.22114347234853576	2.493079572684392e-9
0.22294918971027836	2.4993220744092696e-9
0.2247639356588297	2.50562117965646e-9
0.2265877553371239	2.5119775741364453e-9
0.2284206941138094	2.518391954390894e-9
0.23026279758437848	2.5248650280053844e-9
0.23211411157230027	2.5313975138270115e-9
0.23397468213016168	2.537990142187599e-9
0.23584455554081238	2.5446436551315915e-9
0.23772377831851643	2.551358806650001e-9
0.23961239721010893	2.558136362919158e-9
0.24151045919615952	2.564977102546006e-9
0.24341801149214037	2.571881816818827e-9
0.24533510154960114	2.5788513099639526e-9
0.24726177705734917	2.5858863994091244e-9
0.24919808594263576	2.5929879160528025e-9
0.251144076372349	2.6001567045403344e-9
0.2530997967542107	2.6073936235467503e-9
0.2550652957379817	2.614699546066762e-9
0.2570406222166717	2.622075359711413e-9
0.2590258253277551	2.629521967012734e-9
0.26102095445439405	2.6370402857358265e-9
0.2630260592266659	2.6446312491980982e-9
0.2650411895227993	2.6522958065975305e-9
0.2670663954704134	2.6600349233485892e-9
0.26910172744776534	2.6678495814266134e-9
0.27114723608500396	2.6757407797214857e-9
0.27320297226542917	2.683709534399764e-9
0.27526898712675635	2.691756879276347e-9
0.27734533206239	2.699883866195798e-9
0.2794320587227019	2.708091565423254e-9
0.2815292190163153	2.716381066046034e-9
0.2836368651113967	2.7247534763847074e-9
0.28575504943695385	2.7332099244162403e-9
0.28788382468413853	2.7417515582071583e-9
0.29002324380755934	2.750379546358764e-9
0.29217336002659705	2.7590950784638116e-9
0.29433422682673016	2.7678993655757672e-9
0.29650589796086374	2.776793640690142e-9
0.29868842745066804	2.7857791592391227e-9
0.30088186958792124	2.794857199599275e-9
0.3030862789358609	2.804029063613347e-9
0.30530171033054027	2.8132960771258395e-9
0.307528218882193	2.8226595905337688e-9
0.30976585997660405	2.8321209793517627e-9
0.312014689276487	2.8416816447937146e-9
0.31427476272286925	2.8513430143695805e-9
0.3165461365364837	2.861106542499859e-9
0.3188288672191662	2.870973711146091e-9
0.32112301155526213	2.880946030459897e-9
0.32342862661303834	2.8910250394500286e-9
0.3257457697461036	2.9012123066684444e-9
0.32807449859483384	2.911509430915644e-9
0.3304148710878078	2.92191804196654e-9
0.33276694544324686	2.932439801316888e-9
0.33513078017046305	2.9430764029515308e-9
0.33750643407131514	2.9538295741347043e-9
0.3398939662416715	2.9647010762234562e-9
0.3422934360728799	2.975692705505022e-9
0.34470490325324404	2.986806294058445e-9
0.3471284277695101	2.998043710642266e-9
0.34956406990835764	3.0094068616079377e-9
0.3520118902578995	3.020897691841028e-9
0.354471949709189	3.0325181857302663e-9
0.3569443094577349	3.044270368166091e-9
0.3594290310050235	3.056156305569209e-9
0.3619261761600484	3.0681781069507047e-9
0.3644358070408486	3.080337925004224e-9
0.36695798607605284	3.0926379572320545e-9
0.36949277600643327	3.105080447105858e-9
0.37204023988646523	3.1176676852633164e-9
0.3746004410858973	3.130402010742542e-9
0.3771734432913268	3.1432858122546945e-9
0.3797593105077832	3.1563215294968497e-9
0.3823581070603219	3.1695116545068947e-9
0.38496989759562367	3.182858733060773e-9
0.3875947470836016	3.196365366115124e-9
0.3902327208190196	3.21003421129637e-9
0.3928838844231145	3.2238679844372297e-9
0.39554830384522993	3.2378694611642097e-9
0.3982260453644561	3.252041478535913e-9
0.4009171755912785	3.266386936736316e-9
0.40362176146923495	3.280908800823186e-9
0.40633987027658097	3.295610102534626e-9
0.4090715696279639	3.310493942156591e-9
0.4118169274761037	3.3255634904522782e-9
0.4145760121134843	3.3408219906573737e-9
0.4173488921740515	3.356272760542329e-9
0.4201356366349219	3.371919194545948e-9
0.42293631481809635	3.38776476598139e-9
0.4257509963921868	3.4038130293184968e-9
0.42857975137414767	3.420067622545681e-9
0.43142265013101855	3.436532269614221e-9
0.43427976338167373	3.453210782968094e-9
0.43715116219858224	3.4701070661630074e-9
0.44003691800957523	3.487225116579087e-9
0.44293710259962304	3.5045690282297744e-9
0.4458517881126211	3.5221429946722766e-9
0.44878104705318417	3.5399513120225495e-9
0.45172495228844983	3.5579983820803044e-9
0.45468357704989204	3.576288715568337e-9
0.4576569949351413	3.5948269354905216e-9
0.46064527990981685	3.6136177806145383e-9
0.4636485063093658	3.6326661090843597e-9
0.4666667488409128	3.6519769021674104e-9
0.4697000825851173	3.6715552681434733e-9
0.4727485829980427	3.6914064463412353e-9
0.47581232591303285	3.7115358113278337e-9
0.478891387542598	3.731948877260421e-9
0.48198584448031084	3.7526513024051685e-9
0.4850957737027124	3.773648893831874e-9
0.48822125257122595	3.794947612292533e-9
0.49136235883408197	3.816553577292035e-9
0.4945191706282523	3.838473072359109e-9
0.4976917664813935	3.860712550528245e-9
0.5008802253138004	3.883278640041139e-9
0.5040846264403696	3.90617815027888e-9
0.5073050495725715	3.929418077934708e-9
0.5105415748204343	3.9530056134402366e-9
0.5137942826945365	3.976948147655887e-9
0.517063254108009	4.001253278839102e-9
0.5203485703785492	4.0259288199036766e-9
0.5236503132304419	4.050982805984348e-9
0.5269685647965939	4.07642350232109e-9
0.5303034076205766	4.102259412480377e-9
0.5336549246586795	4.128499286928698e-9
0.5370231992819728	4.155152131976924e-9
0.5404083152783826	4.182227219113951e-9
0.5438103568547747	4.20973409474953e-9
0.5472294086390483	4.237682590387031e-9
0.5506655556822436	4.266082833249034e-9
0.5541188834606549	4.294945257378198e-9
0.5575894778779582	4.324280615239209e-9
0.5610774252673477	4.3540999898483e-9
0.5645828123936844	4.384414807457176e-9
0.5681057264556525	4.415236850823164e-9
0.5716462550879309	4.446578273094204e-9
0.5752044863633705	4.478451612345828e-9
0.5787805087951873	4.5108698068017636e-9
0.5823744113391631	4.543846210780183e-9
0.5859862833958588	4.577394611401171e-9
0.5896162148128381	4.61152924610263e-9
0.5932642958869024	4.646264821007103e-9
0.5969306173663369	4.681616530188996e-9
0.6006152704531684	4.717600075894404e-9
0.6043183468054344	4.754231689766673e-9
0.6080399385394615	4.791528155138963e-9
0.6117801382321587	4.829506830453817e-9
0.6155390389233192	4.868185673878326e-9
0.6193167341179359	4.907583269184534e-9
0.6231133177885255	4.9477188529729694e-9
0.6269288843774683	4.988612343318375e-9
0.6307635287993556	5.030284369927433e-9
0.6346173464433522	5.0727563058988e-9
0.6384904331755688	5.116050301186368e-9
0.6423828853414466	5.16018931787322e-9
0.6462947997681537	5.205197167368239e-9
0.6502262737669944	5.2510985496503865e-9
0.6541774051358293	5.297919094690436e-9
0.6581482921615082	5.345685406192891e-9
0.6621390336223156	5.394425107807428e-9
0.6661497287904271	5.444166891975285e-9
0.6701804774343789	5.494940571584356e-9
0.6742313798215507	5.54677713462094e-9
0.6783025367206585	5.599708802023748e-9
0.682394049404262	5.6537690889560665e-9
0.6865060196512833	5.708992869733282e-9
0.6906385497495399	5.765416446660351e-9
0.6947917424982876	5.823077623053794e-9
0.6989657012107791	5.8820157807445376e-9
0.7031605297168331	5.9422719623840256e-9
0.7073763323654171	6.003888958899183e-9
0.7116132140272443	6.066911402473892e-9
0.7158712800973803	6.131385865464409e-9
0.7201506364978669	6.197360965691274e-9
0.724451389680356	6.264887478587244e-9
0.7287736466287575	6.334018456725327e-9
0.7331175148619014	6.404809357292789e-9
0.737483102436211	6.477318178131209e-9
0.7418705179483918	6.551605603017192e-9
0.7462798705381338	6.627735156919268e-9
0.7507112698908246	6.705773372034649e-9
0.7551648262402787	6.785789965489132e-9
0.7596406503714802	6.867858029661934e-9
0.7641388536233378	6.952054236193176e-9
0.7686595478914543	7.038459054840643e-9
0.7732028456309116	7.127156988461933e-9
0.777768859859066	7.218236825536607e-9
0.7823577041583611	7.311791911784252e-9
0.7869694926791531	7.407920442608603e-9
0.7916043401425489	7.506725778277586e-9
0.7962623618432616	7.608316783972616e-9
0.8009436736524779	7.712808197075191e-9
0.8056483920207402	7.82032102434547e-9
0.8103766339808439	7.930982971961111e-9
0.8151285171507483	8.04492891175723e-9
0.8199041597365018	8.162301387432022e-9
0.8247036805351844	8.283251164978767e-9
0.8295271989378604	8.4079378321784e-9
0.8343748349325497	8.536530452668856e-9
0.8392467091072124	8.669208280895905e-9
0.8441429426527486	8.806161545194425e-9
0.8490636573660123	8.94759230736076e-9
0.8540089756528424	9.09371540841184e-9
0.8589790205311068	9.244759511812064e-9
0.8639739156337622	9.400968257372146e-9
0.868973915633762	9.56195235037099e-9
0.8739739156337618	9.72775437991017e-9
0.8789739156337616	9.898586084103735e-9
0.8839739156337615	1.0074671956404287e-8
0.8889739156337613	1.0256250313365328e-8
0.893973915633761	1.0443574489164358e-8
0.8989739156337608	1.0636914177923896e-8
0.9039739156337606	1.0836556948103503e-8
0.9089739156337604	1.1042809957877391e-8
0.9139739156337602	1.1256001906037264e-8
0.91897391563376	1.1476485259714986e-8
0.9239739156337599	1.1704638808399103e-8
0.9289739156337596	1.1940870603568518e-8
0.9339739156337594	1.2185621355184902e-8
0.9389739156337592	1.2439368370682209e-8
0.943973915633759	1.2702630139485137e-8
0.9489739156337588	1.2975971687140679e-8
0.9539739156337586	1.3260010848593797e-8
0.9589739156337583	1.3555425640924385e-8
0.9639739156337582	1.386296295312011e-8
0.968973915633758	1.4183448815527756e-8
0.9739739156337578	1.4517800566170446e-8
0.9789739156337576	1.4867041297117777e-8
0.9839739156337574	1.523231704396692e-8
0.9889739156337571	1.5614917278129192e-8
0.9939739156337569	1.6016299378557707e-8
0.9989739156337567	1.643811790101746e-8
1.0039739156337566	1.688225963413623e-8
1.0089739156337563	1.735088563847186e-8
1.0139739156337562	1.7846481715146093e-8
1.0189739156337558	1.8371919053252043e-8
1.0239739156337557	1.8930527171089145e-8
1.0289739156337556	1.9526181708445404e-8
1.0339739156337553	2.0163410161319594e-8
1.0389739156337552	2.0847519295763485e-8
1.0439739156337549	2.158474875664477e-8
1.0489739156337547	2.2382456327683048e-8
1.0539739156337544	2.324934143401516e-8
1.0589739156337543	2.419571484759205e-8
1.0639739156337542	2.5233824206435488e-8
1.0689739156337539	2.637824694841681e-8
1.0739739156337538	2.764636465725414e-8
1.0789739156337534	2.9058935704926234e-8
1.0839739156337533	3.0640786549024734e-8
1.088973915633753	3.242164622310635e-8
1.093973915633753	3.443715358349923e-8
1.0989739156337526	3.673007291479059e-8
1.1039739156337525	3.935176074850221e-8
1.1089739156337524	4.2363935453498545e-8
1.113973915633752	4.5840811596100683e-8
1.118973915633752	4.987167357982793e-8
1.1239739156337516	5.456397805944576e-8
1.1289739156337515	6.004709255621038e-8
1.1339739156337512	6.647679914273698e-8
1.138973915633751	7.404071768133888e-8
1.143973915633751	8.2964833672948e-8
1.1489739156337506	9.352135222839404e-8
1.1539739156337505	1.0603814309465039e-7
1.1589739156337502	1.2091009332481086e-7
1.16397391563375	1.3861274554944457e-7
1.1689739156337497	1.5971867259281062e-7
1.1739739156337496	1.8491712532148785e-7
1.1789739156337493	2.150375922763769e-7
1.1839739156337492	2.510780291449923e-7
1.187980436725312	2.850302722507964e-7
1.1919869578168745	3.242780135254485e-7
1.1959934789084372	3.6966410778938586e-7
1.2	4.2216543551813274e-7
