0.0006999999999999628	1.48444677373571e-9
0.001403500000000035	1.4858004176580184e-9
0.0021105174999999296	1.48716267750798e-9
0.0028210700874998964	1.4885335942025524e-9
0.003535175437937438	1.489913233348036e-9
0.004252851315127062	1.4913016613835063e-9
0.004974115571702636	1.4926989453311628e-9
0.005698986149561044	1.4941051528102936e-9
0.006427481080308875	1.495520352050649e-9
0.007159618485710418	1.4969446119044048e-9
0.007895416578138905	1.4983780018569379e-9
0.008634893661029494	1.4998205920369096e-9
0.00937806812933463	1.5012724532258773e-9
0.010124958469981361	1.5027336568676653e-9
0.010875583262331262	1.5042042750776544e-9
0.01162996117864295	1.5056843806516982e-9
0.012388110984536127	1.5071740470754237e-9
0.013150051539458866	1.508673348533077e-9
0.013915801797156208	1.510182359916545e-9
0.014685380806142003	1.511701156834618e-9
0.015458807710172712	1.5132298156219596e-9
0.01623610174872358	1.5147684133482936e-9
0.017017282257467212	1.516317027827838e-9
0.017802368668754516	1.5178757376284215e-9
0.01859138051209827	1.5194446220810423e-9
0.019384337414658823	1.5210237612894428e-9
0.020181259101732015	1.5226132361395327e-9
0.020982165397240727	1.5242131283094928e-9
0.02178707622422691	1.525823520279216e-9
0.02259601160534814	1.5274444953406978e-9
0.02340899166337483	1.5290761376078264e-9
0.024226036621691812	1.5307185320267208e-9
0.02504716680480027	1.5323717643862029e-9
0.025872402638824326	1.5340359213281527e-9
0.02670176465201842	1.5357110903582676e-9
0.02753527347527842	1.5373973598567428e-9
0.028372949842654864	1.5390948190893534e-9
0.0292148145918682	1.54080355821843e-9
0.03006088866482743	1.5425236683141672e-9
0.03091119310815165	1.5442552413660386e-9
0.0317657490736924	1.5459983702943516e-9
0.03262457781906081	1.5477531489619395e-9
0.03348770070815601	1.5495196721862442e-9
0.034355139211696875	1.5512980357512167e-9
0.035226914907755424	1.5530883364196965e-9
0.03610304948229413	1.5548906719457446e-9
0.03698356472970569	1.556705141087422e-9
0.03786848255335419	1.5585318436194856e-9
0.038757824966120964	1.5603708803465052e-9
0.03965161409095162	1.5622223531159847e-9
0.04054987216140643	1.5640863648317756e-9
0.04145262152221345	1.5659630194677217e-9
0.04235988462982453	1.5678524220814777e-9
0.04327168405297366	1.5697546788285262e-9
0.0441880424732386	1.5716698969764327e-9
0.04510898268560485	1.5735981849192212e-9
0.046034527599032954	1.575539652192242e-9
0.04696470023702812	1.5774944094869318e-9
0.04789952373821329	1.5794625686659573e-9
0.048839021356904266	1.5814442427786932e-9
0.04978321646368884	1.5834395460767766e-9
0.05073213254600732	1.5854485940299808e-9
0.05168579320873729	1.5874715033423155e-9
0.052644222174780875	1.5895083919684716e-9
0.05360744328565471	1.5915593791303256e-9
0.054575480502083065	1.5936245853339547e-9
0.055548357904593434	1.5957041323867006e-9
0.056526099694116344	1.5977981434146078e-9
0.0575087301925869	1.5999067428802076e-9
0.05849627384354973	1.6020300566004649e-9
0.05948875521276744	1.6041682117650456e-9
0.06048619898883127	1.6063213369548924e-9
0.061488629983775384	1.6084895621611675e-9
0.06249607313369419	1.6106730188043538e-9
0.06350855349936275	1.6128718397538205e-9
0.06452609626685958	1.6150861593475304e-9
0.06554872674819387	1.6173161134123157e-9
0.06657647038193484	1.6195618392842039e-9
0.06760935273384447	1.6218234758293643e-9
0.06864739949751365	1.6241011634651028e-9
0.0696906364950013	1.6263950441814825e-9
0.07073908967747639	1.62870526156303e-9
0.07179278512586384	1.631031960811138e-9
0.07285174905149322	1.6333752887664037e-9
0.0739160077967507	1.6357353939317873e-9
0.07498558783573436	1.6381124264959146e-9
0.07606051577491299	1.6405065383567359e-9
0.07714081835378758	1.6429178831456726e-9
0.07822652244555647	1.6453466162521608e-9
0.07931765505778425	1.6477928948486728e-9
0.0804142433330731	1.6502568779159844e-9
0.08151631454973848	1.6527387262690642e-9
0.08262389612248718	1.6552386025833084e-9
0.0837370156030995	1.6577566714211529e-9
0.0848557006811149	1.6602930992593001e-9
0.0859799791845205	1.6628480545163812e-9
0.08710987908044313	1.6654217075809715e-9
0.08824542847584534	1.6680142308401083e-9
0.08938665561822454	1.6706257987086467e-9
0.09053358889631567	1.6732565876583724e-9
0.09168625684079722	1.675906776248633e-9
0.09284468812500112	1.6785765451565516e-9
0.09400891156562617	1.6812660772083875e-9
0.0951789561234543	1.6839755574111417e-9
0.09635485090407148	1.6867051729849981e-9
0.09753662515859184	1.689455113395813e-9
0.0987243082843847	1.692225570388959e-9
0.09991792982580656	1.6950167380229897e-9
0.10111751947493569	1.6978288127044548e-9
0.10232310707231031	1.70066199322308e-9
0.1035347226076718	1.7035164807876478e-9
0.10475239622071016	1.7063924790624206e-9
0.10597615820181366	1.7092901942044635e-9
0.10720603899282274	1.7122098349014524e-9
0.10844206918778684	1.7151516124099936e-9
0.10968427953372567	1.718115740595167e-9
0.1109327009313943	1.7211024359703401e-9
0.11218736443605135	1.7241119177377159e-9
0.11344830125823162	1.7271444078300142e-9
0.11471554276452282	1.7302001309524042e-9
0.11598912047834534	1.733279314625687e-9
0.11726906608073695	1.7363821892298967e-9
0.11855541141114062	1.7395089880489208e-9
0.11984818846819621	1.7426599473159419e-9
0.12114742941053713	1.7458353062596037e-9
0.12245316655758978	1.7490353071512466e-9
0.1237654323903777	1.7522601953527585e-9
0.12508425955232963	1.755510219365726e-9
0.12640968085009122	1.7587856308809245e-9
0.1277417292543416	1.7620866848293351e-9
0.1290804379006133	1.7654136394339449e-9
0.13042584009011637	1.7687667562621875e-9
0.1317779692905669	1.7721463002798894e-9
0.13313685913701961	1.7755525399061231e-9
0.13450254343270476	1.7789857470687858e-9
0.13587505614986833	1.7824461972615907e-9
0.13725443143061763	1.7859341696022175e-9
0.13864070358777073	1.7894499468912584e-9
0.14003390710570945	1.7929938156725973e-9
0.14143407664123803	1.7965660662948577e-9
0.1428412470244442	1.8001669929740146e-9
0.1442554532595664	1.8037968938573724e-9
0.14567673052586416	1.8074560710886619e-9
0.1471051141784935	1.811144830874594e-9
0.14854063974938603	1.814863483552483e-9
0.149983342948133	1.8186123436595803e-9
0.15143325966287374	1.82239173000327e-9
0.15289042596118813	1.8262019657332635e-9
0.15435487809099402	1.830043378414891e-9
0.15582665248144906	1.833916300103883e-9
0.1573057857438562	1.8378210674228084e-9
0.15879231467257537	1.8417580216389762e-9
0.16028627624593816	1.8457275087438632e-9
0.16178770762716785	1.8497298795343383e-9
0.16329664616530362	1.8537654896953695e-9
0.16481312939613008	1.857834699884663e-9
0.1663371950431107	1.861937875818704e-9
0.16786888101832628	1.8660753883609894e-9
0.1694082254234178	1.870247613611697e-9
0.1709552665505349	1.874454932999536e-9
0.17251004288328747	1.878697733375377e-9
0.17407259309770393	1.88297640710798e-9
0.17564295606319252	1.887291352181367e-9
0.17722117084350858	1.8916429722947542e-9
0.17880727669772617	1.8960316769641857e-9
0.18040131308121476	1.9004578816268516e-9
0.18200331964662084	1.9049220077467386e-9
0.18361333624485401	1.909424482923737e-9
0.18523140292607826	1.9139657410038765e-9
0.18685755994070874	1.9185462221929855e-9
0.1884918477404122	1.923166373172039e-9
0.19013430697911424	1.927826647215512e-9
0.1917849785140098	1.932527504312018e-9
0.19344390340657974	1.9372694112877154e-9
0.19511112292361268	1.9420528419325137e-9
0.1967866785382308	1.9468782771287134e-9
0.19847061193092203	1.9517462049830237e-9
0.20016296499057665	1.9566571209609847e-9
0.20186377981552947	1.961611528024609e-9
0.2035730987146071	1.9666099367733473e-9
0.20529096420818022	1.971652865587803e-9
0.20701741902922113	1.9767408407767784e-9
0.20875250612436722	1.981874396727852e-9
0.210496268654989	1.9870540760611657e-9
0.21224874999826396	1.9922804297868824e-9
0.21400999374825516	1.9975540174660866e-9
0.21578004371699644	2.0028754073753733e-9
0.21755894393558148	2.0082451766753026e-9
0.2193467386552594	2.013663911582806e-9
0.22114347234853576	2.0191322075474438e-9
0.22294918971027836	2.024650669431854e-9
0.2247639356588297	2.0302199116963297e-9
0.2265877553371239	2.0358405585878797e-9
0.2284206941138094	2.041513244333655e-9
0.23026279758437848	2.047238613338731e-9
0.23211411157230027	2.053017320389035e-9
0.23397468213016168	2.0588500308587997e-9
0.23584455554081238	2.0647374209228955e-9
0.23772377831851643	2.070680177774495e-9
0.23961239721010893	2.0766789998478273e-9
0.24151045919615952	2.0827345970464157e-9
0.24341801149214037	2.0888476909767962e-9
0.24533510154960114	2.095019015187768e-9
0.24726177705734917	2.10124931541593e-9
0.24919808594263576	2.1075393498368106e-9
0.251144076372349	2.1138898893223903e-9
0.2530997967542107	2.120301717704979e-9
0.2550652957379817	2.126775632047471e-9
0.2570406222166717	2.1333124429209564e-9
0.2590258253277551	2.139912974688221e-9
0.26102095445439405	2.1465780657954415e-9
0.2630260592266659	2.153308569070644e-9
0.2650411895227993	2.160105352029841e-9
0.2670663954704134	2.166969297191083e-9
0.26910172744776534	2.1739013023963502e-9
0.27114723608500396	2.180902281141979e-9
0.27320297226542917	2.1879731629172913e-9
0.27526898712675635	2.195114893552182e-9
0.27734533206239	2.2023284355735554e-9
0.2794320587227019	2.2096147685715283e-9
0.2815292190163153	2.216974889574599e-9
0.2836368651113967	2.2244098134351044e-9
0.28575504943695385	2.231920573224733e-9
0.28788382468413853	2.2395082206404564e-9
0.29002324380755934	2.2471738264217144e-9
0.29217336002659705	2.2549184807779474e-9
0.29433422682673016	2.2627432938284867e-9
0.29650589796086374	2.270649396053776e-9
0.29868842745066804	2.2786379387589253e-9
0.30088186958792124	2.286710094550196e-9
0.3030862789358609	2.2948670578240936e-9
0.30530171033054027	2.3031100452700877e-9
0.307528218882193	2.311440296387384e-9
0.30976585997660405	2.3198590740156542e-9
0.312014689276487	2.328367664880785e-9
0.31427476272286925	2.3369673801559632e-9
0.3165461365364837	2.345659556038339e-9
0.3188288672191662	2.354445554341849e-9
0.32112301155526213	2.363326763107269e-9
0.32342862661303834	2.372304597229527e-9
0.3257457697461036	2.3813804991024107e-9
0.32807449859483384	2.3905559392825476e-9
0.3304148710878078	2.3998324171723588e-9
0.33276694544324686	2.40921146172225e-9
0.33513078017046305	2.41869463215427e-9
0.33750643407131514	2.42828351870619e-9
0.3398939662416715	2.4379797433975947e-9
0.3422934360728799	2.447784960819072e-9
0.34470490325324404	2.4577008589441002e-9
0.3471284277695101	2.4677291599661134e-9
0.34956406990835764	2.4778716211594607e-9
0.3520118902578995	2.4881300357677564e-9
0.354471949709189	2.4985062339177915e-9
0.3569443094577349	2.5090020835619453e-9
0.3594290310050235	2.519619491449495e-9
0.3619261761600484	2.530360404127371e-9
0.3644358070408486	2.5412268089721987e-9
0.36695798607605284	2.552220735253857e-9
0.36949277600643327	2.5633442552330354e-9
0.37204023988646523	2.5745994852922117e-9
0.3746004410858973	2.5859885871031256e-9
0.3771734432913268	2.5975137688305892e-9
0.3797593105077832	2.6091772863749773e-9
0.3823581070603219	2.6209814446543617e-9
0.38496989759562367	2.6329285989278005e-9
0.3875947470836016	2.6450211561616737e-9
0.3902327208190196	2.657261576439732e-9
0.3928838844231145	2.6696523744200783e-9
0.39554830384522993	2.6821961208396328e-9
0.3982260453644561	2.694895444067709e-9
0.4009171755912785	2.7077530317121166e-9
0.40362176146923495	2.7207716322780595e-9
0.40633987027658097	2.73395405688296e-9
0.4090715696279639	2.7473031810292674e-9
0.4118169274761037	2.7608219464369917e-9
0.4145760121134843	2.774513362939121e-9
0.4173488921740515	2.7883805104414715e-9
0.4201356366349219	2.802426540950899e-9
0.42293631481809635	2.8166546806725383e-9
0.4257509963921868	2.83106823218185e-9
0.42857975137414767	2.8456705766708754e-9
0.43142265013101855	2.860465176275233e-9
0.43427976338167373	2.875455576482663e-9
0.43715116219858224	2.8906454086278167e-9
0.44003691800957523	2.906038392476151e-9
0.44293710259962304	2.9216383389015102e-9
0.4458517881126211	2.937449152660412e-9
0.44878104705318417	2.953474835267428e-9
0.45172495228844983	2.969719487976387e-9
0.45468357704989204	2.986187314871531e-9
0.4576569949351413	3.0028826260732593e-9
0.46064527990981685	3.0198098410638327e-9
0.4636485063093658	3.0369734921376847e-9
0.4666667488409128	3.0543782279827775e-9
0.4697000825851173	3.0720288173973166e-9
0.4727485829980427	3.089930153149453e-9
0.47581232591303285	3.1080872559851072e-9
0.478891387542598	3.1265052787912235e-9
0.48198584448031084	3.1451895109212005e-9
0.4850957737027124	3.1641453826902273e-9
0.48822125257122595	3.183378470047727e-9
0.49136235883408197	3.202894499435319e-9
0.4945191706282523	3.2226993528394665e-9
0.4976917664813935	3.2427990730473088e-9
0.5008802253138004	3.263199869114703e-9
0.5040846264403696	3.283908122057619e-9
0.5073050495725715	3.3049303907771787e-9
0.5105415748204343	3.326273418228865e-9
0.5137942826945365	3.3479441378486424e-9
0.517063254108009	3.3699496802475774e-9
0.5203485703785492	3.3922973801886165e-9
0.5236503132304419	3.414994783859659e-9
0.5269685647965939	3.438049656456404e-9
0.5303034076205766	3.461469990091751e-9
0.5336549246586795	3.4852640120480383e-9
0.5370231992819728	3.50944019338759e-9
0.5404083152783826	3.534007257942894e-9
0.5438103568547747	3.5589741917031045e-9
0.5472294086390483	3.5843502526187893e-9
0.5506655556822436	3.6101449808463397e-9
0.5541188834606549	3.636368209455003e-9
0.5575894778779582	3.663030075620939e-9
0.5610774252673477	3.6901410323342285e-9
0.5645828123936844	3.7177118606461132e-9
0.5681057264556525	3.74575368248593e-9
0.5716462550879309	3.7742779740783025e-9
0.5752044863633705	3.80329657999365e-9
0.5787805087951873	3.832821727866874e-9
0.5823744113391631	3.862866043821436e-9
0.5859862833958588	3.893442568637583e-9
0.5896162148128381	3.9245647747081056e-9
0.5932642958869024	3.956246583825162e-9
0.5969306173663369	3.988502385846119e-9
0.6006152704531684	4.02134705828926e-9
0.6043183468054344	4.054795986913069e-9
0.6080399385394615	4.088865087337934e-9
0.6117801382321587	4.123570827770056e-9
0.6155390389233192	4.158930252894553e-9
0.6193167341179359	4.194961009008027e-9
0.6231133177885255	4.231681370464771e-9
0.6269288843774683	4.2691102675179835e-9
0.6307635287993556	4.307267315640321e-9
0.6346173464433522	4.346172846418055e-9
0.6384904331755688	4.385847940114632e-9
0.6423828853414466	4.426314460010931e-9
0.6462947997681537	4.467595088635332e-9
0.6502262737669944	4.509713366003936e-9
0.6541774051358293	4.552693730002704e-9
0.6581482921615082	4.596561559049568e-9
0.6621390336223156	4.641343217190597e-9
0.6661497287904271	4.68706610178729e-9
0.6701804774343789	4.733758693974044e-9
0.6742313798215507	4.781450612070292e-9
0.6783025367206585	4.830172668151594e-9
0.682394049404262	4.879956927996587e-9
0.6865060196512833	4.930836774646463e-9
0.6906385497495399	4.9828469758307345e-9
0.6947917424982876	5.036023755535218e-9
0.6989657012107791	5.090404870008415e-9
0.7031605297168331	5.146029688529883e-9
0.7073763323654171	5.202939279289449e-9
0.7116132140272443	5.261176500755269e-9
0.7158712800973803	5.3207860989421954e-9
0.7201506364978669	5.381814811027734e-9
0.724451389680356	5.444311475800077e-9
0.7287736466287575	5.508327151468335e-9
0.7331175148619014	5.573915241409607e-9
0.737483102436211	5.641131628483542e-9
0.7418705179483918	5.7100348186010965e-9
0.7462798705381338	5.780686094295978e-9
0.7507112698908246	5.853149679124506e-9
0.7551648262402787	5.927492913794506e-9
0.7596406503714802	6.003786445012555e-9
0.7641388536233378	6.082104428140745e-9
0.7686595478914543	6.162524744859849e-9
0.7732028456309116	6.245129237165011e-9
0.777768859859066	6.330003959155379e-9
0.7823577041583611	6.417239448237115e-9
0.7869694926791531	6.506931017540032e-9
0.7916043401425489	6.599179071544819e-9
0.7962623618432616	6.69408944715013e-9
0.8009436736524779	6.7917737826710984e-9
0.8056483920207402	6.892349917557084e-9
0.8103766339808439	6.995942325965594e-9
0.8151285171507483	7.102682587721362e-9
0.8199041597365018	7.212709900653776e-9
0.8247036805351844	7.326171638839421e-9
0.8295271989378604	7.443223961897395e-9
0.8343748349325497	7.564032481221302e-9
0.8392467091072124	7.68877298988802e-9
0.8441429426527486	7.817632264001104e-9
0.8490636573660123	7.95080894443421e-9
0.8540089756528424	8.088514509372242e-9
0.8589790205311068	8.230974349773952e-9
0.8639739156337622	8.378428961938034e-9
0.868973915633762	8.53052167670583e-9
0.8739739156337618	8.687303394972116e-9
0.8789739156337616	8.848985608249643e-9
0.8839739156337615	9.015792944783535e-9
0.8889739156337613	9.187964303299378e-9
0.893973915633761	9.365754123528658e-9
0.8989739156337608	9.54943381573575e-9
0.9039739156337606	9.739293375135647e-9
0.9089739156337604	9.935643211984528e-9
0.9139739156337602	1.0138816234021317e-8
0.91897391563376	1.0349170225020798e-8
0.9239739156337599	1.056709057176714e-8
0.9289739156337596	1.079299340204704e-8
0.9339739156337594	1.1027329208681872e-8
0.9389739156337592	1.1270587049608097e-8
0.943973915633759	1.1523299432101025e-8
0.9489739156337588	1.1786048011101488e-8
0.9539739156337586	1.20594702579997e-8
0.9589739156337583	1.2344267288151503e-8
0.9639739156337582	1.2641213073974248e-8
0.968973915633758	1.2951165317117326e-8
0.9739739156337578	1.3275078309610484e-8
0.9789739156337576	1.3614018182113812e-8
0.9839739156337574	1.396918101990639e-8
0.9889739156337571	1.4341914427068456e-8
0.9939739156337569	1.473374324002766e-8
0.9989739156337567	1.5146400237676926e-8
1.0039739156337566	1.5581862871879354e-8
1.0089739156337563	1.604239725577124e-8
1.0139739156337562	1.653061090555194e-8
1.0189739156337558	1.7049516043708417e-8
1.0239739156337557	1.760260564909445e-8
1.0289739156337556	1.8193944895439546e-8
1.0339739156337553	1.8828281171021423e-8
1.0389739156337552	1.9511176537946815e-8
1.0439739156337549	2.0249167293289825e-8
1.0489739156337547	2.1049956264558908e-8
1.0539739156337544	2.192264464255385e-8
1.0589739156337543	2.2878011566370696e-8
1.0639739156337542	2.392885137695011e-8
1.0689739156337539	2.5090380505582082e-8
1.0739739156337538	2.638072843199936e-8
1.0789739156337534	2.782153011652585e-8
1.0839739156337533	2.9438640881614726e-8
1.088973915633753	3.126299900824297e-8
1.093973915633753	3.3331666462675247e-8
1.0989739156337526	3.5689084345631605e-8
1.1039739156337525	3.838858705607786e-8
1.1089739156337524	4.1494228018441966e-8
1.113973915633752	4.508298040895159e-8
1.118973915633752	4.924738895548845e-8
1.1239739156337516	5.409876395198641e-8
1.1289739156337515	5.977102656122904e-8
1.1339739156337512	6.642533578734153e-8
1.138973915633751	7.425565276859174e-8
1.143973915633751	8.349542794566244e-8
1.1489739156337506	9.442563196761428e-8
1.1539739156337505	1.073843927721327e-7
1.1589739156337502	1.2277855008043888e-7
1.16397391563375	1.4109749562940245e-7
1.1689739156337497	1.6292973393266007e-7
1.1739739156337496	1.8898267533171346e-7
1.1789739156337493	2.201062615764062e-7
1.1839739156337492	2.573211248849793e-7
1.187980436725312	2.923546895818564e-7
1.1919869578168745	3.328227615860581e-7
1.1959934789084372	3.7958177431138746e-7
1.2	4.3362177309707036e-7
