0.0006999999999999628	5.082880146705995e-10
0.001403500000000035	5.088541805609571e-10
0.0021105174999999296	5.094240589059779e-10
0.0028210700874998964	5.09997667825649e-10
0.003535175437937438	5.105750367867049e-10
0.004252851315127062	5.111561956416217e-10
0.004974115571702636	5.117411745173439e-10
0.005698986149561044	5.123300038220134e-10
0.006427481080308875	5.129227142513572e-10
0.007159618485710418	5.135193367945295e-10
0.007895416578138905	5.141199027393008e-10
0.008634893661029494	5.147244436769336e-10
0.00937806812933463	5.153329915068852e-10
0.010124958469981361	5.159455784413624e-10
0.010875583262331262	5.165622370098162e-10
0.01162996117864295	5.171830000633109e-10
0.012388110984536127	5.178079007789776e-10
0.013150051539458866	5.184369726643898e-10
0.013915801797156208	5.190702495619589e-10
0.014685380806142003	5.197077656534146e-10
0.015458807710172712	5.203495554642431e-10
0.01623610174872358	5.209956538681535e-10
0.017017282257467212	5.216460960916863e-10
0.017802368668754516	5.223009177187559e-10
0.01859138051209827	5.229601546952738e-10
0.019384337414658823	5.23623843333938e-10
0.020181259101732015	5.242920203188823e-10
0.020982165397240727	5.249647227105266e-10
0.02178707622422691	5.256419879504707e-10
0.02259601160534814	5.26323853866387e-10
0.02340899166337483	5.270103586770781e-10
0.024226036621691812	5.277015409975276e-10
0.02504716680480027	5.283974398440306e-10
0.025872402638824326	5.290980946394381e-10
0.02670176465201842	5.298035452184086e-10
0.02753527347527842	5.305138318328165e-10
0.028372949842654864	5.312289951571848e-10
0.0292148145918682	5.319490762942105e-10
0.03006088866482743	5.326741167803576e-10
0.03091119310815165	5.334041585915524e-10
0.0317657490736924	5.341392441489801e-10
0.03262457781906081	5.348794163249166e-10
0.03348770070815601	5.356247184487023e-10
0.034355139211696875	5.36375194312787e-10
0.035226914907755424	5.371308881788152e-10
0.03610304948229413	5.378918447839155e-10
0.03698356472970569	5.386581093469969e-10
0.03786848255335419	5.394297275751676e-10
0.038757824966120964	5.402067456702654e-10
0.03965161409095162	5.409892103354563e-10
0.04054987216140643	5.417771687819924e-10
0.04145262152221345	5.42570668736063e-10
0.04235988462982453	5.433697584456322e-10
0.04327168405297366	5.441744866876395e-10
0.0441880424732386	5.449849027750506e-10
0.04510898268560485	5.45801056564162e-10
0.046034527599032954	5.466229984620036e-10
0.04696470023702812	5.47450779433856e-10
0.04789952373821329	5.482844510108543e-10
0.048839021356904266	5.491240652977996e-10
0.04978321646368884	5.499696749809594e-10
0.05073213254600732	5.508213333361217e-10
0.05168579320873729	5.516790942367716e-10
0.052644222174780875	5.52543012162305e-10
0.05360744328565471	5.534131422064394e-10
0.054575480502083065	5.54289540085763e-10
0.055548357904593434	5.551722621484953e-10
0.056526099694116344	5.560613653831731e-10
0.0575087301925869	5.569569074277663e-10
0.05849627384354973	5.578589465787295e-10
0.05948875521276744	5.587675418002926e-10
0.06048619898883127	5.596827527338742e-10
0.061488629983775384	5.606046397077344e-10
0.06249607313369419	5.615332637466358e-10
0.06350855349936275	5.624686865818458e-10
0.06452609626685958	5.634109706611574e-10
0.06554872674819387	5.643601791591532e-10
0.06657647038193484	5.653163759876575e-10
0.06760935273384447	5.662796258063259e-10
0.06864739949751365	5.672499940334447e-10
0.0696906364950013	5.682275468568441e-10
0.07073908967747639	5.692123512451374e-10
0.07179278512586384	5.702044749590398e-10
0.07285174905149322	5.712039865628599e-10
0.0739160077967507	5.722109554363683e-10
0.07498558783573436	5.7322545178661e-10
0.07606051577491299	5.742475466601584e-10
0.07714081835378758	5.752773119554405e-10
0.07822652244555647	5.763148204353478e-10
0.07931765505778425	5.773601457400288e-10
0.0804142433330731	5.784133623999003e-10
0.08151631454973848	5.794745458489673e-10
0.08262389612248718	5.805437724382826e-10
0.0837370156030995	5.816211194496639e-10
0.0848557006811149	5.827066651097166e-10
0.0859799791845205	5.838004886040384e-10
0.08710987908044313	5.849026700916815e-10
0.08824542847584534	5.860132907199704e-10
0.08938665561822454	5.871324326394561e-10
0.09053358889631567	5.882601790191945e-10
0.09168625684079722	5.893966140622928e-10
0.09284468812500112	5.905418230218001e-10
0.09400891156562617	5.916958922168028e-10
0.0951789561234543	5.92858909048847e-10
0.09635485090407148	5.940309620186122e-10
0.09753662515859184	5.952121407430397e-10
0.0987243082843847	5.964025359726164e-10
0.09991792982580656	5.976022396090161e-10
0.10111751947493569	5.988113447231317e-10
0.10232310707231031	6.000299455733467e-10
0.1035347226076718	6.012581376242394e-10
0.10475239622071016	6.024960175656116e-10
0.10597615820181366	6.037436833317999e-10
0.10720603899282274	6.050012341214302e-10
0.10844206918778684	6.062687704175462e-10
0.10968427953372567	6.075463940080172e-10
0.1109327009313943	6.08834208006501e-10
0.11218736443605135	6.101323168736725e-10
0.11344830125823162	6.114408264388524e-10
0.11471554276452282	6.127598439221657e-10
0.11598912047834534	6.140894779569624e-10
0.11726906608073695	6.15429838612874e-10
0.11855541141114062	6.16781037419085e-10
0.11984818846819621	6.181431873882208e-10
0.12114742941053713	6.195164030406548e-10
0.12245316655758978	6.209008004292457e-10
0.1237654323903777	6.222964971646127e-10
0.12508425955232963	6.237036124408985e-10
0.12640968085009122	6.251222670619909e-10
0.1277417292543416	6.265525834682678e-10
0.1290804379006133	6.279946857639854e-10
0.13042584009011637	6.294486997450531e-10
0.1317779692905669	6.309147529274193e-10
0.13313685913701961	6.323929745760697e-10
0.13450254343270476	6.338834957345142e-10
0.13587505614986833	6.353864492549863e-10
0.13725443143061763	6.369019698290933e-10
0.13864070358777073	6.384301940192779e-10
0.14003390710570945	6.399712602907024e-10
0.14143407664123803	6.415253090439555e-10
0.1428412470244442	6.430924826483642e-10
0.1442554532595664	6.446729254759046e-10
0.14567673052586416	6.462667839359912e-10
0.1471051141784935	6.478742065107974e-10
0.14854063974938603	6.494953437914107e-10
0.149983342948133	6.511303485147071e-10
0.15143325966287374	6.527793756009912e-10
0.15289042596118813	6.544425821923877e-10
0.15435487809099402	6.561201276921603e-10
0.15582665248144906	6.578121738046322e-10
0.1573057857438562	6.595188845762146e-10
0.15879231467257537	6.612404264370424e-10
0.16028627624593816	6.629769682437345e-10
0.16178770762716785	6.647286813227848e-10
0.16329664616530362	6.66495739515226e-10
0.16481312939613008	6.682783192218808e-10
0.1663371950431107	6.700765994498536e-10
0.16786888101832628	6.71890761859961e-10
0.1694082254234178	6.737209908150115e-10
0.1709552665505349	6.755674734294719e-10
0.17251004288328747	6.774303996198582e-10
0.17407259309770393	6.793099621564539e-10
0.17564295606319252	6.812063567160872e-10
0.17722117084350858	6.831197819360386e-10
0.17880727669772617	6.8505043946923e-10
0.18040131308121476	6.869985340405215e-10
0.18200331964662084	6.889642735043164e-10
0.18361333624485401	6.909478689034983e-10
0.18523140292607826	6.929495345295143e-10
0.18685755994070874	6.949694879840957e-10
0.1884918477404122	6.970079502420014e-10
0.19013430697911424	6.990651457154947e-10
0.1917849785140098	7.011413023201048e-10
0.19344390340657974	7.03236651541979e-10
0.19511112292361268	7.0535142850669e-10
0.1967866785382308	7.074858720496356e-10
0.19847061193092203	7.096402247881397e-10
0.20016296499057665	7.118147331951003e-10
0.20186377981552947	7.140096476744493e-10
0.2035730987146071	7.162252226382484e-10
0.20529096420818022	7.184617165856778e-10
0.20701741902922113	7.207193921838703e-10
0.20875250612436722	7.229985163505494e-10
0.210496268654989	7.252993603387401e-10
0.21224874999826396	7.276221998233857e-10
0.21400999374825516	7.299673149901098e-10
0.21578004371699644	7.323349906259309e-10
0.21755894393558148	7.347255162123987e-10
0.2193467386552594	7.371391860207461e-10
0.22114347234853576	7.395762992094511e-10
0.22294918971027836	7.420371599240482e-10
0.2247639356588297	7.445220773995153e-10
0.2265877553371239	7.470313660650789e-10
0.2284206941138094	7.495653456515167e-10
0.23026279758437848	7.521243413012095e-10
0.23211411157230027	7.54708683680858e-10
0.23397468213016168	7.573187090969652e-10
0.23584455554081238	7.599547596141981e-10
0.23772377831851643	7.626171831767481e-10
0.23961239721010893	7.653063337326471e-10
0.24151045919615952	7.680225713613084e-10
0.24341801149214037	7.707662624042018e-10
0.24533510154960114	7.735377795988524e-10
0.24726177705734917	7.763375022162393e-10
0.24919808594263576	7.79165816201812e-10
0.251144076372349	7.820231143199013e-10
0.2530997967542107	7.84909796302096e-10
0.2550652957379817	7.878262689992866e-10
0.2570406222166717	7.9077294653764e-10
0.2590258253277551	7.937502504787979e-10
0.26102095445439405	7.96758609984067e-10
0.2630260592266659	7.997984619830829e-10
0.2650411895227993	8.028702513467818e-10
0.2670663954704134	8.059744310650933e-10
0.26910172744776534	8.091114624291931e-10
0.27114723608500396	8.122818152187604e-10
0.27320297226542917	8.154859678942335e-10
0.27526898712675635	8.187244077941054e-10
0.27734533206239	8.219976313377392e-10
0.2794320587227019	8.253061442335226e-10
0.2815292190163153	8.286504616928568e-10
0.2836368651113967	8.32031108649845e-10
0.28575504943695385	8.354486199870821e-10
0.28788382468413853	8.389035407677236e-10
0.29002324380755934	8.423964264739399e-10
0.29217336002659705	8.459278432519692e-10
0.29433422682673016	8.494983681641191e-10
0.29650589796086374	8.531085894477516e-10
0.29868842745066804	8.567591067815937e-10
0.30088186958792124	8.604505315596911e-10
0.3030862789358609	8.641834871729821e-10
0.30530171033054027	8.679586092990663e-10
0.307528218882193	8.717765462001703e-10
0.30976585997660405	8.756379590298688e-10
0.312014689276487	8.795435221484575e-10
0.31427476272286925	8.834939234477298e-10
0.3165461365364837	8.874898646851349e-10
0.3188288672191662	8.915320618276587e-10
0.32112301155526213	8.956212454060806e-10
0.32342862661303834	8.997581608795003e-10
0.3257457697461036	9.03943569010772e-10
0.32807449859483384	9.081782462533136e-10
0.3304148710878078	9.124629851492311e-10
0.33276694544324686	9.167985947398278e-10
0.33513078017046305	9.211859009882596e-10
0.33750643407131514	9.25625747215173e-10
0.3398939662416715	9.301189945477587e-10
0.3422934360728799	9.346665223824529e-10
0.34470490325324404	9.392692288620804e-10
0.3471284277695101	9.439280313677272e-10
0.34956406990835764	9.486438670259797e-10
0.3520118902578995	9.534176932321105e-10
0.354471949709189	9.582504881896538e-10
0.3569443094577349	9.631432514671267e-10
0.3594290310050235	9.680970045725379e-10
0.3619261761600484	9.73112791546045e-10
0.3644358070408486	9.781916795718508e-10
0.36695798607605284	9.833347596098769e-10
0.36949277600643327	9.88543147047675e-10
0.37204023988646523	9.938179823739022e-10
0.3746004410858973	9.991604318737896e-10
0.3771734432913268	1.004571688347327e-9
0.3797593105077832	1.0100529718515578e-9
0.3823581070603219	1.0156055304674099e-9
0.38496989759562367	1.0212306410920155e-9
0.3875947470836016	1.0269296102581101e-9
0.3902327208190196	1.0327037749807146e-9
0.3928838844231145	1.0385545036328688e-9
0.39554830384522993	1.0444831968511082e-9
0.3982260453644561	1.0504912884722188e-9
0.4009171755912785	1.0565802465020918e-9
0.40362176146923495	1.0627515741185282e-9
0.40633987027658097	1.069006810708877e-9
0.4090715696279639	1.0753475329440123e-9
0.4118169274761037	1.0817753558903136e-9
0.4145760121134843	1.088291934161213e-9
0.4173488921740515	1.094898963109568e-9
0.4201356366349219	1.1015981800629556e-9
0.42293631481809635	1.1083913656035587e-9
0.4257509963921868	1.1152803448944913e-9
0.42857975137414767	1.1222669890543737e-9
0.43142265013101855	1.1293532165824401e-9
0.43427976338167373	1.1365409948362671e-9
0.43715116219858224	1.1438323415642422e-9
0.44003691800957523	1.1512293264952582e-9
0.44293710259962304	1.1587340729882325e-9
0.4458517881126211	1.1663487597436607e-9
0.44878104705318417	1.1740756225802748e-9
0.45172495228844983	1.181916956279727e-9
0.45468357704989204	1.1898751165020151e-9
0.4576569949351413	1.1979525217749224e-9
0.46064527990981685	1.2061516555609418e-9
0.4636485063093658	1.2144750684050116e-9
0.4666667488409128	1.222925380166983e-9
0.4697000825851173	1.2315052823421498e-9
0.4727485829980427	1.2402175404745226e-9
0.47581232591303285	1.249064996666872e-9
0.478891387542598	1.2580505721919201e-9
0.48198584448031084	1.267177270209719e-9
0.4850957737027124	1.2764481785957712e-9
0.48822125257122595	1.285866472885714e-9
0.49136235883408197	1.2954354193417221e-9
0.4945191706282523	1.3051583781466736e-9
0.4976917664813935	1.3150388067319772e-9
0.5008802253138004	1.3250802632462578e-9
0.5040846264403696	1.3352864101707363e-9
0.5073050495725715	1.3456610180896066e-9
0.5105415748204343	1.3562079696224182e-9
0.5137942826945365	1.3669312635268516e-9
0.517063254108009	1.3778350189803072e-9
0.5203485703785492	1.3889234800497483e-9
0.5236503132304419	1.400201020358563e-9
0.5269685647965939	1.4116721479617006e-9
0.5303034076205766	1.4233415104388525e-9
0.5336549246586795	1.4352139002176464e-9
0.5370231992819728	1.44729426013852e-9
0.5404083152783826	1.4595876892746043e-9
0.5438103568547747	1.4720994490192423e-9
0.5472294086390483	1.4848349694564854e-9
0.5506655556822436	1.4977998560292129e-9
0.5541188834606549	1.510999896521286e-9
0.5575894778779582	1.5244410683706297e-9
0.5610774252673477	1.5381295463319122e-9
0.5645828123936844	1.552071710508049e-9
0.5681057264556525	1.5662741547710304e-9
0.5716462550879309	1.5807436955940704e-9
0.5752044863633705	1.5954873813187244e-9
0.5787805087951873	1.61051250188144e-9
0.5823744113391631	1.6258265990263066e-9
0.5859862833958588	1.641437477032214e-9
0.5896162148128381	1.6573532139844753e-9
0.5932642958869024	1.673582173623056e-9
0.5969306173663369	1.690133017801732e-9
0.6006152704531684	1.7070147195949743e-9
0.6043183468054344	1.7242365770914197e-9
0.6080399385394615	1.7418082279157228e-9
0.6117801382321587	1.7597396645240643e-9
0.6155390389233192	1.7780412503206146e-9
0.6193167341179359	1.796723736646598e-9
0.6231133177885255	1.81579828069667e-9
0.6269288843774683	1.835276464421704e-9
0.6307635287993556	1.8551703144810329e-9
0.6346173464433522	1.8754923233121057e-9
0.6384904331755688	1.8962554713899084e-9
0.6423828853414466	1.9174732507551896e-9
0.6462947997681537	1.9391596898945603e-9
0.6502262737669944	1.9613293800641727e-9
0.6541774051358293	1.983997503153127e-9
0.6581482921615082	2.007179861192441e-9
0.6621390336223156	2.030892907622651e-9
0.6661497287904271	2.055153780441602e-9
0.6701804774343789	2.0799803373646588e-9
0.6742313798215507	2.10539119313951e-9
0.6783025367206585	2.131405759169612e-9
0.682394049404262	2.1580442856124814e-9
0.6865060196512833	2.1853279061336415e-9
0.6906385497495399	2.213278685511278e-9
0.6947917424982876	2.2419196703037267e-9
0.6989657012107791	2.2712749428100784e-9
0.7031605297168331	2.301369678573806e-9
0.7073763323654171	2.3322302077016636e-9
0.7116132140272443	2.3638840802933826e-9
0.7158712800973803	2.3963601363062324e-9
0.7201506364978669	2.4296885802049034e-9
0.724451389680356	2.4639010607826497e-9
0.7287736466287575	2.499030756573601e-9
0.7331175148619014	2.5351124673166025e-9
0.737483102436211	2.5721827119755943e-9
0.7418705179483918	2.610279833870024e-9
0.7462798705381338	2.6494441135245333e-9
0.7507112698908246	2.6897178899078405e-9
0.7551648262402787	2.7311456907990334e-9
0.7596406503714802	2.773774373099005e-9
0.7641388536233378	2.8176532739864514e-9
0.7686595478914543	2.8628343739217083e-9
0.7732028456309116	2.909372472605752e-9
0.777768859859066	2.9573253791315483e-9
0.7823577041583611	3.0067541177036618e-9
0.7869694926791531	3.057723150465313e-9
0.7916043401425489	3.1103006191562623e-9
0.7962623618432616	3.1645586075364496e-9
0.8009436736524779	3.220573426755222e-9
0.8056483920207402	3.278425926125087e-9
0.8103766339808439	3.33820183208646e-9
0.8151285171507483	3.3999921185267676e-9
0.8199041597365018	3.463893412060685e-9
0.8247036805351844	3.5300084363917835e-9
0.8295271989378604	3.598446500486681e-9
0.8343748349325497	3.6693240360069056e-9
0.8392467091072124	3.742765190292506e-9
0.8441429426527486	3.818902482199739e-9
0.8490636573660123	3.89787752929865e-9
0.8540089756528424	3.979841856375187e-9
0.8589790205311068	4.064957796917467e-9
0.8639739156337622	4.1533995013507e-9
0.868973915633762	4.244983848037821e-9
0.8739739156337618	4.339771955529436e-9
0.8789739156337616	4.4379238950231085e-9
0.8839739156337615	4.539610748665706e-9
0.8889739156337613	4.645015661018872e-9
0.893973915633761	4.754335027466071e-9
0.8989739156337608	4.867779842322371e-9
0.9039739156337606	4.9855772334456485e-9
0.9089739156337604	5.1079722152363596e-9
0.9139739156337602	5.2352296980389895e-9
0.91897391563376	5.367636799309974e-9
0.9239739156337599	5.505505510782666e-9
0.9289739156337596	5.649175786521543e-9
0.9339739156337594	5.79901912961396e-9
0.9389739156337592	5.955442770747006e-9
0.943973915633759	6.118894550601508e-9
0.9489739156337588	6.289868640556089e-9
0.9539739156337586	6.4689122634073305e-9
0.9589739156337583	6.656633608686487e-9
0.9639739156337582	6.853711176840743e-9
0.968973915633758	7.060904834499529e-9
0.9739739156337578	7.279068920973789e-9
0.9789739156337576	7.509167816137316e-9
0.9839739156337574	7.752294464431012e-9
0.9889739156337571	8.009692451964798e-9
0.9939739156337569	8.282782357251897e-9
0.9989739156337567	8.573193245440908e-9
1.0039739156337566	8.882800356385402e-9
1.0089739156337563	9.213770254982772e-9
1.0139739156337562	9.568614975741601e-9
1.0189739156337558	9.950257011912179e-9
1.0239739156337557	1.036210738409455e-8
1.0289739156337556	1.0808159487669643e-8
1.0339739156337553	1.1293101979126021e-8
1.0389739156337552	1.1822454638132701e-8
1.0439739156337549	1.2402731958748907e-8
1.0489739156337547	1.3041640207948585e-8
1.0539739156337544	1.3748314876765184e-8
1.0589739156337543	1.453360687965789e-8
1.0639739156337542	1.5410427579967434e-8
1.0689739156337539	1.63941647917786e-8
1.0739739156337538	1.7503184400501378e-8
1.0789739156337534	1.8759435238462405e-8
1.0839739156337533	2.0189178445582565e-8
1.088973915633753	2.182386685449106e-8
1.093973915633753	2.370120510077277e-8
1.0989739156337526	2.5866427333039563e-8
1.1039739156337525	2.837383677238158e-8
1.1089739156337524	3.128866016629155e-8
1.113973915633752	3.468928065361211e-8
1.118973915633752	3.8669924999773836e-8
1.1239739156337516	4.334389591468312e-8
1.1289739156337515	4.884745761649728e-8
1.1339739156337512	5.534450339142931e-8
1.138973915633751	6.303215811454517e-8
1.143973915633751	7.214749708394928e-8
1.1489739156337506	8.2975595675439e-8
1.1539739156337505	9.585916288220752e-8
1.1589739156337502	1.112100564231534e-7
1.16397391563375	1.295230284341647e-7
1.1689739156337497	1.5139210938588413e-7
1.1739739156337496	1.7753010423055266e-7
1.1789739156337493	2.087917489927837e-7
1.1839739156337492	2.462011576614027e-7
1.187980436725312	2.814322892533842e-7
1.1919869578168745	3.2213381715795493e-7
1.1959934789084372	3.691588060149226e-7
1.2	4.234907218576857e-7
