0.0006999999999999628	2.6910075776090226e-12
0.001403500000000035	2.6969901330101556e-12
0.0021105174999999296	2.703018769180063e-12
0.0028210700874998964	2.7090931799537605e-12
0.003535175437937438	2.7152137924908737e-12
0.004252851315127062	2.7213810486451804e-12
0.004974115571702636	2.727595395296533e-12
0.005698986149561044	2.7338572843676975e-12
0.006427481080308875	2.7401671729475407e-12
0.007159618485710418	2.7465255234019984e-12
0.007895416578138905	2.7529328034767125e-12
0.008634893661029494	2.7593894863949615e-12
0.00937806812933463	2.7658960509533853e-12
0.010124958469981361	2.7724529816156743e-12
0.010875583262331262	2.7790607686058875e-12
0.01162996117864295	2.7857199080019662e-12
0.012388110984536127	2.792430901828761e-12
0.013150051539458866	2.7991942581522336e-12
0.013915801797156208	2.806010491173415e-12
0.014685380806142003	2.8128801213245026e-12
0.015458807710172712	2.8198036753645615e-12
0.01623610174872358	2.8267816864775215e-12
0.017017282257467212	2.8338146943702252e-12
0.017802368668754516	2.8409032453730505e-12
0.01859138051209827	2.8480478925405246e-12
0.019384337414658823	2.8552491957546945e-12
0.020181259101732015	2.8625077218288294e-12
0.020982165397240727	2.8698240446134668e-12
0.02178707622422691	2.877198745104109e-12
0.02259601160534814	2.884632411549954e-12
0.02340899166337483	2.892125639564821e-12
0.024226036621691812	2.8996790322401607e-12
0.02504716680480027	2.9072932002593014e-12
0.025872402638824326	2.914968762013833e-12
0.02670176465201842	2.9227063437224517e-12
0.02753527347527842	2.930506579550889e-12
0.028372949842654864	2.9383701117344773e-12
0.0292148145918682	2.9462975907029733e-12
0.03006088866482743	2.9542896752069532e-12
0.03091119310815165	2.962347032447053e-12
0.0317657490736924	2.9704703382050517e-12
0.03262457781906081	2.978660276977403e-12
0.03348770070815601	2.9869175421111754e-12
0.034355139211696875	2.995242835942207e-12
0.035226914907755424	3.0036368699361644e-12
0.03610304948229413	3.012100364831681e-12
0.03698356472970569	3.020634050786402e-12
0.03786848255335419	3.029238667525392e-12
0.038757824966120964	3.0379149644924155e-12
0.03965161409095162	3.046663701004062e-12
0.04054987216140643	3.055485646406653e-12
0.04145262152221345	3.064381580235588e-12
0.04235988462982453	3.0733522923783047e-12
0.04327168405297366	3.082398583240006e-12
0.0441880424732386	3.091521263912106e-12
0.04510898268560485	3.1007211563442968e-12
0.046034527599032954	3.1099990935197235e-12
0.04696470023702812	3.1193559196331013e-12
0.04789952373821329	3.1287924902724807e-12
0.048839021356904266	3.1383096726046255e-12
0.04978321646368884	3.147908345563343e-12
0.05073213254600732	3.1575894000415704e-12
0.05168579320873729	3.167353739087725e-12
0.052644222174780875	3.1772022781047242e-12
0.05360744328565471	3.187135945053597e-12
0.054575480502083065	3.1971556806608647e-12
0.055548357904593434	3.2072624386294e-12
0.056526099694116344	3.217457185854256e-12
0.0575087301925869	3.2277409026415607e-12
0.05849627384354973	3.238114582932723e-12
0.05948875521276744	3.2485792345321574e-12
0.06048619898883127	3.2591358793398897e-12
0.061488629983775384	3.2697855535886926e-12
0.06249607313369419	3.2805293080855063e-12
0.06350855349936275	3.2913682084578823e-12
0.06452609626685958	3.3023033354055707e-12
0.06554872674819387	3.3133357849561564e-12
0.06657647038193484	3.32446666872692e-12
0.06760935273384447	3.3356971141908004e-12
0.06864739949751365	3.347028264948463e-12
0.0696906364950013	3.3584612810054303e-12
0.07073908967747639	3.3699973390546044e-12
0.07179278512586384	3.381637632764926e-12
0.07285174905149322	3.3933833730755297e-12
0.0739160077967507	3.4052357884955354e-12
0.07498558783573436	3.4171961254107333e-12
0.07606051577491299	3.429265648395655e-12
0.07714081835378758	3.441445640532452e-12
0.07822652244555647	3.4537374037362055e-12
0.07931765505778425	3.46614225908666e-12
0.0804142433330731	3.47866154716722e-12
0.08151631454973848	3.4912966284104575e-12
0.08262389612248718	3.504048883450887e-12
0.0837370156030995	3.5169197134852797e-12
0.0848557006811149	3.5299105406402443e-12
0.0859799791845205	3.543022808347208e-12
0.08710987908044313	3.5562579817258343e-12
0.08824542847584534	3.569617547974799e-12
0.08938665561822454	3.583103016771503e-12
0.09053358889631567	3.5967159206793704e-12
0.09168625684079722	3.610457815564238e-12
0.09284468812500112	3.624330281019832e-12
0.09400891156562617	3.638334920801508e-12
0.0951789561234543	3.652473363269644e-12
0.09635485090407148	3.66674726184302e-12
0.09753662515859184	3.6811582954609145e-12
0.0987243082843847	3.6957081690556095e-12
0.09991792982580656	3.710398614035376e-12
0.10111751947493569	3.725231388777439e-12
0.10232310707231031	3.740208279131757e-12
0.1035347226076718	3.755331098935901e-12
0.10475239622071016	3.7706016905407925e-12
0.10597615820181366	3.786021925348758e-12
0.10720603899282274	3.801593704362288e-12
0.10844206918778684	3.8173189587455645e-12
0.10968427953372567	3.833199650398307e-12
0.1109327009313943	3.849237772542168e-12
0.11218736443605135	3.8654353503205845e-12
0.11344830125823162	3.881794441410833e-12
0.11471554276452282	3.8983171366516995e-12
0.11598912047834534	3.91500556068285e-12
0.11726906608073695	3.931861872600816e-12
0.11855541141114062	3.948888266628512e-12
0.11984818846819621	3.966086972799565e-12
0.12114742941053713	3.983460257659745e-12
0.12245316655758978	4.001010424982441e-12
0.1237654323903777	4.0187398165022385e-12
0.12508425955232963	4.0366508126639415e-12
0.12640968085009122	4.054745833389406e-12
0.1277417292543416	4.073027338862374e-12
0.1290804379006133	4.091497830330587e-12
0.13042584009011637	4.1101598509275145e-12
0.1317779692905669	4.129015986511928e-12
0.13313685913701961	4.1480688665288085e-12
0.13450254343270476	4.167321164888611e-12
0.13587505614986833	4.186775600868806e-12
0.13725443143061763	4.2064349400352035e-12
0.13864070358777073	4.2263019951858595e-12
0.14003390710570945	4.2463796273181936e-12
0.14143407664123803	4.266670746616847e-12
0.1428412470244442	4.287178313467715e-12
0.1442554532595664	4.307905339494323e-12
0.14567673052586416	4.328854888620298e-12
0.1471051141784935	4.350030078156832e-12
0.14854063974938603	4.371434079916951e-12
0.149983342948133	4.393070121356181e-12
0.15143325966287374	4.4149414867419066e-12
0.15289042596118813	4.4370515183503965e-12
0.15435487809099402	4.459403617693916e-12
0.15582665248144906	4.482001246777504e-12
0.1573057857438562	4.504847929387316e-12
0.15879231467257537	4.527947252410338e-12
0.16028627624593816	4.5513028671872854e-12
0.16178770762716785	4.574918490899154e-12
0.16329664616530362	4.598797907988649e-12
0.16481312939613008	4.622944971616862e-12
0.1663371950431107	4.647363605157276e-12
0.16786888101832628	4.672057803727e-12
0.1694082254234178	4.697031635757389e-12
0.1709552665505349	4.722289244604069e-12
0.17251004288328747	4.7478348501991635e-12
0.17407259309770393	4.773672750744231e-12
0.17564295606319252	4.799807324448535e-12
0.17722117084350858	4.826243031311218e-12
0.17880727669772617	4.852984414950087e-12
0.18040131308121476	4.880036104477538e-12
0.18200331964662084	4.907402816425846e-12
0.18361333624485401	4.935089356723011e-12
0.18523140292607826	4.963100622720349e-12
0.18685755994070874	4.9914416052732704e-12
0.1884918477404122	5.020117390878232e-12
0.19013430697911424	5.049133163865387e-12
0.1917849785140098	5.078494208649903e-12
0.19344390340657974	5.108205912044899e-12
0.19511112292361268	5.138273765634486e-12
0.1967866785382308	5.1687033682127015e-12
0.19847061193092203	5.199500428287075e-12
0.20016296499057665	5.230670766651339e-12
0.20186377981552947	5.262220319028112e-12
0.2035730987146071	5.2941551387830195e-12
0.20529096420818022	5.326481399714757e-12
0.20701741902922113	5.3592053989215e-12
0.20875250612436722	5.3923335597464954e-12
0.210496268654989	5.425872434806206e-12
0.21224874999826396	5.459828709102583e-12
0.21400999374825516	5.494209203222371e-12
0.21578004371699644	5.529020876626968e-12
0.21755894393558148	5.564270831034602e-12
0.2193467386552594	5.599966313898895e-12
0.22114347234853576	5.636114721986413e-12
0.22294918971027836	5.67272360505513e-12
0.2247639356588297	5.709800669641261e-12
0.2265877553371239	5.7473537829515954e-12
0.2284206941138094	5.7853909768713584e-12
0.23026279758437848	5.823920452086749e-12
0.23211411157230027	5.862950582328267e-12
0.23397468213016168	5.902489918737419e-12
0.23584455554081238	5.9425471943630375e-12
0.23772377831851643	5.9831313287892034e-12
0.23961239721010893	6.024251432900337e-12
0.24151045919615952	6.065916813788444e-12
0.24341801149214037	6.108136979806376e-12
0.24533510154960114	6.1509216457729455e-12
0.24726177705734917	6.194280738334491e-12
0.24919808594263576	6.238224401488843e-12
0.251144076372349	6.282763002276351e-12
0.2530997967542107	6.327907136645692e-12
0.2550652957379817	6.373667635497372e-12
0.2570406222166717	6.420055570914745e-12
0.2590258253277551	6.4670822625860616e-12
0.26102095445439405	6.514759284426317e-12
0.2630260592266659	6.563098471405595e-12
0.2650411895227993	6.612111926589881e-12
0.2670663954704134	6.6618120284036215e-12
0.26910172744776534	6.712211438121314e-12
0.27114723608500396	6.763323107596342e-12
0.27320297226542917	6.815160287235405e-12
0.27526898712675635	6.867736534227981e-12
0.27734533206239	6.921065721039926e-12
0.2794320587227019	6.975162044181235e-12
0.2815292190163153	7.030040033255974e-12
0.2836368651113967	7.085714560309038e-12
0.28575504943695385	7.142200849476183e-12
0.28788382468413853	7.1995144869515256e-12
0.29002324380755934	7.257671431283759e-12
0.29217336002659705	7.316688024013024e-12
0.29433422682673016	7.376581000661252e-12
0.29650589796086374	7.437367502090072e-12
0.29868842745066804	7.499065086240038e-12
0.30088186958792124	7.561691740265797e-12
0.3030862789358609	7.625265893082075e-12
0.30530171033054027	7.689806428335855e-12
0.307528218882193	7.75533269782457e-12
0.30976585997660405	7.821864535372418e-12
0.312014689276487	7.889422271188166e-12
0.31427476272286925	7.95802674671836e-12
0.3165461365364837	8.027699330020698e-12
0.3188288672191662	8.098461931673615e-12
0.32112301155526213	8.170337021246884e-12
0.32342862661303834	8.243347644354031e-12
0.3257457697461036	8.317517440309909e-12
0.32807449859483384	8.39287066042026e-12
0.3304148710878078	8.469432186924812e-12
0.33276694544324686	8.547227552626251e-12
0.33513078017046305	8.62628296122808e-12
0.33750643407131514	8.706625308413202e-12
0.3398939662416715	8.788282203695074e-12
0.3422934360728799	8.871281993070282e-12
0.34470490325324404	8.955653782511123e-12
0.3471284277695101	9.041427462327702e-12
0.34956406990835764	9.128633732442406e-12
0.3520118902578995	9.217304128610695e-12
0.354471949709189	9.30747104963237e-12
0.3569443094577349	9.399167785593629e-12
0.3594290310050235	9.492428547186415e-12
0.3619261761600484	9.587288496150227e-12
0.3644358070408486	9.683783776887017e-12
0.36695798607605284	9.781951549299014e-12
0.36949277600643327	9.881830022906347e-12
0.37204023988646523	9.983458492297823e-12
0.3746004410858973	1.0086877373978337e-11
0.3771734432913268	1.019212824467106e-11
0.3797593105077832	1.0299253881145481e-11
0.3823581070603219	1.0408298301636294e-11
0.38496989759562367	1.0519306808928025e-11
0.3875947470836016	1.0632326035179686e-11
0.3902327208190196	1.0747403988574633e-11
0.3928838844231145	1.0864590101874085e-11
0.39554830384522993	1.0983935282967189e-11
0.3982260453644561	1.1105491967511851e-11
0.4009171755912785	1.1229314173761328e-11
0.40362176146923495	1.1355457559684341e-11
0.40633987027658097	1.148397948248727e-11
0.4090715696279639	1.1614939060650267e-11
0.4118169274761037	1.1748397238604852e-11
0.4145760121134843	1.1884416854176948e-11
0.4173488921740515	1.2023062708930608e-11
0.4201356366349219	1.216440164155858e-11
0.42293631481809635	1.2308502604464983e-11
0.4257509963921868	1.245543674370454e-11
0.42857975137414767	1.2605277482442487e-11
0.43142265013101855	1.2758100608111571e-11
0.43427976338167373	1.2913984363459846e-11
0.43715116219858224	1.3073009541678095e-11
0.44003691800957523	1.3235259585823576e-11
0.44293710259962304	1.3400820692758618e-11
0.4458517881126211	1.3569781921837553e-11
0.44878104705318417	1.3742235308592528e-11
0.45172495228844983	1.391827598367718e-11
0.45468357704989204	1.4098002297350431e-11
0.4576569949351413	1.4281515949791327e-11
0.46064527990981685	1.4468922127558399e-11
0.4636485063093658	1.4660329646528063e-11
0.4666667488409128	1.4855851101655247e-11
0.4697000825851173	1.5055603023936706e-11
0.4727485829980427	1.5259706044970788e-11
0.47581232591303285	1.5468285069526884e-11
0.478891387542598	1.5681469456583806e-11
0.48198584448031084	1.589939320929455e-11
0.4850957737027124	1.6122195174399276e-11
0.48822125257122595	1.6350019251605584e-11
0.49136235883408197	1.6583014613518762e-11
0.4945191706282523	1.6821335936721635e-11
0.4976917664813935	1.706514364465544e-11
0.5008802253138004	1.731460416298482e-11
0.5040846264403696	1.756989018818454e-11
0.5073050495725715	1.783118097012804e-11
0.5105415748204343	1.8098662609513366e-11
0.5137942826945365	1.837252837101697e-11
0.517063254108009	1.865297901312218e-11
0.5203485703785492	1.8940223135641278e-11
0.5236503132304419	1.9234477546017373e-11
0.5269685647965939	1.9535967645559935e-11
0.5303034076205766	1.984492783685653e-11
0.5336549246586795	2.016160195369172e-11
0.5370231992819728	2.048624371488935e-11
0.5404083152783826	2.0819117203600326e-11
0.5438103568547747	2.1160497373672305e-11
0.5472294086390483	2.1510670584842055e-11
0.5506655556822436	2.186993516863276e-11
0.5541188834606549	2.2238602026970088e-11
0.5575894778779582	2.2616995265673367e-11
0.5610774252673477	2.3005452865157765e-11
0.5645828123936844	2.3404327390833044e-11
0.5681057264556525	2.3813986745893635e-11
0.5716462550879309	2.423481496939765e-11
0.5752044863633705	2.4667213082741e-11
0.5787805087951873	2.5111599987893805e-11
0.5823744113391631	2.5568413421015206e-11
0.5859862833958588	2.6038110965356406e-11
0.5896162148128381	2.6521171127672196e-11
0.5932642958869024	2.701809448269867e-11
0.5969306173663369	2.752940489062094e-11
0.6006152704531684	2.8055650792873856e-11
0.6043183468054344	2.8597406592038725e-11
0.6080399385394615	2.915527412209285e-11
0.6117801382321587	2.9729884215800347e-11
0.6155390389233192	3.032189837658874e-11
0.6193167341179359	3.093201056291968e-11
0.6231133177885255	3.156094909382016e-11
0.6269288843774683	3.220947868502986e-11
0.6307635287993556	3.2878402626046996e-11
0.6346173464433522	3.3568565109263766e-11
0.6384904331755688	3.4280853723415385e-11
0.6423828853414466	3.501620212468391e-11
0.6462947997681537	3.5775592899998957e-11
0.6502262737669944	3.656006063849329e-11
0.6541774051358293	3.737069522853531e-11
0.6581482921615082	3.820864539945552e-11
0.6621390336223156	3.9075122528932427e-11
0.6661497287904271	3.997140473906325e-11
0.6701804774343789	4.089884130644306e-11
0.6742313798215507	4.1858857414123635e-11
0.6783025367206585	4.285295927617462e-11
0.682394049404262	4.38827396687723e-11
0.6865060196512833	4.4949883905285547e-11
0.6906385497495399	4.605617629685536e-11
0.6947917424982876	4.7203507144443194e-11
0.6989657012107791	4.8393880313407416e-11
0.7031605297168331	4.962942144735864e-11
0.7073763323654171	5.0912386884527373e-11
0.7116132140272443	5.22451733471552e-11
0.7158712800973803	5.363032848276667e-11
0.7201506364978669	5.5070562345580846e-11
0.724451389680356	5.656875991711421e-11
0.7287736466287575	5.812799477732441e-11
0.7331175148619014	5.975154405174371e-11
0.737483102436211	6.144290477623976e-11
0.7418705179483918	6.320581183969659e-11
0.7462798705381338	6.504425768642195e-11
0.7507112698908246	6.696251398500803e-11
0.7551648262402787	6.896515549926786e-11
0.7596406503714802	7.105708643056298e-11
0.7641388536233378	7.324356954007408e-11
0.7686595478914543	7.553025840550414e-11
0.7732028456309116	7.792323322070405e-11
0.777768859859066	8.042904061009059e-11
0.7823577041583611	8.305473800469344e-11
0.7869694926791531	8.580794321529816e-11
0.7916043401425489	8.869688994330723e-11
0.7962623618432616	9.173049009525053e-11
0.8009436736524779	9.491840391616156e-11
0.8056483920207402	9.827111913599531e-11
0.8103766339808439	1.0180004053767777e-10
0.8151285171507483	1.0551759161363237e-10
0.8199041597365018	1.0943733028889646e-10
0.8247036805351844	1.1357408106559907e-10
0.8295271989378604	1.179440863999528e-10
0.8343748349325497	1.225651806779278e-10
0.8392467091072124	1.2745699083151313e-10
0.8441429426527486	1.3264116846296686e-10
0.8490636573660123	1.3814165935458476e-10
0.8540089756528424	1.4398501748056022e-10
0.8589790205311068	1.502007721605474e-10
0.8639739156337622	1.5682185887073276e-10
0.868973915633762	1.6385631745684614e-10
0.8739739156337618	1.7133193841362025e-10
0.8789739156337616	1.7928700931006083e-10
0.8839739156337615	1.8776431937553987e-10
0.8889739156337613	1.9681183272479324e-10
0.893973915633761	2.0648347920958517e-10
0.8989739156337608	2.1684008533877535e-10
0.9039739156337606	2.2795047217689341e-10
0.9089739156337604	2.398927525241932e-10
0.9139739156337602	2.5275586617823007e-10
0.91897391563376	2.666413999061619e-10
0.9239739156337599	2.816657481940058e-10
0.9289739156337596	2.9796268221631286e-10
0.9339739156337594	3.156864081890857e-10
0.9389739156337592	3.3501521281444885e-10
0.943973915633759	3.561558134827227e-10
0.9489739156337588	3.7934855497164493e-10
0.9539739156337586	4.048736234245358e-10
0.9589739156337583	4.3305848342602297e-10
0.9639739156337582	4.642867862622702e-10
0.968973915633758	4.990090484447663e-10
0.9739739156337578	5.377554610881245e-10
0.9789739156337576	5.811512649268502e-10
0.9839739156337574	6.299352152370212e-10
0.9889739156337571	6.849817688274673e-10
0.9939739156337569	7.473277553459672e-10
0.9989739156337567	8.18204451928552e-10
1.0039739156337566	8.990761691329155e-10
1.0089739156337563	9.916866836410417e-10
1.0139739156337562	1.0981151271866127e-9
1.0189739156337558	1.2208432708756612e-9
1.0239739156337557	1.362836540658385e-9
1.0289739156337556	1.5276415764527304e-9
1.0339739156337553	1.7195037201206742e-9
1.0389739156337552	1.9435085049404206e-9
1.0439739156337549	2.20575204364908e-9
1.0489739156337547	2.5135461998760498e-9
1.0539739156337544	2.875665609837216e-9
1.0589739156337543	3.3026450339325634e-9
1.0639739156337542	3.807137203950291e-9
1.0689739156337539	4.404343340477715e-9
1.0739739156337538	5.112530904197818e-9
1.0789739156337534	5.953655979929205e-9
1.0839739156337533	6.954111048800798e-9
1.088973915633753	8.145622866877392e-9
1.093973915633753	9.566329833079932e-9
1.0989739156337526	1.1262073700443758e-8
1.1039739156337525	1.3287946876924871e-8
1.1089739156337524	1.5710143996934375e-8
1.113973915633752	1.860817504932255e-8
1.118973915633752	2.2077507249345436e-8
1.1239739156337516	2.623271416413067e-8
1.1289739156337515	3.121122345397605e-8
1.1339739156337512	3.7177769063473876e-8
1.138973915633751	4.432966983992603e-8
1.143973915633751	5.2903074372167647e-8
1.1489739156337506	6.318033125672377e-8
1.1539739156337505	7.549866482997851e-8
1.1589739156337502	9.026035832324882e-8
1.16397391563375	1.0794466884990918e-7
1.1689739156337497	1.2912172074031704e-7
1.1739739156337496	1.5446864413165199e-7
1.1789739156337493	1.8478824229534763e-7
1.1839739156337492	2.2103048078346374e-7
1.187980436725312	2.5509492788463726e-7
1.1919869578168745	2.9434730586689407e-7
1.1959934789084372	3.395481072326587e-7
1.2	3.915620680173286e-7
