0.0006999999999999628	2.3442874456226884e-9
0.001403500000000035	2.3462282119112812e-9
0.0021105174999999296	2.3481811795761704e-9
0.0028210700874998964	2.3501464049449724e-9
0.003535175437937438	2.3521239792807775e-9
0.004252851315127062	2.354113994992224e-9
0.004974115571702636	2.356116545282321e-9
0.005698986149561044	2.358131724167544e-9
0.006427481080308875	2.360159626495836e-9
0.007159618485710418	2.3622003479625918e-9
0.007895416578138905	2.3642539851254625e-9
0.008634893661029494	2.366320635417746e-9
0.00937806812933463	2.368400397161483e-9
0.010124958469981361	2.3704933695800777e-9
0.010875583262331262	2.372599652810656e-9
0.01162996117864295	2.3747193479164032e-9
0.012388110984536127	2.3768525568985996e-9
0.013150051539458866	2.378999382708855e-9
0.013915801797156208	2.3811599292612313e-9
0.014685380806142003	2.3833343014442545e-9
0.015458807710172712	2.3855226051334236e-9
0.01623610174872358	2.3877249472032594e-9
0.017017282257467212	2.3899414355397465e-9
0.017802368668754516	2.392172179052883e-9
0.01859138051209827	2.3944172876893547e-9
0.019384337414658823	2.3966768724448286e-9
0.020181259101732015	2.398951045377461e-9
0.020982165397240727	2.4012399196203476e-9
0.02178707622422691	2.4035436093949615e-9
0.02259601160534814	2.405862230024338e-9
0.02340899166337483	2.408195897946617e-9
0.024226036621691812	2.4105447307285977e-9
0.02504716680480027	2.412908847079545e-9
0.025872402638824326	2.4152883668653865e-9
0.02670176465201842	2.4176834111224377e-9
0.02753527347527842	2.4200941020720706e-9
0.028372949842654864	2.4225205631355675e-9
0.0292148145918682	2.424962918948117e-9
0.03006088866482743	2.4274212953744927e-9
0.03091119310815165	2.429895819523688e-9
0.0317657490736924	2.43238661976468e-9
0.03262457781906081	2.4348938257419277e-9
0.03348770070815601	2.437417568391007e-9
0.034355139211696875	2.439957979954913e-9
0.035226914907755424	2.4425151940002966e-9
0.03610304948229413	2.445089345433813e-9
0.03698356472970569	2.4476805705190627e-9
0.03786848255335419	2.450289006893535e-9
0.038757824966120964	2.452914793585822e-9
0.03965161409095162	2.455558071033257e-9
0.04054987216140643	2.458218981099685e-9
0.04145262152221345	2.4608976670932416e-9
0.04235988462982453	2.463594273784918e-9
0.04327168405297366	2.466308947427285e-9
0.0441880424732386	2.4690418357728625e-9
0.04510898268560485	2.4717930880938067e-9
0.046034527599032954	2.4745628552010105e-9
0.04696470023702812	2.477351289463981e-9
0.04789952373821329	2.480158544830777e-9
0.048839021356904266	2.4829847768485778e-9
0.04978321646368884	2.4858301426839497e-9
0.05073213254600732	2.4886948011444105e-9
0.05168579320873729	2.491578912699078e-9
0.052644222174780875	2.4944826395006774e-9
0.05360744328565471	2.4974061454076673e-9
0.054575480502083065	2.5003495960060385e-9
0.055548357904593434	2.5033131586323906e-9
0.056526099694116344	2.506297002396892e-9
0.0575087301925869	2.5093012982064764e-9
0.05849627384354973	2.5123262187887212e-9
0.05948875521276744	2.5153719387160355e-9
0.06048619898883127	2.518438634429953e-9
0.061488629983775384	2.5215264842662408e-9
0.06249607313369419	2.524635668479971e-9
0.06350855349936275	2.52776636927159e-9
0.06452609626685958	2.5309187708125613e-9
0.06554872674819387	2.5340930592720826e-9
0.06657647038193484	2.5372894228441955e-9
0.06760935273384447	2.5405080517749167e-9
0.06864739949751365	2.5437491383903197e-9
0.0696906364950013	2.5470128771244057e-9
0.07073908967747639	2.5502994645485544e-9
0.07179278512586384	2.5536090993999474e-9
0.07285174905149322	2.5569419826116923e-9
0.0739160077967507	2.560298317343026e-9
0.07498558783573436	2.56367830900973e-9
0.07606051577491299	2.5670821653156495e-9
0.07714081835378758	2.5705100962841575e-9
0.07822652244555647	2.5739623142902382e-9
0.07931765505778425	2.577439034093599e-9
0.0804142433330731	2.5809404728718493e-9
0.08151631454973848	2.5844668502542597e-9
0.08262389612248718	2.5880183883561713e-9
0.0837370156030995	2.5915953118141345e-9
0.0848557006811149	2.5951978478215823e-9
0.0859799791845205	2.5988262261648273e-9
0.08710987908044313	2.6024806792597842e-9
0.08824542847584534	2.6061614421898422e-9
0.08938665561822454	2.6098687527435937e-9
0.09053358889631567	2.6136028514536085e-9
0.09168625684079722	2.6173639816359805e-9
0.09284468812500112	2.6211523894301283e-9
0.09400891156562617	2.624968323839954e-9
0.0951789561234543	2.6288120367748767e-9
0.09635485090407148	2.6326837830923245e-9
0.09753662515859184	2.636583820640551e-9
0.0987243082843847	2.6405124103023773e-9
0.09991792982580656	2.644469816039454e-9
0.10111751947493569	2.648456304937597e-9
0.10232310707231031	2.6524721472528235e-9
0.1035347226076718	2.656517616458166e-9
0.10475239622071016	2.660592989291166e-9
0.10597615820181366	2.6646985458025184e-9
0.10720603899282274	2.6688345694054967e-9
0.10844206918778684	2.673001346925953e-9
0.10968427953372567	2.6771991686536565e-9
0.1109327009313943	2.6814283283942407e-9
0.11218736443605135	2.6856891235220865e-9
0.11344830125823162	2.6899818550347564e-9
0.11471554276452282	2.694306827607331e-9
0.11598912047834534	2.69866434964847e-9
0.11726906608073695	2.7030547333577266e-9
0.11855541141114062	2.7074782947831126e-9
0.11984818846819621	2.7119353538801738e-9
0.12114742941053713	2.7164262345722924e-9
0.12245316655758978	2.7209512648119975e-9
0.1237654323903777	2.7255107766429493e-9
0.12508425955232963	2.730105106263785e-9
0.12640968085009122	2.7347345940927984e-9
0.1277417292543416	2.7393995848337317e-9
0.1290804379006133	2.7441004275429242e-9
0.13042584009011637	2.748837475697727e-9
0.1317779692905669	2.7536110872664527e-9
0.13313685913701961	2.7584216247788146e-9
0.13450254343270476	2.7632694553989644e-9
0.13587505614986833	2.76815495099867e-9
0.13725443143061763	2.7730784882327317e-9
0.13864070358777073	2.77804044861549e-9
0.14003390710570945	2.7830412185986423e-9
0.14143407664123803	2.7880811896512547e-9
0.1428412470244442	2.793160758340412e-9
0.1442554532595664	2.7982803264140587e-9
0.14567673052586416	2.8034403008850503e-9
0.1471051141784935	2.8086410941174284e-9
0.14854063974938603	2.8138831239135396e-9
0.149983342948133	2.819166813603515e-9
0.15143325966287374	2.824492592136447e-9
0.15289042596118813	2.8298608941728524e-9
0.15435487809099402	2.835272160179864e-9
0.15582665248144906	2.8407268365270983e-9
0.1573057857438562	2.846225375585906e-9
0.15879231467257537	2.8517682358290766e-9
0.16028627624593816	2.8573558819337832e-9
0.16178770762716785	2.8629887848859894e-9
0.16329664616530362	2.8686674220869054e-9
0.16481312939613008	2.874392277461898e-9
0.1663371950431107	2.880163841571534e-9
0.16786888101832628	2.8859826117247355e-9
0.1694082254234178	2.8918490920943444e-9
0.1709552665505349	2.897763793835167e-9
0.17251004288328747	2.9037272352040514e-9
0.17407259309770393	2.9097399416833337e-9
0.17564295606319252	2.9158024461054978e-9
0.17722117084350858	2.921915288781674e-9
0.17880727669772617	2.9280790176322595e-9
0.18040131308121476	2.9342941883200765e-9
0.18200331964662084	2.940561364386884e-9
0.18361333624485401	2.9468811173923405e-9
0.18523140292607826	2.9532540270558424e-9
0.18685755994070874	2.959680681401877e-9
0.1884918477404122	2.9661616769081044e-9
0.19013430697911424	2.9726976186563613e-9
0.1917849785140098	2.9792891204876132e-9
0.19344390340657974	2.985936805159317e-9
0.19511112292361268	2.992641304507175e-9
0.1967866785382308	2.999403259609742e-9
0.19847061193092203	3.0062233209566653e-9
0.20016296499057665	3.0131021486205677e-9
0.20186377981552947	3.020040412433444e-9
0.2035730987146071	3.0270387921655536e-9
0.20529096420818022	3.034097977709732e-9
0.20701741902922113	3.041218669268386e-9
0.20875250612436722	3.0484015775459743e-9
0.210496268654989	3.0556474239446754e-9
0.21224874999826396	3.062956940765306e-9
0.21400999374825516	3.0703308714119514e-9
0.21578004371699644	3.0777699706018557e-9
0.21755894393558148	3.0852750045796904e-9
0.2193467386552594	3.0928467513369926e-9
0.22114347234853576	3.100486000836136e-9
0.22294918971027836	3.1081935552399957e-9
0.2247639356588297	3.1159702291462776e-9
0.2265877553371239	3.123816849828152e-9
0.2284206941138094	3.1317342574790867e-9
0.23026279758437848	3.1397233054648504e-9
0.23211411157230027	3.1477848605802943e-9
0.23397468213016168	3.1559198033126846e-9
0.23584455554081238	3.164129028111105e-9
0.23772377831851643	3.17241344366206e-9
0.23961239721010893	3.180773973172125e-9
0.24151045919615952	3.1892115546561625e-9
0.24341801149214037	3.1977271412339595e-9
0.24533510154960114	3.20632170143277e-9
0.24726177705734917	3.2149962194975724e-9
0.24919808594263576	3.2237516957089202e-9
0.251144076372349	3.2325891467082774e-9
0.2530997967542107	3.2415096058312314e-9
0.2550652957379817	3.2505141234492906e-9
0.2570406222166717	3.2596037673192576e-9
0.2590258253277551	3.2687796229421887e-9
0.26102095445439405	3.27804279393047e-9
0.2630260592266659	3.287394402384167e-9
0.2650411895227993	3.296835589277042e-9
0.2670663954704134	3.3063675148519213e-9
0.26910172744776534	3.3159913590260777e-9
0.27114723608500396	3.325708321807026e-9
0.27320297226542917	3.3355196237185624e-9
0.27526898712675635	3.3454265062377055e-9
0.27734533206239	3.3554302322429605e-9
0.2794320587227019	3.3655320864740484e-9
0.2815292190163153	3.37573337600344e-9
0.2836368651113967	3.3860354307196977e-9
0.28575504943695385	3.3964396038242125e-9
0.28788382468413853	3.4069472723401255e-9
0.29002324380755934	3.417559837635017e-9
0.29217336002659705	3.4282787259570977e-9
0.29433422682673016	3.4391053889856115e-9
0.29650589796086374	3.450041304396177e-9
0.29868842745066804	3.4610879764407293e-9
0.30088186958792124	3.4722469365431786e-9
0.3030862789358609	3.4835197439111834e-9
0.30530171033054027	3.494907986164331e-9
0.307528218882193	3.506413279979203e-9
0.30976585997660405	3.518037271752496e-9
0.312014689276487	3.529781638281707e-9
0.31427476272286925	3.5416480874649256e-9
0.3165461365364837	3.5536383590199385e-9
0.3188288672191662	3.565754225222767e-9
0.32112301155526213	3.577997491667741e-9
0.32342862661303834	3.5903699980478276e-9
0.3257457697461036	3.602873618957533e-9
0.32807449859483384	3.6155102647183966e-9
0.3304148710878078	3.628281882227656e-9
0.33276694544324686	3.6411904558314898e-9
0.33513078017046305	3.6542380082227723e-9
0.33750643407131514	3.6674266013652246e-9
0.3398939662416715	3.6807583374438594e-9
0.3422934360728799	3.6942353598432603e-9
0.34470490325324404	3.707859854154263e-9
0.3471284277695101	3.721634049210532e-9
0.34956406990835764	3.735560218154934e-9
0.3520118902578995	3.74964067953827e-9
0.354471949709189	3.7638777984502884e-9
0.3569443094577349	3.778273987684634e-9
0.3594290310050235	3.792831708938772e-9
0.3619261761600484	3.80755347405013e-9
0.3644358070408486	3.822441846269839e-9
0.36695798607605284	3.837499441574903e-9
0.36949277600643327	3.852728930021571e-9
0.37204023988646523	3.868133037139147e-9
0.3746004410858973	3.883714545367657e-9
0.3771734432913268	3.8994762955404215e-9
0.3797593105077832	3.915421188412509e-9
0.3823581070603219	3.9315521862373e-9
0.38496989759562367	3.947872314393316e-9
0.3875947470836016	3.964384663062021e-9
0.3902327208190196	3.981092388959673e-9
0.3928838844231145	3.997998717124829e-9
0.39554830384522993	4.015106942762872e-9
0.3982260453644561	4.0324204331514825e-9
0.4009171755912785	4.049942629606681e-9
0.40362176146923495	4.067677049514687e-9
0.40633987027658097	4.085627288430288e-9
0.4090715696279639	4.103797022244168e-9
0.4118169274761037	4.1221900094232935e-9
0.4145760121134843	4.140810093325749e-9
0.4173488921740515	4.159661204594011e-9
0.4201356366349219	4.178747363628449e-9
0.42293631481809635	4.198072683145705e-9
0.4257509963921868	4.217641370825013e-9
0.42857975137414767	4.237457732044439e-9
0.43142265013101855	4.257526172712872e-9
0.43427976338167373	4.277851202200358e-9
0.43715116219858224	4.298437436370824e-9
0.44003691800957523	4.319289600721617e-9
0.44293710259962304	4.340412533634914e-9
0.4458517881126211	4.361811189743949e-9
0.44878104705318417	4.383490643420578e-9
0.45172495228844983	4.40545609238862e-9
0.45468357704989204	4.427712861467265e-9
0.4576569949351413	4.450266406452377e-9
0.46064527990981685	4.473122318139311e-9
0.4636485063093658	4.49628632649399e-9
0.4666667488409128	4.519764304980087e-9
0.4697000825851173	4.5435622750464055e-9
0.4727485829980427	4.567686410783902e-9
0.47581232591303285	4.592143043758626e-9
0.478891387542598	4.616938668028144e-9
0.48198584448031084	4.642079945350733e-9
0.4850957737027124	4.667573710594578e-9
0.48822125257122595	4.693426977357309e-9
0.49136235883408197	4.719646943804438e-9
0.4945191706282523	4.746240998736892e-9
0.4976917664813935	4.773216727899017e-9
0.5008802253138004	4.800581920536642e-9
0.5040846264403696	4.828344576218329e-9
0.5073050495725715	4.856512911930785e-9
0.5105415748204343	4.88509536946323e-9
0.5137942826945365	4.914100623091664e-9
0.517063254108009	4.943537587580355e-9
0.5203485703785492	4.973415426513668e-9
0.5236503132304419	5.003743560975317e-9
0.5269685647965939	5.0345316785910815e-9
0.5303034076205766	5.0657897429545574e-9
0.5336549246586795	5.0975280034513735e-9
0.5370231992819728	5.129757005507136e-9
0.5404083152783826	5.162487601274486e-9
0.5438103568547747	5.195730960785469e-9
0.5472294086390483	5.22949858359111e-9
0.5506655556822436	5.263802310914044e-9
0.5541188834606549	5.298654338339186e-9
0.5575894778779582	5.334067229072016e-9
0.5610774252673477	5.370053927793332e-9
0.5645828123936844	5.406627775141822e-9
0.5681057264556525	5.443802522857948e-9
0.5716462550879309	5.48159234962452e-9
0.5752044863633705	5.520011877641185e-9
0.5787805087951873	5.55907618997338e-9
0.5823744113391631	5.5988008487168936e-9
0.5859862833958588	5.639201914023505e-9
0.5896162148128381	5.680295964036518e-9
0.5932642958869024	5.7221001157848365e-9
0.5969306173663369	5.764632047092345e-9
0.6006152704531684	5.807910019556243e-9
0.6043183468054344	5.851952902661065e-9
0.6080399385394615	5.89678019908843e-9
0.6117801382321587	5.942412071295665e-9
0.6155390389233192	5.9888693694362046e-9
0.6193167341179359	6.036173660700578e-9
0.6231133177885255	6.084347260164603e-9
0.6269288843774683	6.133413263232672e-9
0.6307635287993556	6.183395579774442e-9
0.6346173464433522	6.234318970059139e-9
0.6384904331755688	6.286209082594759e-9
0.6423828853414466	6.33909249399383e-9
0.6462947997681537	6.392996750991998e-9
0.6502262737669944	6.4479504147537125e-9
0.6541774051358293	6.503983107611709e-9
0.6581482921615082	6.561125562399051e-9
0.6621390336223156	6.6194096745362775e-9
0.6661497287904271	6.678868557060013e-9
0.6701804774343789	6.7395365987833545e-9
0.6742313798215507	6.8014495257977385e-9
0.6783025367206585	6.864644466540762e-9
0.682394049404262	6.929160020672602e-9
0.6865060196512833	6.995036332020461e-9
0.6906385497495399	7.062315165874478e-9
0.6947917424982876	7.131039990934985e-9
0.6989657012107791	7.201256066244051e-9
0.7031605297168331	7.2730105334522536e-9
0.7073763323654171	7.346352514804612e-9
0.7116132140272443	7.42133321726351e-9
0.7158712800973803	7.498006043215273e-9
0.7201506364978669	7.576426708252251e-9
0.724451389680356	7.656653366556883e-9
0.7287736466287575	7.738746744467381e-9
0.7331175148619014	7.822770282847938e-9
0.737483102436211	7.908790288949071e-9
0.7418705179483918	7.996876098500546e-9
0.7462798705381338	8.087100248846332e-9
0.7507112698908246	8.179538664012824e-9
0.7551648262402787	8.274270852676473e-9
0.7596406503714802	8.371380120096265e-9
0.7641388536233378	8.470953795175403e-9
0.7686595478914543	8.57308347393455e-9
0.7732028456309116	8.677865280805489e-9
0.777768859859066	8.785400149299328e-9
0.7823577041583611	8.895794123765934e-9
0.7869694926791531	9.00915868414315e-9
0.7916043401425489	9.125611095802102e-9
0.7962623618432616	9.24527478682749e-9
0.8009436736524779	9.368279755340515e-9
0.8056483920207402	9.494763009773935e-9
0.8103766339808439	9.624869045360962e-9
0.8151285171507483	9.758750360494168e-9
0.8199041597365018	9.896568017080686e-9
0.8247036805351844	1.0038492249553019e-8
0.8295271989378604	1.0184703127816375e-8
0.8343748349325497	1.0335391280145523e-8
0.8392467091072124	1.049075868290293e-8
0.8441429426527486	1.0651019524953558e-8
0.8490636573660123	1.081640115584857e-8
0.8540089756528424	1.09871451282768e-8
0.8589790205311068	1.1163508346968672e-8
0.8639739156337622	1.1345764338285562e-8
0.868973915633762	1.1533448091492883e-8
0.8739739156337618	1.1726598892818708e-8
0.8789739156337616	1.1925452679254034e-8
0.8839739156337615	1.2130259421990481e-8
0.8889739156337613	1.2341284286144085e-8
0.893973915633761	1.2558808925832628e-8
0.8989739156337608	1.2783132936513265e-8
0.9039739156337606	1.3014575489914448e-8
0.9089739156337604	1.3253477181696832e-8
0.9139739156337602	1.3500202127744766e-8
0.91897391563376	1.3755140351957537e-8
0.9239739156337599	1.4018710516778136e-8
0.9289739156337596	1.4291363057825356e-8
0.9339739156337594	1.4573583796195138e-8
0.9389739156337592	1.4865898116737207e-8
0.943973915633759	1.516887581842847e-8
0.9489739156337588	1.5483136764478718e-8
0.9539739156337586	1.5809357485831315e-8
0.9589739156337583	1.614827892317468e-8
0.9639739156337582	1.650071553064726e-8
0.968973915633758	1.6867566010438586e-8
0.9739739156337578	1.724982600318454e-8
0.9789739156337576	1.764860312645159e-8
0.9839739156337574	1.806513483511499e-8
0.9889739156337571	1.850080967611609e-8
0.9939739156337569	1.8957192629433956e-8
0.9989739156337567	1.9436055371552184e-8
1.0039739156337566	1.993941247241482e-8
1.0089739156337563	2.04695647482384e-8
1.0139739156337562	2.1029151248172988e-8
1.0189739156337558	2.1621211661952155e-8
1.0239739156337557	2.2249261309404853e-8
1.0289739156337556	2.2917381324468016e-8
1.0339739156337553	2.3630327192247543e-8
1.0389739156337552	2.4393659457166297e-8
1.0439739156337549	2.521390121665669e-8
1.0489739156337547	2.60987279763464e-8
1.0539739156337544	2.7057196602932714e-8
1.0589739156337543	2.8100021510478223e-8
1.0639739156337542	2.923990790328203e-8
1.0689739156337539	3.049195393189175e-8
1.0739739156337538	3.1874136067999026e-8
1.0789739156337534	3.340789495201017e-8
1.0839739156337533	3.5118842513602836e-8
1.088973915633753	3.7037615428980316e-8
1.093973915633753	3.920090510020737e-8
1.0989739156337526	4.165270048975287e-8
1.1039739156337525	4.444578751665305e-8
1.1089739156337524	4.7643557555793924e-8
1.113973915633752	5.1322188158103036e-8
1.118973915633752	5.557327175684442e-8
1.1239739156337516	6.050698323187302e-8
1.1289739156337515	6.625589522570148e-8
1.1339739156337512	7.297957157607925e-8
1.138973915633751	8.087009477225039e-8
1.143973915633751	9.015871367912443e-8
1.1489739156337506	1.0112383374120832e-7
1.1539739156337505	1.1410061443538211e-7
1.1589739156337502	1.2949248897966682e-7
1.16397391563375	1.4778498044804202e-7
1.1689739156337497	1.695622578352877e-7
1.1739739156337496	1.9552695669363126e-7
1.1789739156337493	2.2652388316448948e-7
1.1839739156337492	2.6356832885395484e-7
1.187980436725312	2.9843016390054877e-7
1.1919869578168745	3.3869252724175965e-7
1.1959934789084372	3.8520973411990575e-7
1.2	4.389704431679043e-7
