0.0006999999999999628	3.58708870095905e-9
0.001403500000000035	3.5897884301391278e-9
0.0021105174999999296	3.5925049489649622e-9
0.0028210700874998964	3.5952383316605195e-9
0.003535175437937438	3.5979887017778542e-9
0.004252851315127062	3.600756184410383e-9
0.004974115571702636	3.6035409057076716e-9
0.005698986149561044	3.606342992899972e-9
0.006427481080308875	3.6091625743221408e-9
0.007159618485710418	3.6119997794349953e-9
0.007895416578138905	3.614854738844449e-9
0.008634893661029494	3.617727584319591e-9
0.00937806812933463	3.6206184488095467e-9
0.010124958469981361	3.6235274664600073e-9
0.010875583262331262	3.6264547726298416e-9
0.01162996117864295	3.6294005039066178e-9
0.012388110984536127	3.6323647981228116e-9
0.013150051539458866	3.6353477943714772e-9
0.013915801797156208	3.6383496330221207e-9
0.014685380806142003	3.6413704557364057e-9
0.015458807710172712	3.6444104054841458e-9
0.01623610174872358	3.6474696265592804e-9
0.017017282257467212	3.65054826459593e-9
0.017802368668754516	3.653646466584662e-9
0.01859138051209827	3.6567643808887962e-9
0.019384337414658823	3.6599021572609637e-9
0.020181259101732015	3.663059946860031e-9
0.020982165397240727	3.666237902267615e-9
0.02178707622422691	3.669436177505396e-9
0.02259601160534814	3.672654928052316e-9
0.02340899166337483	3.6758943108621805e-9
0.024226036621691812	3.67915448438128e-9
0.02504716680480027	3.6824356085664055e-9
0.025872402638824326	3.685737844903006e-9
0.02670176465201842	3.68906135642349e-9
0.02753527347527842	3.6924063077260697e-9
0.028372949842654864	3.6957728649936185e-9
0.0292148145918682	3.699161196012547e-9
0.03006088866482743	3.7025714701927774e-9
0.03091119310815165	3.706003858587021e-9
0.0317657490736924	3.709458533910891e-9
0.03262457781906081	3.7129356705631795e-9
0.03348770070815601	3.7164354446464087e-9
0.034355139211696875	3.7199580339874897e-9
0.035226914907755424	3.7235036181590163e-9
0.03610304948229413	3.727072378500682e-9
0.03698356472970569	3.730664498141158e-9
0.03786848255335419	3.734280162019583e-9
0.038757824966120964	3.737919556908794e-9
0.03965161409095162	3.741582871437331e-9
0.04054987216140643	3.745270296112654e-9
0.04145262152221345	3.748982023344711e-9
0.04235988462982453	3.752718247469512e-9
0.04327168405297366	3.7564791647730565e-9
0.0441880424732386	3.760264973516024e-9
0.04510898268560485	3.76407587395843e-9
0.046034527599032954	3.767912068384636e-9
0.04696470023702812	3.771773761129121e-9
0.04789952373821329	3.775661158602416e-9
0.048839021356904266	3.779574469317223e-9
0.04978321646368884	3.78351390391499e-9
0.05073213254600732	3.787479675193669e-9
0.05168579320873729	3.791471998134357e-9
0.052644222174780875	3.79549108993006e-9
0.05360744328565471	3.799537170013303e-9
0.054575480502083065	3.803610460085718e-9
0.055548357904593434	3.807711184146656e-9
0.056526099694116344	3.811839568523132e-9
0.0575087301925869	3.8159958419001056e-9
0.05849627384354973	3.820180235350901e-9
0.05948875521276744	3.824392982368285e-9
0.06048619898883127	3.828634318896487e-9
0.061488629983775384	3.832904483362573e-9
0.06249607313369419	3.837203716709662e-9
0.06350855349936275	3.8415322624297845e-9
0.06452609626685958	3.845890366597391e-9
0.06554872674819387	3.85027827790366e-9
0.06657647038193484	3.854696247691263e-9
0.06760935273384447	3.859144529989293e-9
0.06864739949751365	3.863623381549387e-9
0.0696906364950013	3.868133061882138e-9
0.07073908967747639	3.872673833293745e-9
0.07179278512586384	3.877245960923796e-9
0.07285174905149322	3.881849712783356e-9
0.0739160077967507	3.8864853597939095e-9
0.07498558783573436	3.891153175826576e-9
0.07606051577491299	3.895853437742128e-9
0.07714081835378758	3.9005864254319154e-9
0.07822652244555647	3.905352421859134e-9
0.07931765505778425	3.91015171310084e-9
0.0804142433330731	3.914984588390643e-9
0.08151631454973848	3.919851340162298e-9
0.08262389612248718	3.924752264093583e-9
0.0837370156030995	3.929687659151786e-9
0.0848557006811149	3.93465782763858e-9
0.0859799791845205	3.939663075236919e-9
0.08710987908044313	3.944703711058078e-9
0.08824542847584534	3.949780047689628e-9
0.08938665561822454	3.954892401244117e-9
0.09053358889631567	3.960041091408804e-9
0.09168625684079722	3.965226441496183e-9
0.09284468812500112	3.970448778494896e-9
0.09400891156562617	3.975708433122245e-9
0.0951789561234543	3.981005739876918e-9
0.09635485090407148	3.986341037093321e-9
0.09753662515859184	3.991714666996193e-9
0.0987243082843847	3.997126975756407e-9
0.09991792982580656	4.002578313547926e-9
0.10111751947493569	4.008069034605511e-9
0.10232310707231031	4.013599497283156e-9
0.1035347226076718	4.019170064114431e-9
0.10475239622071016	4.024781101873044e-9
0.10597615820181366	4.030432981634534e-9
0.10720603899282274	4.0361260788394934e-9
0.10844206918778684	4.041860773357763e-9
0.10968427953372567	4.0476374495530606e-9
0.1109327009313943	4.053456496350158e-9
0.11218736443605135	4.059318307301803e-9
0.11344830125823162	4.065223280657595e-9
0.11471554276452282	4.0711718194342154e-9
0.11598912047834534	4.077164331486386e-9
0.11726906608073695	4.083201229579306e-9
0.11855541141114062	4.089282931462875e-9
0.11984818846819621	4.095409859946323e-9
0.12114742941053713	4.101582442974867e-9
0.12245316655758978	4.107801113707842e-9
0.1237654323903777	4.11406631059763e-9
0.12508425955232963	4.120378477470795e-9
0.12640968085009122	4.126738063610089e-9
0.1277417292543416	4.1331455238379835e-9
0.1290804379006133	4.139601318602382e-9
0.13042584009011637	4.146105914063231e-9
0.1317779692905669	4.1526597821811804e-9
0.13313685913701961	4.159263400807342e-9
0.13450254343270476	4.165917253775502e-9
0.13587505614986833	4.172621830995307e-9
0.13725443143061763	4.179377628547987e-9
0.13864070358777073	4.1861851487826926e-9
0.14003390710570945	4.193044900416183e-9
0.14143407664123803	4.199957398633162e-9
0.1428412470244442	4.2069231651888546e-9
0.1442554532595664	4.213942728514256e-9
0.14567673052586416	4.2210166238219394e-9
0.1471051141784935	4.228145393215605e-9
0.14854063974938603	4.235329585800065e-9
0.149983342948133	4.242569757794854e-9
0.15143325966287374	4.2498664726489914e-9
0.15289042596118813	4.257220301158478e-9
0.15435487809099402	4.264631821585574e-9
0.15582665248144906	4.27210161978147e-9
0.1573057857438562	4.279630289309855e-9
0.15879231467257537	4.287218431574506e-9
0.16028627624593816	4.2948666559480195e-9
0.16178770762716785	4.302575579903919e-9
0.16329664616530362	4.310345829151279e-9
0.16481312939613008	4.318178037771853e-9
0.1663371950431107	4.326072848359766e-9
0.16786888101832628	4.334030912164693e-9
0.1694082254234178	4.342052889237039e-9
0.1709552665505349	4.3501394485769076e-9
0.17251004288328747	4.3582912682851974e-9
0.17407259309770393	4.366509035718771e-9
0.17564295606319252	4.374793447648029e-9
0.17722117084350858	4.383145210417855e-9
0.17880727669772617	4.391565040112104e-9
0.18040131308121476	4.400053662721327e-9
0.18200331964662084	4.408611814313939e-9
0.18361333624485401	4.4172402412109814e-9
0.18523140292607826	4.4259397001647024e-9
0.18685755994070874	4.434710958540356e-9
0.1884918477404122	4.443554794502488e-9
0.19013430697911424	4.45247199720448e-9
0.1917849785140098	4.461463366982807e-9
0.19344390340657974	4.4705297155546556e-9
0.19511112292361268	4.4796718662204335e-9
0.1967866785382308	4.488890654069884e-9
0.19847061193092203	4.498186926193518e-9
0.20016296499057665	4.507561541897475e-9
0.20186377981552947	4.517015372924397e-9
0.2035730987146071	4.526549303677563e-9
0.20529096420818022	4.53616423145097e-9
0.20701741902922113	4.545861066664146e-9
0.20875250612436722	4.555640733102052e-9
0.210496268654989	4.5655041681599365e-9
0.21224874999826396	4.5754523230944375e-9
0.21400999374825516	4.585486163279117e-9
0.21578004371699644	4.5956066684668045e-9
0.21755894393558148	4.605814833056933e-9
0.2193467386552594	4.616111666368926e-9
0.22114347234853576	4.626498192922436e-9
0.22294918971027836	4.636975452723048e-9
0.2247639356588297	4.6475445015550715e-9
0.2265877553371239	4.658206411280351e-9
0.2284206941138094	4.668962270144428e-9
0.23026279758437848	4.67981318308946e-9
0.23211411157230027	4.690760272074731e-9
0.23397468213016168	4.701804676403401e-9
0.23584455554081238	4.712947553058323e-9
0.23772377831851643	4.724190077044647e-9
0.23961239721010893	4.735533441740608e-9
0.24151045919615952	4.746978859256486e-9
0.24341801149214037	4.7585275608028975e-9
0.24533510154960114	4.770180797065637e-9
0.24726177705734917	4.781939838591976e-9
0.24919808594263576	4.793805976184112e-9
0.251144076372349	4.805780521303172e-9
0.2530997967542107	4.817864806482427e-9
0.2550652957379817	4.830060185750572e-9
0.2570406222166717	4.8423680350646886e-9
0.2590258253277551	4.8547897527547996e-9
0.26102095445439405	4.867326759978295e-9
0.2630260592266659	4.8799805011859595e-9
0.2650411895227993	4.8927524445988845e-9
0.2670663954704134	4.905644082698062e-9
0.26910172744776534	4.918656932724934e-9
0.27114723608500396	4.931792537195477e-9
0.27320297226542917	4.945052464425743e-9
0.27526898712675635	4.958438309072444e-9
0.27734533206239	4.971951692685541e-9
0.2794320587227019	4.985594264274852e-9
0.2815292190163153	4.999367700892401e-9
0.2836368651113967	5.013273708227798e-9
0.28575504943695385	5.027314021220482e-9
0.28788382468413853	5.041490404686409e-9
0.29002324380755934	5.055804653961163e-9
0.29217336002659705	5.07025859556064e-9
0.29433422682673016	5.0848540878576805e-9
0.29650589796086374	5.099593021777161e-9
0.29868842745066804	5.1144773215086955e-9
0.30088186958792124	5.129508945238844e-9
0.3030862789358609	5.144689885902025e-9
0.30530171033054027	5.160022171951734e-9
0.307528218882193	5.175507868152655e-9
0.30976585997660405	5.191149076392909e-9
0.312014689276487	5.206947936519479e-9
0.31427476272286925	5.222906627195281e-9
0.3165461365364837	5.2390273667800166e-9
0.3188288672191662	5.255312414234889e-9
0.32112301155526213	5.2717640700522585e-9
0.32342862661303834	5.288384677210454e-9
0.3257457697461036	5.30517662215547e-9
0.32807449859483384	5.322142335810186e-9
0.3304148710878078	5.339284294610657e-9
0.33276694544324686	5.356605021572776e-9
0.33513078017046305	5.374107087388148e-9
0.33750643407131514	5.391793111551355e-9
0.3398939662416715	5.409665763518933e-9
0.3422934360728799	5.427727763902085e-9
0.34470490325324404	5.445981885692589e-9
0.3471284277695101	5.464430955525738e-9
0.34956406990835764	5.483077854977906e-9
0.3520118902578995	5.501925521903761e-9
0.354471949709189	5.5209769518109245e-9
0.3569443094577349	5.540235199276549e-9
0.3594290310050235	5.5597033794045515e-9
0.3619261761600484	5.579384669327514e-9
0.3644358070408486	5.599282309751493e-9
0.36695798607605284	5.619399606549042e-9
0.36949277600643327	5.639739932399314e-9
0.37204023988646523	5.660306728477639e-9
0.3746004410858973	5.681103506197351e-9
0.3771734432913268	5.7021338490042805e-9
0.3797593105077832	5.723401414226564e-9
0.3823581070603219	5.744909934981861e-9
0.38496989759562367	5.766663222143688e-9
0.3875947470836016	5.788665166368899e-9
0.3902327208190196	5.810919740189599e-9
0.3928838844231145	5.833431000170124e-9
0.39554830384522993	5.8562030891333e-9
0.3982260453644561	5.879240238456694e-9
0.4009171755912785	5.902546770444157e-9
0.40362176146923495	5.926127100771497e-9
0.40633987027658097	5.94998574101409e-9
0.4090715696279639	5.974127301254161e-9
0.4118169274761037	5.998556492775662e-9
0.4145760121134843	6.023278130846588e-9
0.4173488921740515	6.0482971375940165e-9
0.4201356366349219	6.073618544974758e-9
0.42293631481809635	6.09924749784549e-9
0.4257509963921868	6.125189257136064e-9
0.42857975137414767	6.151449203130871e-9
0.43142265013101855	6.178032838861167e-9
0.43427976338167373	6.204945793613964e-9
0.43715116219858224	6.232193826562003e-9
0.44003691800957523	6.259782830518771e-9
0.44293710259962304	6.287718835825544e-9
0.4458517881126211	6.316008014372635e-9
0.44878104705318417	6.34465668376464e-9
0.45172495228844983	6.373671311631914e-9
0.45468357704989204	6.403058520096243e-9
0.4576569949351413	6.4328250903964e-9
0.46064527990981685	6.462977967680834e-9
0.4636485063093658	6.4935242659750065e-9
0.4666667488409128	6.524471273328581e-9
0.4697000825851173	6.555826457153346e-9
0.4727485829980427	6.58759746975723e-9
0.47581232591303285	6.619792154084973e-9
0.478891387542598	6.652418549673749e-9
0.48198584448031084	6.685484898831734e-9
0.4850957737027124	6.718999653052885e-9
0.48822125257122595	6.752971479673989e-9
0.49136235883408197	6.7874092687893385e-9
0.4945191706282523	6.822322140431299e-9
0.4976917664813935	6.8577194520296e-9
0.5008802253138004	6.893610806163676e-9
0.5040846264403696	6.930006058619359e-9
0.5073050495725715	6.966915326764738e-9
0.5105415748204343	7.004348998260618e-9
0.5137942826945365	7.042317740120171e-9
0.517063254108009	7.0808325081362356e-9
0.5203485703785492	7.1199045566900924e-9
0.5236503132304419	7.159545448963608e-9
0.5269685647965939	7.19976706757225e-9
0.5303034076205766	7.2405816256394465e-9
0.5336549246586795	7.282001678334564e-9
0.5370231992819728	7.324040134895743e-9
0.5404083152783826	7.366710271163401e-9
0.5438103568547747	7.4100257426485e-9
0.5472294086390483	7.454000598163115e-9
0.5506655556822436	7.49864929403996e-9
0.5541188834606549	7.543986708974061e-9
0.5575894778779582	7.590028159514837e-9
0.5610774252673477	7.636789416244558e-9
0.5645828123936844	7.684286720677633e-9
0.5681057264556525	7.732536802918634e-9
0.5716462550879309	7.781556900118842e-9
0.5752044863633705	7.831364775774743e-9
0.5787805087951873	7.88197873991176e-9
0.5823744113391631	7.933417670202304e-9
0.5859862833958588	7.985701034067372e-9
0.5896162148128381	8.038848911818012e-9
0.5932642958869024	8.092882020889846e-9
0.5969306173663369	8.147821741236334e-9
0.6006152704531684	8.203690141941001e-9
0.6043183468054344	8.260510009120402e-9
0.6080399385394615	8.318304875189164e-9
0.6117801382321587	8.377099049566847e-9
0.6155390389233192	8.436917650908548e-9
0.6193167341179359	8.49778664094821e-9
0.6231133177885255	8.559732860049742e-9
0.6269288843774683	8.622784064565968e-9
0.6307635287993556	8.686968966113721e-9
0.6346173464433522	8.752317272881563e-9
0.6384904331755688	8.81885973308932e-9
0.6423828853414466	8.88662818073682e-9
0.6462947997681537	8.955655583776484e-9
0.6502262737669944	9.025976094866871e-9
0.6541774051358293	9.097625104861873e-9
0.6581482921615082	9.170639299215974e-9
0.6621390336223156	9.245056717485808e-9
0.6661497287904271	9.320916816130058e-9
0.6701804774343789	9.398260534820101e-9
0.6742313798215507	9.477130366493075e-9
0.6783025367206585	9.557570431394254e-9
0.682394049404262	9.639626555372505e-9
0.6865060196512833	9.723346352718115e-9
0.6906385497495399	9.808779313849996e-9
0.6947917424982876	9.895976898184113e-9
0.6989657012107791	9.984992632542523e-9
0.7031605297168331	1.0075882215490897e-8
0.7073763323654171	1.0168703628020409e-8
0.7116132140272443	1.0263517251029344e-8
0.7158712800973803	1.0360385990089035e-8
0.7201506364978669	1.0459375408029196e-8
0.724451389680356	1.0560553865912692e-8
0.7287736466287575	1.066399267302525e-8
0.7331175148619014	1.0769766246552873e-8
0.737483102436211	1.0877952281686234e-8
0.7418705179483918	1.098863193294838e-8
0.7462798705381338	1.1101890007618718e-8
0.7507112698908246	1.1217815172200138e-8
0.7551648262402787	1.1336500172968201e-8
0.7596406503714802	1.1458042071735633e-8
0.7641388536233378	1.1582542498068679e-8
0.7686595478914543	1.1710107919318709e-8
0.7732028456309116	1.1840849929959215e-8
0.777768859859066	1.197488556186444e-8
0.7823577041583611	1.2112337617344649e-8
0.7869694926791531	1.2253335026924818e-8
0.7916043401425489	1.2398013234070946e-8
0.7962623618432616	1.2546514609309592e-8
0.8009436736524779	1.2698988896450045e-8
0.8056483920207402	1.2855593693928275e-8
0.8103766339808439	1.3016494974641878e-8
0.8151285171507483	1.318186764805077e-8
0.8199041597365018	1.33518961687738e-8
0.8247036805351844	1.3526775196456235e-8
0.8295271989378604	1.3706710312293256e-8
0.8343748349325497	1.3891918798329835e-8
0.8392467091072124	1.408263048649415e-8
0.8441429426527486	1.4279088685328185e-8
0.8490636573660123	1.4481551193549647e-8
0.8540089756528424	1.4690291410983713e-8
0.8589790205311068	1.4905599559072347e-8
0.8639739156337622	1.512778402515745e-8
0.868973915633762	1.5356252549013113e-8
0.8739739156337618	1.559102839882945e-8
0.8789739156337616	1.583237274461687e-8
0.8839739156337615	1.608056166542489e-8
0.8889739156337613	1.633588733007902e-8
0.893973915633761	1.6598659311238103e-8
0.8989739156337608	1.686920605433177e-8
0.9039739156337606	1.7147876526112624e-8
0.9089739156337604	1.743504207224024e-8
0.9139739156337602	1.7731098518978066e-8
0.91897391563376	1.8036468560888962e-8
0.9239739156337599	1.8351604484652017e-8
0.9289739156337596	1.8676991289056776e-8
0.9339739156337594	1.9013150273210078e-8
0.9389739156337592	1.9360643179507953e-8
0.943973915633759	1.972007699543013e-8
0.9489739156337588	2.009210953942894e-8
0.9539739156337586	2.0477455981800063e-8
0.9589739156337583	2.087689648246372e-8
0.9639739156337582	2.1291285165106468e-8
0.968973915633758	2.1721560692574646e-8
0.9739739156337578	2.216875876339707e-8
0.9789739156337576	2.263402691588124e-8
0.9839739156337574	2.311864210678442e-8
0.9889739156337571	2.3624031629098583e-8
0.9939739156337569	2.4151798051511626e-8
0.9989739156337567	2.470374900495394e-8
1.0039739156337566	2.528193281450102e-8
1.0089739156337563	2.5888681184040383e-8
1.0139739156337562	2.6526660394099864e-8
1.0189739156337558	2.719893277921891e-8
1.0239739156337557	2.7909030621224067e-8
1.0289739156337556	2.866104504202934e-8
1.0339739156337553	2.9459733020088063e-8
1.0389739156337552	3.031064630767499e-8
1.0439739156337549	3.122028681485951e-8
1.0489739156337547	3.2196293978254335e-8
1.0539739156337544	3.324767078183061e-8
1.0589739156337543	3.438505648343056e-8
1.0639739156337542	3.562105577234954e-8
1.0689739156337539	3.697063609825884e-8
1.0739739156337538	3.8451607339041325e-8
1.0789739156337534	4.008520089776169e-8
1.0839739156337533	4.1896768835986235e-8
1.088973915633753	4.391662788045193e-8
1.093973915633753	4.6181078223943157e-8
1.0989739156337526	4.873363314741219e-8
1.1039739156337525	5.162650281936368e-8
1.1089739156337524	5.492238441850225e-8
1.113973915633752	5.869662125931378e-8
1.118973915633752	6.303980621278858e-8
1.1239739156337516	6.806091980218284e-8
1.1289739156337515	7.389111138488121e-8
1.1339739156337512	8.068825335729221e-8
1.138973915633751	8.864242398913771e-8
1.143973915633751	9.798250506616909e-8
1.1489739156337506	1.0898411688442667e-7
1.1539739156337505	1.219791563273157e-7
1.1589739156337502	1.373672549625071e-7
1.16397391563375	1.5562953468648437e-7
1.1689739156337497	1.7734510996583877e-7
1.1739739156337496	2.0321086988671759e-7
1.1789739156337493	2.34065171853885e-7
1.1839739156337492	2.709161937164101e-7
1.187980436725312	3.055811939084207e-7
1.1919869578168745	3.456051046131204e-7
1.1959934789084372	3.9183809407070905e-7
1.2	4.4526487485886934e-7
