0.0006999999999999628	7.844581036913165e-12
0.001403500000000035	7.859996952458603e-12
0.0021105174999999296	7.875527029122933e-12
0.0028210700874998964	7.891171004719966e-12
0.003535175437937438	7.906929909364835e-12
0.004252851315127062	7.922804800021247e-12
0.004974115571702636	7.938796745039213e-12
0.005698986149561044	7.954906824314558e-12
0.006427481080308875	7.971136129580406e-12
0.007159618485710418	7.987485764663713e-12
0.007895416578138905	8.003956845722455e-12
0.008634893661029494	8.020550501471623e-12
0.00937806812933463	8.037267873399692e-12
0.010124958469981361	8.054110115983645e-12
0.010875583262331262	8.071078396900473e-12
0.01162996117864295	8.08817389723738e-12
0.012388110984536127	8.105397811702558e-12
0.013150051539458866	8.122751348835282e-12
0.013915801797156208	8.14023573121819e-12
0.014685380806142003	8.157852195690173e-12
0.015458807710172712	8.175601993562325e-12
0.01623610174872358	8.193486390834166e-12
0.017017282257467212	8.211506668413075e-12
0.017802368668754516	8.229664122337331e-12
0.01859138051209827	8.24796006400006e-12
0.019384337414658823	8.266395820377358e-12
0.020181259101732015	8.284972734259006e-12
0.020982165397240727	8.303692164483241e-12
0.02178707622422691	8.322555486173392e-12
0.02259601160534814	8.34156409098077e-12
0.02340899166337483	8.360719387327242e-12
0.024226036621691812	8.38002280065576e-12
0.02504716680480027	8.399475773682227e-12
0.025872402638824326	8.419079766652374e-12
0.02670176465201842	8.438836257602156e-12
0.02753527347527842	8.458746742623868e-12
0.028372949842654864	8.478812736134308e-12
0.0292148145918682	8.499035771149988e-12
0.03006088866482743	8.519417399564954e-12
0.03091119310815165	8.539959192434255e-12
0.0317657490736924	8.56066274026228e-12
0.03262457781906081	8.581529653295855e-12
0.03348770070815601	8.602561561821573e-12
0.034355139211696875	8.62376011647061e-12
0.035226914907755424	8.645126988526083e-12
0.03610304948229413	8.666663870237314e-12
0.03698356472970569	8.688372475138976e-12
0.03786848255335419	8.71025453837672e-12
0.038757824966120964	8.732311817038113e-12
0.03965161409095162	8.75454609048791e-12
0.04054987216140643	8.77695916071288e-12
0.04145262152221345	8.79955285266876e-12
0.04235988462982453	8.822329014636481e-12
0.04327168405297366	8.84528951858223e-12
0.0441880424732386	8.868436260527548e-12
0.04510898268560485	8.891771160921493e-12
0.046034527599032954	8.915296165023749e-12
0.04696470023702812	8.93901324329188e-12
0.04789952373821329	8.962924391777425e-12
0.048839021356904266	8.987031632528451e-12
0.04978321646368884	9.011337013998815e-12
0.05073213254600732	9.035842611466301e-12
0.05168579320873729	9.060550527458585e-12
0.052644222174780875	9.085462892184642e-12
0.05360744328565471	9.110581863977302e-12
0.054575480502083065	9.13590962974193e-12
0.055548357904593434	9.161448405414642e-12
0.056526099694116344	9.18720043642803e-12
0.0575087301925869	9.213167998186787e-12
0.05849627384354973	9.239353396550854e-12
0.05948875521276744	9.265758968329558e-12
0.06048619898883127	9.292387081783102e-12
0.061488629983775384	9.319240137135253e-12
0.06249607313369419	9.346320567094504e-12
0.06350855349936275	9.373630837385985e-12
0.06452609626685958	9.401173447292565e-12
0.06554872674819387	9.428950930208263e-12
0.06657647038193484	9.456965854200474e-12
0.06760935273384447	9.485220822582349e-12
0.06864739949751365	9.513718474499701e-12
0.0696906364950013	9.542461485525432e-12
0.07073908967747639	9.571452568267646e-12
0.07179278512586384	9.60069447298908e-12
0.07285174905149322	9.630189988239091e-12
0.0739160077967507	9.659941941496909e-12
0.07498558783573436	9.689953199828471e-12
0.07606051577491299	9.720226670555944e-12
0.07714081835378758	9.750765301940714e-12
0.07822652244555647	9.781572083879258e-12
0.07931765505778425	9.81265004861434e-12
0.0804142433330731	9.844002271456936e-12
0.08151631454973848	9.875631871527763e-12
0.08262389612248718	9.907542012508744e-12
0.0837370156030995	9.939735903413213e-12
0.0848557006811149	9.972216799368453e-12
0.0859799791845205	1.000498800241705e-11
0.08710987908044313	1.0038052862332462e-11
0.08824542847584534	1.0071414777453247e-11
0.08938665561822454	1.0105077195530142e-11
0.09053358889631567	1.0139043614595614e-11
0.09168625684079722	1.0173317583848125e-11
0.09284468812500112	1.020790270455468e-11
0.09400891156562617	1.0242802630973488e-11
0.0951789561234543	1.027802107129422e-11
0.09635485090407148	1.031356178859905e-11
0.09753662515859184	1.0349428601841932e-11
0.0987243082843847	1.038562538685082e-11
0.09991792982580656	1.0422156077347543e-11
0.10111751947493569	1.0459024665992929e-11
0.10232310707231031	1.0496235205450675e-11
0.1035347226076718	1.053379180947575e-11
0.10475239622071016	1.0571698654023832e-11
0.10597615820181366	1.0609959978387535e-11
0.10720603899282274	1.0648580086352765e-11
0.10844206918778684	1.0687563347383875e-11
0.10968427953372567	1.07269141978301e-11
0.1109327009313943	1.0766637142161946e-11
0.11218736443605135	1.0806736754231498e-11
0.11344830125823162	1.0847217678560357e-11
0.11471554276452282	1.088808463165704e-11
0.11598912047834534	1.0929342403361083e-11
0.11726906608073695	1.0970995858218222e-11
0.11855541141114062	1.1013049936884184e-11
0.11984818846819621	1.1055509657560191e-11
0.12114742941053713	1.1098380117460149e-11
0.12245316655758978	1.1141666494309234e-11
0.1237654323903777	1.1185374047877683e-11
0.12508425955232963	1.1229508121546593e-11
0.12640968085009122	1.1274074143909477e-11
0.1277417292543416	1.1319077630410436e-11
0.1290804379006133	1.1364524185017257e-11
0.13042584009011637	1.1410419501934636e-11
0.1317779692905669	1.1456769367353788e-11
0.13313685913701961	1.1503579661243368e-11
0.13450254343270476	1.1550856359179495e-11
0.13587505614986833	1.1598605534219559e-11
0.13725443143061763	1.1646833358817179e-11
0.13864070358777073	1.1695546106781857e-11
0.14003390710570945	1.174475015528403e-11
0.14143407664123803	1.1794451986905376e-11
0.1428412470244442	1.1844658191737712e-11
0.1442554532595664	1.189537546953048e-11
0.14567673052586416	1.1946610631888738e-11
0.1471051141784935	1.1998370604519691e-11
0.14854063974938603	1.2050662429537746e-11
0.149983342948133	1.2103493267818444e-11
0.15143325966287374	1.2156870401409667e-11
0.15289042596118813	1.2210801236002134e-11
0.15435487809099402	1.2265293303455715e-11
0.15582665248144906	1.2320354264387724e-11
0.1573057857438562	1.2375991910823031e-11
0.15879231467257537	1.2432214168908621e-11
0.16028627624593816	1.2489029101690359e-11
0.16178770762716785	1.2546444911961834e-11
0.16329664616530362	1.2604469945178512e-11
0.16481312939613008	1.266311269244466e-11
0.1663371950431107	1.2722381793574055e-11
0.16786888101832628	1.2782286040222252e-11
0.1694082254234178	1.2842834379100883e-11
0.1709552665505349	1.2904035915267315e-11
0.17251004288328747	1.2965899915498909e-11
0.17407259309770393	1.3028435811748373e-11
0.17564295606319252	1.3091653204687476e-11
0.17722117084350858	1.315556186733957e-11
0.17880727669772617	1.3220171748801284e-11
0.18040131308121476	1.3285492978060612e-11
0.18200331964662084	1.335153586791122e-11
0.18361333624485401	1.3418310918963771e-11
0.18523140292607826	1.3485828823763926e-11
0.18685755994070874	1.3554100471011174e-11
0.1884918477404122	1.3623136949889669e-11
0.19013430697911424	1.3692949554508483e-11
0.1917849785140098	1.3763549788456971e-11
0.19344390340657974	1.3834949369480265e-11
0.19511112292361268	1.3907160234273805e-11
0.1967866785382308	1.3980194543406706e-11
0.19847061193092203	1.4054064686370099e-11
0.20016296499057665	1.4128783286762013e-11
0.20186377981552947	1.4204363207608627e-11
0.2035730987146071	1.4280817556825613e-11
0.20529096420818022	1.4358159692826333e-11
0.20701741902922113	1.4436403230279415e-11
0.20875250612436722	1.451556204601925e-11
0.210496268654989	1.4595650285121127e-11
0.21224874999826396	1.4676682367133506e-11
0.21400999374825516	1.475867299248411e-11
0.21578004371699644	1.4841637149061386e-11
0.21755894393558148	1.4925590118970687e-11
0.2193467386552594	1.501054748548354e-11
0.22114347234853576	1.5096525140171166e-11
0.22294918971027836	1.5183539290240323e-11
0.2247639356588297	1.5271606466072156e-11
0.2265877553371239	1.5360743528969108e-11
0.2284206941138094	1.5450967679121472e-11
0.23026279758437848	1.5542296463796382e-11
0.23211411157230027	1.5634747785758053e-11
0.23397468213016168	1.5728339911927355e-11
0.23584455554081238	1.5823091482287415e-11
0.23772377831851643	1.5919021519042802e-11
0.23961239721010893	1.6016149436044008e-11
0.24151045919615952	1.611449504847732e-11
0.24341801149214037	1.6214078582844837e-11
0.24533510154960114	1.6314920687221985e-11
0.24726177705734917	1.6417042441824095e-11
0.24919808594263576	1.6520465369879897e-11
0.251144076372349	1.6625211448816623e-11
0.2530997967542107	1.6731303121787627e-11
0.2550652957379817	1.683876330953359e-11
0.2570406222166717	1.6947615422598484e-11
0.2590258253277551	1.7057883373909214e-11
0.26102095445439405	1.7169591591735235e-11
0.2630260592266659	1.7282765033039368e-11
0.2650411895227993	1.7397429197225887e-11
0.2670663954704134	1.751361014031566e-11
0.26910172744776534	1.763133448954587e-11
0.27114723608500396	1.7750629458422747e-11
0.27320297226542917	1.7871522862233776e-11
0.27526898712675635	1.799404313404148e-11
0.27734533206239	1.8118219341173313e-11
0.2794320587227019	1.824408120222496e-11
0.2815292190163153	1.8371659104596628e-11
0.2836368651113967	1.850098412258101e-11
0.28575504943695385	1.8632088036023675e-11
0.28788382468413853	1.8765003349571636e-11
0.29002324380755934	1.8899763312540336e-11
0.29217336002659705	1.9036401939415192e-11
0.29433422682673016	1.9174954031009118e-11
0.29650589796086374	1.9315455196307638e-11
0.29868842745066804	1.945794187502231e-11
0.30088186958792124	1.9602451360877086e-11
0.3030862789358609	1.9749021825657977e-11
0.30530171033054027	1.9897692344056395e-11
0.307528218882193	2.0048502919330345e-11
0.30976585997660405	2.02014945098178e-11
0.312014689276487	2.0356709056338203e-11
0.31427476272286925	2.0514189510507113e-11
0.3165461365364837	2.0673979864006413e-11
0.3188288672191662	2.083612517884709e-11
0.32112301155526213	2.1000671618656657e-11
0.32342862661303834	2.1167666481037004e-11
0.3257457697461036	2.13371582310314e-11
0.32807449859483384	2.1509196535749027e-11
0.3304148710878078	2.1683832300181545e-11
0.33276694544324686	2.1861117704277168e-11
0.33513078017046305	2.20411062413e-11
0.33750643407131514	2.2223852757550348e-11
0.3398939662416715	2.2409413493473882e-11
0.3422934360728799	2.2597846126244023e-11
0.34470490325324404	2.2789209813854428e-11
0.3471284277695101	2.2983565240797683e-11
0.34956406990835764	2.3180974665383963e-11
0.3520118902578995	2.33815019687849e-11
0.354471949709189	2.3585212705846272e-11
0.3569443094577349	2.3792174157776502e-11
0.3594290310050235	2.4002455386760942e-11
0.3619261761600484	2.4216127292599556e-11
0.3644358070408486	2.4433262671450423e-11
0.36695798607605284	2.4653936276763506e-11
0.36949277600643327	2.487822488250414e-11
0.37204023988646523	2.5106207348762296e-11
0.3746004410858973	2.5337964689851568e-11
0.3771734432913268	2.5573580145004646e-11
0.3797593105077832	2.581313925177977e-11
0.3823581070603219	2.6056729922296448e-11
0.38496989759562367	2.6304442522427675e-11
0.3875947470836016	2.6556369954075196e-11
0.3902327208190196	2.68126077406716e-11
0.3928838844231145	2.707325411604787e-11
0.39554830384522993	2.7338410116822213e-11
0.3982260453644561	2.7608179678469695e-11
0.4009171755912785	2.7882669735236548e-11
0.40362176146923495	2.8161990324081846e-11
0.40633987027658097	2.84462546928283e-11
0.4090715696279639	2.8735579412716493e-11
0.4118169274761037	2.9030084495571623e-11
0.4145760121134843	2.932989351579474e-11
0.4173488921740515	2.9635133737412454e-11
0.4201356366349219	2.994593624641657e-11
0.42293631481809635	3.026243608865538e-11
0.4257509963921868	3.058477241353292e-11
0.42857975137414767	3.0913088623809844e-11
0.43142265013101855	3.124753253178943e-11
0.43427976338167373	3.15882565222037e-11
0.43715116219858224	3.1935417722139686e-11
0.44003691800957523	3.2289178178337784e-11
0.44293710259962304	3.264970504224259e-11
0.4458517881126211	3.301717076318249e-11
0.44878104705318417	3.339175329009849e-11
0.45172495228844983	3.3773636282247766e-11
0.45468357704989204	3.4163009329344236e-11
0.4576569949351413	3.4560068181610627e-11
0.46064527990981685	3.4965014990270774e-11
0.4636485063093658	3.537805855900704e-11
0.4666667488409128	3.579941460696889e-11
0.4697000825851173	3.622930604392775e-11
0.4727485829980427	3.666796325823669e-11
0.47581232591303285	3.7115624418260113e-11
0.478891387542598	3.7572535788008785e-11
0.48198584448031084	3.803895205774516e-11
0.4850957737027124	3.8515136690362054e-11
0.48822125257122595	3.9001362284411435e-11
0.49136235883408197	3.949791095469054e-11
0.4945191706282523	4.000507473135716e-11
0.4976917664813935	4.0523155978623694e-11
0.5008802253138004	4.105246783410467e-11
0.5040846264403696	4.1593334670008025e-11
0.5073050495725715	4.214609257740361e-11
0.5105415748204343	4.271108987488858e-11
0.5137942826945365	4.3288687643073645e-11
0.517063254108009	4.387926028637526e-11
0.5203485703785492	4.448319612371873e-11
0.5236503132304419	4.51008980098644e-11
0.5269685647965939	4.5732783989166666e-11
0.5303034076205766	4.6379287983703846e-11
0.5336549246586795	4.7040860517866994e-11
0.5370231992819728	4.771796948160396e-11
0.5404083152783826	4.8411100934689476e-11
0.5438103568547747	4.912075995454849e-11
0.5472294086390483	4.9847471530344525e-11
0.5506655556822436	5.059178150620976e-11
0.5541188834606549	5.135425757673155e-11
0.5575894778779582	5.213549033800278e-11
0.5610774252673477	5.293609439779925e-11
0.5645828123936844	5.3756709548702605e-11
0.5681057264556525	5.459800200824014e-11
0.5716462550879309	5.546066573046336e-11
0.5752044863633705	5.6345423793668727e-11
0.5787805087951873	5.725302986932661e-11
0.5823744113391631	5.818426977768265e-11
0.5859862833958588	5.913996313590433e-11
0.5896162148128381	6.012096510506755e-11
0.5932642958869024	6.112816824281639e-11
0.5969306173663369	6.216250446901635e-11
0.6006152704531684	6.322494715231326e-11
0.6043183468054344	6.431651332615869e-11
0.6080399385394615	6.543826604349894e-11
0.6117801382321587	6.659131688012513e-11
0.6155390389233192	6.777682859745709e-11
0.6193167341179359	6.899601797644e-11
0.6231133177885255	7.025015883518934e-11
0.6269288843774683	7.154058524409768e-11
0.6307635287993556	7.286869495327684e-11
0.6346173464433522	7.42359530484697e-11
0.6384904331755688	7.564389585296966e-11
0.6423828853414466	7.709413509463312e-11
0.6462947997681537	7.858836235874092e-11
0.6502262737669944	8.012835384932201e-11
0.6541774051358293	8.171597548360816e-11
0.6581482921615082	8.335318834654266e-11
0.6621390336223156	8.504205453473157e-11
0.6661497287904271	8.678474342202034e-11
0.6701804774343789	8.858353838190181e-11
0.6742313798215507	9.044084400532991e-11
0.6783025367206585	9.235919385629566e-11
0.682394049404262	9.434125881169702e-11
0.6865060196512833	9.638985603661323e-11
0.6906385497495399	9.85079586513732e-11
0.6947917424982876	1.0069870615251554e-10
0.6989657012107791	1.0296541565625673e-10
0.7031605297168331	1.0531159404033294e-10
0.7073763323654171	1.0774095106822956e-10
0.7116132140272443	1.1025741358901462e-10
0.7158712800973803	1.1286514091629136e-10
0.7201506364978669	1.1556854150155077e-10
0.724451389680356	1.183722910303705e-10
0.7287736466287575	1.212813520850041e-10
0.7331175148619014	1.24300995533941e-10
0.737483102436211	1.2743682382856783e-10
0.7418705179483918	1.3069479640930382e-10
0.7462798705381338	1.3408125744913277e-10
0.7507112698908246	1.3760296619185755e-10
0.7551648262402787	1.4126713017609755e-10
0.7596406503714802	1.4508144167519688e-10
0.7641388536233378	1.4905411772846763e-10
0.7686595478914543	1.5319394419168537e-10
0.7732028456309116	1.5751032429599706e-10
0.777768859859066	1.6201333227608161e-10
0.7823577041583611	1.667137727120855e-10
0.7869694926791531	1.716232463285571e-10
0.7916043401425489	1.7675422310970684e-10
0.7962623618432616	1.8212012372775478e-10
0.8009436736524779	1.8773541044398236e-10
0.8056483920207402	1.9361568883589953e-10
0.8103766339808439	1.9977782193501152e-10
0.8151285171507483	2.0624005863616028e-10
0.8199041597365018	2.1302217857105753e-10
0.8247036805351844	2.201456560376481e-10
0.8295271989378604	2.2763384605835204e-10
0.8343748349325497	2.3551219622247813e-10
0.8392467091072124	2.438084886743144e-10
0.8441429426527486	2.5255311746734467e-10
0.8490636573660123	2.6177940755179226e-10
0.8540089756528424	2.7152398294233666e-10
0.8589790205311068	2.8182719318007957e-10
0.8639739156337622	2.927336091275088e-10
0.868973915633762	3.0424561166166517e-10
0.8739739156337618	3.1639703913268273e-10
0.8789739156337616	3.292371846709686e-10
0.8839739156337615	3.428205622711016e-10
0.8889739156337613	3.5720763195308265e-10
0.893973915633761	3.724656463453423e-10
0.8989739156337608	3.8866964137044395e-10
0.9039739156337606	4.0590359817675504e-10
0.9089739156337604	4.242618088491751e-10
0.9139739156337602	4.4385048492122486e-10
0.91897391563376	4.64789655525066e-10
0.9239739156337599	4.872154114317141e-10
0.9289739156337596	5.112825625784996e-10
0.9339739156337594	5.371677903573039e-10
0.9389739156337592	5.650733924252675e-10
0.943973915633759	5.952317376825306e-10
0.9489739156337588	6.279105730415168e-10
0.9539739156337586	6.634193525369765e-10
0.9589739156337583	7.02116794218573e-10
0.9639739156337582	7.444199123610231e-10
0.968973915633758	7.908148233101113e-10
0.9739739156337578	8.418696845469144e-10
0.9789739156337576	8.982502004615337e-10
0.9839739156337574	9.607382174809373e-10
0.9889739156337571	1.0302540387294688e-9
0.9939739156337569	1.1078832180841293e-9
0.9989739156337567	1.1949087498533818e-9
1.0039739156337566	1.2928497588072462e-9
1.0089739156337563	1.4035080224578147e-9
1.0139739156337562	1.5290239311787765e-9
1.0189739156337558	1.6719438213638961e-9
1.0239739156337557	1.8353010136088488e-9
1.0289739156337556	2.0227133653108697e-9
1.0339739156337553	2.238500721165887e-9
1.0389739156337552	2.487826334931719e-9
1.0439739156337549	2.776867164248507e-9
1.0489739156337547	3.1130189342453296e-9
1.0539739156337544	3.505143057016444e-9
1.0589739156337543	3.963863920470998e-9
1.0639739156337542	4.501926765781208e-9
1.0689739156337539	5.134628409485551e-9
1.0739739156337538	5.8803354945877976e-9
1.0789739156337534	6.761107844689937e-9
1.0839739156337533	7.803447926872136e-9
1.088973915633753	9.03920149474376e-9
1.093973915633753	1.0506639287244387e-8
1.0989739156337526	1.2251755318348485e-8
1.1039739156337525	1.4329823937532078e-8
1.1089739156337524	1.6807265612144697e-8
1.113973915633752	1.9763880432340974e-8
1.118973915633752	2.3295518825705952e-8
1.1239739156337516	2.7517271053485073e-8
1.1289739156337515	3.256727090088464e-8
1.1339739156337512	3.861122471462187e-8
1.138973915633751	4.5847794701867946e-8
1.143973915633751	5.451498526515615e-8
1.1489739156337506	6.48977031261615e-8
1.1539739156337505	7.733668601577256e-8
1.1589739156337502	9.223902057570876e-8
1.16397391563375	1.1009049743240776e-7
1.1689739156337497	1.3147007948257407e-7
1.1739739156337496	1.5706678715241713e-7
1.1789739156337493	1.8769932998081608e-7
1.1839739156337492	2.2433883457589202e-7
1.187980436725312	2.5880106684403203e-7
1.1919869578168745	2.9854157410363836e-7
1.1959934789084372	3.4434371378022184e-7
1.2	3.971005316527741e-7
