0.0006999999999999628	2.2054451550761682e-7
0.001403500000000035	2.2069223825869397e-7
0.0021105174999999296	2.2084090759975083e-7
0.0028210700874998964	2.2099052745431525e-7
0.003535175437937438	2.2114110503792602e-7
0.004252851315127062	2.2129264767978776e-7
0.004974115571702636	2.214451627802403e-7
0.005698986149561044	2.2159865781091506e-7
0.006427481080308875	2.2175314031551082e-7
0.007159618485710418	2.2190861791061883e-7
0.007895416578138905	2.2206509828654975e-7
0.008634893661029494	2.2222258920821087e-7
0.00937806812933463	2.223810985159718e-7
0.010124958469981361	2.225406341265639e-7
0.010875583262331262	2.227012040340022e-7
0.01162996117864295	2.2286281631049866e-7
0.012388110984536127	2.230254791074127e-7
0.013150051539458866	2.2318920065621147e-7
0.013915801797156208	2.233539892694347e-7
0.014685380806142003	2.235198533416944e-7
0.015458807710172712	2.236868013506786e-7
0.01623610174872358	2.2385484185816012e-7
0.017017282257467212	2.2402398351105147e-7
0.017802368668754516	2.241942350424378e-7
0.01859138051209827	2.2436560527266677e-7
0.019384337414658823	2.2453810311041344e-7
0.020181259101732015	2.2471173755379753e-7
0.020982165397240727	2.248865176914967e-7
0.02178707622422691	2.2506245270388153e-7
0.02259601160534814	2.2523955186416626e-7
0.02340899166337483	2.2541782453959224e-7
0.024226036621691812	2.255972801926078e-7
0.02504716680480027	2.257779283820767e-7
0.025872402638824326	2.2595977876450429e-7
0.02670176465201842	2.2614284109528795e-7
0.02753527347527842	2.263271252299793e-7
0.028372949842654864	2.265126411255723e-7
0.0292148145918682	2.2669939884179704e-7
0.03006088866482743	2.2688740854245743e-7
0.03091119310815165	2.2707668049676478e-7
0.0317657490736924	2.272672250807205e-7
0.03262457781906081	2.274590527784897e-7
0.03348770070815601	2.2765217418381399e-7
0.034355139211696875	2.2784660000145035e-7
0.035226914907755424	2.280423410486252e-7
0.03610304948229413	2.282394082564965e-7
0.03698356472970569	2.2843781267168265e-7
0.03786848255335419	2.2863756545776649e-7
0.038757824966120964	2.2883867789684838e-7
0.03965161409095162	2.2904116139113368e-7
0.04054987216140643	2.2924502746451046e-7
0.04145262152221345	2.2945028776420293e-7
0.04235988462982453	2.2965695406239403e-7
0.04327168405297366	2.2986503825792993e-7
0.0441880424732386	2.3007455237800702e-7
0.04510898268560485	2.302855085799135e-7
0.046034527599032954	2.3049791915279426e-7
0.04696470023702812	2.3071179651944018e-7
0.04789952373821329	2.3092715323809542e-7
0.048839021356904266	2.3114400200432752e-7
0.04978321646368884	2.3136235565289617e-7
0.05073213254600732	2.3158222715966472e-7
0.05168579320873729	2.3180362964354454e-7
0.052644222174780875	2.3202657636848415e-7
0.05360744328565471	2.3225108074544763e-7
0.054575480502083065	2.3247715633448485e-7
0.055548357904593434	2.327048168467967e-7
0.056526099694116344	2.3293407614684907e-7
0.0575087301925869	2.331649482545135e-7
0.05849627384354973	2.3339744734725557e-7
0.05948875521276744	2.3363158776235794e-7
0.06048619898883127	2.3386738399917534e-7
0.061488629983775384	2.3410485072141717e-7
0.06249607313369419	2.343440027595173e-7
0.06350855349936275	2.3458485511297523e-7
0.06452609626685958	2.348274229527846e-7
0.06554872674819387	2.350717216239027e-7
0.06657647038193484	2.3531776664773656e-7
0.06760935273384447	2.355655737246908e-7
0.06864739949751365	2.3581515873675727e-7
0.0696906364950013	2.360665377501538e-7
0.07073908967747639	2.36319727017994e-7
0.07179278512586384	2.3657474298302065e-7
0.07285174905149322	2.3683160228038005e-7
0.0739160077967507	2.3709032174044088e-7
0.07498558783573436	2.373509183916718e-7
0.07606051577491299	2.3761340946356602e-7
0.07714081835378758	2.3787781238961955e-7
0.07822652244555647	2.3814414481035757e-7
0.07931765505778425	2.3841242457641257e-7
0.0804142433330731	2.3868266975168527e-7
0.08151631454973848	2.389548986165144e-7
0.08262389612248718	2.3922912967094996e-7
0.0837370156030995	2.3950538163805365e-7
0.0848557006811149	2.39783673467284e-7
0.0859799791845205	2.4006402433792033e-7
0.08710987908044313	2.4034645366255966e-7
0.08824542847584534	2.4063098109069745e-7
0.08938665561822454	2.409176265123284e-7
0.09053358889631567	2.4120641006165153e-7
0.09168625684079722	2.4149735212084493e-7
0.09284468812500112	2.417904733238795e-7
0.09400891156562617	2.420857945604292e-7
0.0951789561234543	2.423833369798601e-7
0.09635485090407148	2.4268312199525963e-7
0.09753662515859184	2.429851712875846e-7
0.0987243082843847	2.43289506809851e-7
0.09991792982580656	2.435961507914317e-7
0.10111751947493569	2.439051257424176e-7
0.10232310707231031	2.4421645445806716e-7
0.1035347226076718	2.445301600233385e-7
0.10475239622071016	2.448462658175195e-7
0.10597615820181366	2.451647955189288e-7
0.10720603899282274	2.454857731097211e-7
0.10844206918778684	2.4580922288078497e-7
0.10968427953372567	2.4613516943672675e-7
0.1109327009313943	2.4646363770095794e-7
0.11218736443605135	2.4679465292088955e-7
0.11344830125823162	2.471282406732004e-7
0.11471554276452282	2.474644268692511e-7
0.11598912047834534	2.478032377605703e-7
0.11726906608073695	2.4814469994445984e-7
0.11855541141114062	2.4848884036971934e-7
0.11984818846819621	2.488356863424737e-7
0.12114742941053713	2.491852655321214e-7
0.12245316655758978	2.4953760597740994e-7
0.1237654323903777	2.4989273609261527e-7
0.12508425955232963	2.502506846738673e-7
0.12640968085009122	2.5061148090558274e-7
0.1277417292543416	2.5097515436704954e-7
0.1290804379006133	2.513417350391295e-7
0.13042584009011637	2.517112533111001e-7
0.1317779692905669	2.5208373998765416e-7
0.13313685913701961	2.524592262960126e-7
0.13450254343270476	2.5283774389321853e-7
0.13587505614986833	2.5321932487355045e-7
0.13725443143061763	2.5360400177611946e-7
0.13864070358777073	2.539918075925982e-7
0.14003390710570945	2.5438277577514096e-7
0.14143407664123803	2.547769402444328e-7
0.1428412470244442	2.5517433539795204e-7
0.1442554532595664	2.555749961183674e-7
0.14567673052586416	2.5597895778214797e-7
0.1471051141784935	2.5638625626832194e-7
0.14854063974938603	2.567969279674644e-7
0.149983342948133	2.572110097908347e-7
0.15143325966287374	2.576285391797507e-7
0.15289042596118813	2.580495541151283e-7
0.15435487809099402	2.584740931272621e-7
0.15582665248144906	2.589021953057954e-7
0.1573057857438562	2.5933390030991897e-7
0.15879231467257537	2.5976924837879136e-7
0.16028627624593816	2.602082803421922e-7
0.16178770762716785	2.6065103763140684e-7
0.16329664616530362	2.6109756229034275e-7
0.16481312939613008	2.6154789698692547e-7
0.1663371950431107	2.6200208502471423e-7
0.16786888101832628	2.624601703547843e-7
0.1694082254234178	2.6292219758790815e-7
0.1709552665505349	2.6338821200697294e-7
0.17251004288328747	2.6385825957969396e-7
0.17407259309770393	2.643323869716327e-7
0.17564295606319252	2.6481064155947955e-7
0.17722117084350858	2.652930714446852e-7
0.17880727669772617	2.6577972546736165e-7
0.18040131308121476	2.6627065322053493e-7
0.18200331964662084	2.6676590506471625e-7
0.18361333624485401	2.672655321428156e-7
0.18523140292607826	2.6776958639539853e-7
0.18685755994070874	2.6827812057631886e-7
0.1884918477404122	2.687911882687001e-7
0.19013430697911424	2.693088439012901e-7
0.1917849785140098	2.6983114276524645e-7
0.19344390340657974	2.7035814103125904e-7
0.19511112292361268	2.708898957671461e-7
0.1967866785382308	2.7142646495581345e-7
0.19847061193092203	2.7196790751370404e-7
0.20016296499057665	2.7251428330964345e-7
0.20186377981552947	2.7306565318419817e-7
0.2035730987146071	2.7362207896943795e-7
0.20529096420818022	2.7418362350925447e-7
0.20701741902922113	2.747503506801226e-7
0.20875250612436722	2.753223254124241e-7
0.210496268654989	2.7589961371224835e-7
0.21224874999826396	2.764822826837817e-7
0.21400999374825516	2.7707040055224214e-7
0.21578004371699644	2.776640366873802e-7
0.21755894393558148	2.782632616275699e-7
0.2193467386552594	2.7886814710454267e-7
0.22114347234853576	2.7947876606871966e-7
0.22294918971027836	2.80095192715191e-7
0.2247639356588297	2.807175025103787e-7
0.2265877553371239	2.8134577221939697e-7
0.2284206941138094	2.8198007993405993e-7
0.23026279758437848	2.826205051017049e-7
0.23211411157230027	2.832671285546896e-7
0.23397468213016168	2.8392003254072204e-7
0.23584455554081238	2.84579300753938e-7
0.23772377831851643	2.852450183668418e-7
0.23961239721010893	2.859172720630807e-7
0.24151045919615952	2.8659615007107135e-7
0.24341801149214037	2.872817421985651e-7
0.24533510154960114	2.8797413986812093e-7
0.24726177705734917	2.886734361535354e-7
0.24919808594263576	2.8937972581726405e-7
0.251144076372349	2.900931053488812e-7
0.2530997967542107	2.9081367300456914e-7
0.2550652957379817	2.9154152884769497e-7
0.2570406222166717	2.9227677479052814e-7
0.2590258253277551	2.930195146370915e-7
0.26102095445439405	2.937698541272396e-7
0.2630260592266659	2.945279009819327e-7
0.2650411895227993	2.952937649498083e-7
0.2670663954704134	2.9606755785507643e-7
0.26910172744776534	2.968493936467532e-7
0.27114723608500396	2.9763938844931415e-7
0.27320297226542917	2.9843766061479843e-7
0.27526898712675635	2.9924433077641037e-7
0.27734533206239	3.0005952190367114e-7
0.2794320587227019	3.008833593591823e-7
0.2815292190163153	3.0171597095704074e-7
0.2836368651113967	3.025574870229601e-7
0.28575504943695385	3.034080404561861e-7
0.28788382468413853	3.04267766793248e-7
0.29002324380755934	3.051368042735732e-7
0.29217336002659705	3.0601529390710305e-7
0.29433422682673016	3.0690337954392915e-7
0.29650589796086374	3.078012079460398e-7
0.29868842745066804	3.08708928861227e-7
0.30088186958792124	3.0962669509926747e-7
0.3030862789358609	3.1055466261045745e-7
0.30530171033054027	3.114929905665126e-7
0.307528218882193	3.12441841444031e-7
0.30976585997660405	3.134013811105431e-7
0.312014689276487	3.1437177891322584e-7
0.31427476272286925	3.1535320777043514e-7
0.3165461365364837	3.1634584426614126e-7
0.3188288672191662	3.173498687473296e-7
0.32112301155526213	3.1836546542455337e-7
0.32342862661303834	3.193928224756788e-7
0.3257457697461036	3.204321321530317e-7
0.32807449859483384	3.214835908939474e-7
0.3304148710878078	3.2254739943500036e-7
0.33276694544324686	3.2362376292994114e-7
0.33513078017046305	3.247128910715273e-7
0.33750643407131514	3.2581499821739784e-7
0.3398939662416715	3.269303035201511e-7
0.3422934360728799	3.280590310617622e-7
0.34470490325324404	3.2920140999255335e-7
0.3471284277695101	3.303576746748462e-7
0.34956406990835764	3.315280648315351e-7
0.3520118902578995	3.327128256997326e-7
0.354471949709189	3.339122081897066e-7
0.3569443094577349	3.351264690493353e-7
0.3594290310050235	3.3635587103428364e-7
0.3619261761600484	3.3760068308413827e-7
0.3644358070408486	3.3886118050473094e-7
0.36695798607605284	3.40137645156978e-7
0.36949277600643327	3.4143036565237695e-7
0.37204023988646523	3.427396375555659e-7
0.3746004410858973	3.4406576359414196e-7
0.3771734432913268	3.4540905387611304e-7
0.3797593105077832	3.4676982611528354e-7
0.3823581070603219	3.4814840586487606e-7
0.38496989759562367	3.4954512675981635e-7
0.3875947470836016	3.509603307679733e-7
0.3902327208190196	3.523943684507928e-7
0.3928838844231145	3.538475992337568e-7
0.39554830384522993	3.553203916869881e-7
0.3982260453644561	3.5681312381662164e-7
0.4009171755912785	3.583261833672247e-7
0.40362176146923495	3.598599681359351e-7
0.40633987027658097	3.61414886298728e-7
0.4090715696279639	3.629913567493892e-7
0.4118169274761037	3.645898094518294e-7
0.4145760121134843	3.6621068580624137e-7
0.4173488921740515	3.678544390298374e-7
0.4201356366349219	3.695215345527857e-7
0.42293631481809635	3.712124504300844e-7
0.4257509963921868	3.729276777701023e-7
0.42857975137414767	3.746677211805684e-7
0.43142265013101855	3.764330992328593e-7
0.43427976338167373	3.7822434494546595e-7
0.43715116219858224	3.800420062875266e-7
0.44003691800957523	3.818866467034148e-7
0.44293710259962304	3.837588456594464e-7
0.4458517881126211	3.856591992137268e-7
0.44878104705318417	3.8758832061034313e-7
0.45172495228844983	3.895468408990394e-7
0.45468357704989204	3.9153540958177393e-7
0.4576569949351413	3.9355469528736663e-7
0.46064527990981685	3.9560538647575487e-7
0.4636485063093658	3.976881921733702e-7
0.4666667488409128	3.9980384274121384e-7
0.4697000825851173	4.0195309067730296e-7
0.4727485829980427	4.0413671145536555e-7
0.47581232591303285	4.063555044015799e-7
0.478891387542598	4.086102936114657e-7
0.48198584448031084	4.1090192890903016e-7
0.4850957737027124	4.132312868504243e-7
0.48822125257122595	4.155992717745644e-7
0.49136235883408197	4.180068169032372e-7
0.4945191706282523	4.204548854933984e-7
0.4976917664813935	4.2294447204463257e-7
0.5008802253138004	4.254766035647446e-7
0.5040846264403696	4.2805234089683376e-7
0.5073050495725715	4.306727801112546e-7
0.5105415748204343	4.3333905396626395e-7
0.5137942826945365	4.3605233344121675e-7
0.517063254108009	4.3881382934655084e-7
0.5203485703785492	4.416247940150722e-7
0.5236503132304419	4.444865230792893e-7
0.5269685647965939	4.474003573399272e-7
0.5303034076205766	4.5036768473110213e-7
0.5336549246586795	4.533899423879623e-7
0.5370231992819728	4.5646861882305045e-7
0.5404083152783826	4.5960525621811725e-7
0.5438103568547747	4.6280145283844765e-7
0.5472294086390483	4.660588655774671e-7
0.5506655556822436	4.693792126397975e-7
0.5541188834606549	4.7276427637158965e-7
0.5575894778779582	4.762159062476419e-7
0.5610774252673477	4.797360220254469e-7
0.5645828123936844	4.833266170771485e-7
0.5681057264556525	4.869897619111734e-7
0.5716462550879309	4.907276078962636e-7
0.5752044863633705	4.945423912015509e-7
0.5787805087951873	4.984364369674726e-7
0.5823744113391631	5.024121637234925e-7
0.5859862833958588	5.064720880698157e-7
0.5896162148128381	5.106188296417874e-7
0.5932642958869024	5.148551163771919e-7
0.5969306173663369	5.191837901082918e-7
0.6006152704531684	5.236078125024866e-7
0.6043183468054344	5.28130271377295e-7
0.6080399385394615	5.32754387417897e-7
0.6117801382321587	5.374835213277503e-7
0.6155390389233192	5.423211814456803e-7
0.6193167341179359	5.472710318659163e-7
0.6231133177885255	5.52336901100892e-7
0.6269288843774683	5.5752279133047e-7
0.6307635287993556	5.628328882853091e-7
0.6346173464433522	5.682715718170258e-7
0.6384904331755688	5.738434272127753e-7
0.6423828853414466	5.795532573178504e-7
0.6462947997681537	5.854060955363716e-7
0.6502262737669944	5.914072197876186e-7
0.6541774051358293	5.975621675034673e-7
0.6581482921615082	6.038767517621067e-7
0.6621390336223156	6.103570786632581e-7
0.6661497287904271	6.170095660620364e-7
0.6701804774343789	6.238409637921551e-7
0.6742313798215507	6.308583755236846e-7
0.6783025367206585	6.380692824183011e-7
0.682394049404262	6.454815687639614e-7
0.6865060196512833	6.531035497930171e-7
0.6906385497495399	6.609440019131026e-7
0.6947917424982876	6.690121956085083e-7
0.6989657012107791	6.773179313024064e-7
0.7031605297168331	6.858715785076838e-7
0.7073763323654171	6.946841186365764e-7
0.7116132140272443	7.037671918880931e-7
0.7158712800973803	7.131331486880597e-7
0.7201506364978669	7.227951062203685e-7
0.724451389680356	7.327670106615023e-7
0.7287736466287575	7.430637058145971e-7
0.7331175148619014	7.53701008935372e-7
0.737483102436211	7.646957946536346e-7
0.7418705179483918	7.760660880209362e-7
0.7462798705381338	7.878311678612238e-7
0.7507112698908246	8.000116817692807e-7
0.7551648262402787	8.126297742944289e-7
0.7596406503714802	8.257092300683886e-7
0.7641388536233378	8.392756338904747e-7
0.7686595478914543	8.533565500749601e-7
0.7732028456309116	8.679817237001877e-7
0.777768859859066	8.831833067829038e-7
0.7823577041583611	8.989961128413794e-7
0.7869694926791531	9.154579038147739e-7
0.7916043401425489	9.326097138838348e-7
0.7962623618432616	9.504962153983452e-7
0.8009436736524779	9.691661328724716e-7
0.8056483920207402	9.886727118733254e-7
0.8103766339808439	1.0090742506150975e-6
0.8151285171507483	1.0304347031991174e-6
0.8199041597365018	1.0528243647283765e-6
0.8247036805351844	1.0763206499960657e-6
0.8295271989378604	1.1010089791272118e-6
0.8343748349325497	1.126983785471129e-6
0.8392467091072124	1.1543496632341408e-6
0.8441429426527486	1.183222674847193e-6
0.8490636573660123	1.213731840928536e-6
0.8540089756528424	1.246020838982038e-6
0.8589790205311068	1.2802499407312719e-6
0.8639739156337622	1.3165982223012745e-6
0.868973915633762	1.355108568730914e-6
0.8739739156337618	1.395932669605703e-6
0.8789739156337616	1.4392788077533041e-6
0.8839739156337615	1.4853781187163604e-6
0.8889739156337613	1.5344872452209128e-6
0.893973915633761	1.5868912954016646e-6
0.8989739156337608	1.6429071388408202e-6
0.9039739156337606	1.702887078312051e-6
0.9089739156337604	1.7672229395233593e-6
0.9139739156337602	1.8363506261113261e-6
0.91897391563376	1.9107551927206587e-6
0.9239739156337599	1.9909764952904608e-6
0.9289739156337596	2.0776154847548106e-6
0.9339739156337594	2.1713412183572875e-6
0.9389739156337592	2.2728986718059606e-6
0.943973915633759	2.383117445703301e-6
0.9489739156337588	2.502921471258915e-6
0.9539739156337586	2.6333398334432903e-6
0.9589739156337583	2.7755188447312737e-6
0.9639739156337582	2.930735519728335e-6
0.968973915633758	3.1004126206567436e-6
0.9739739156337578	3.286135466360133e-6
0.9789739156337576	3.489670723730358e-6
0.9839739156337574	3.7129874309385297e-6
0.9889739156337571	3.958280537374863e-6
0.9939739156337569	4.227997286734751e-6
0.9989739156337567	4.52486681837535e-6
1.0039739156337566	4.851933419254914e-6
1.0089739156337563	5.212593926034276e-6
1.0139739156337562	5.6106398560795684e-6
1.0189739156337558	6.050304939242584e-6
1.0239739156337557	6.536318831746543e-6
1.0289739156337556	7.073967921872384e-6
1.0339739156337553	7.669164287232822e-6
1.0389739156337552	8.328524038219257e-6
1.0439739156337549	9.059456484706354e-6
1.0489739156337547	9.870265796221684e-6
1.0539739156337544	1.0770267092012746e-5
1.0589739156337543	1.1769919198556516e-5
1.0639739156337542	1.2880976648553334e-5
1.0689739156337539	1.4116663865827465e-5
1.0739739156337538	1.5491874880385603e-5
1.0789739156337534	1.7023402338381442e-5
1.0839739156337533	1.8730199998123462e-5
1.088973915633753	2.063368331234051e-5
1.093973915633753	2.275807305430345e-5
1.0989739156337526	2.5130787201667172e-5
1.1039739156337525	2.7782886378338114e-5
1.1089739156337524	3.074957797808273e-5
1.113973915633752	3.4070783530673635e-5
1.118973915633752	3.779177276343306e-5
1.1239739156337516	4.196386595960598e-5
1.1289739156337515	4.664520338134221e-5
1.1339739156337512	5.1901576434707445e-5
1.138973915633751	5.780730961439178e-5
1.143973915633751	6.444617479732309e-5
1.1489739156337506	7.191230995116507e-5
1.1539739156337505	8.031110274256486e-5
1.1589739156337502	8.975998612298105e-5
1.16397391563375	0.00010038907845484611
1.1689739156337497	0.00011234158650080498
1.1739739156337496	0.00012577387787411602
1.1789739156337493	0.0001408551235484415
1.1839739156337492	0.00015776641485445945
1.187980436725312	0.00017276680809135328
1.1919869578168745	0.00018916774556439818
1.1959934789084372	0.00020707411405514685
1.2	0.00022659247517056814
