0.0006999999999999628	1.985805282516714e-7
0.001403500000000035	1.987231399558882e-7
0.0021105174999999296	1.988666857484785e-7
0.0028210700874998964	1.9901116693378675e-7
0.003535175437937438	1.9915659078204809e-7
0.004252851315127062	1.993029647187511e-7
0.004974115571702636	1.9945029624421836e-7
0.005698986149561044	1.995985929333455e-7
0.006427481080308875	1.9974786243648283e-7
0.007159618485710418	1.9989811248035515e-7
0.007895416578138905	2.000493508690065e-7
0.008634893661029494	2.002015854847553e-7
0.00937806812933463	2.003548242891554e-7
0.010124958469981361	2.0050907532399904e-7
0.010875583262331262	2.0066434671230745e-7
0.01162996117864295	2.0082064665935716e-7
0.012388110984536127	2.009779834537158e-7
0.013150051539458866	2.0113636546829223e-7
0.013915801797156208	2.0129580116140046e-7
0.014685380806142003	2.0145629907785292e-7
0.015458807710172712	2.0161786785006116e-7
0.01623610174872358	2.0178051619914326e-7
0.017017282257467212	2.0194425293607727e-7
0.017802368668754516	2.021090869628485e-7
0.01859138051209827	2.0227502727361369e-7
0.019384337414658823	2.0244208295590306e-7
0.020181259101732015	2.0261026319182696e-7
0.020982165397240727	2.0277957725930444e-7
0.02178707622422691	2.0295003453329985e-7
0.02259601160534814	2.0312164448711564e-7
0.02340899166337483	2.0329441669364975e-7
0.024226036621691812	2.034683608267213e-7
0.02504716680480027	2.03643486662404e-7
0.025872402638824326	2.0381980408035543e-7
0.02670176465201842	2.0399732306520682e-7
0.02753527347527842	2.0417605370794886e-7
0.028372949842654864	2.0435600620734244e-7
0.0292148145918682	2.04537190871367e-7
0.03006088866482743	2.0471961811867587e-7
0.03091119310815165	2.0490329848008013e-7
0.0317657490736924	2.0508824260005886e-7
0.03262457781906081	2.0527446123829212e-7
0.03348770070815601	2.0546196527121897e-7
0.034355139211696875	2.0565076569362704e-7
0.035226914907755424	2.0584087362024378e-7
0.03610304948229413	2.0603230028740146e-7
0.03698356472970569	2.0622505705466635e-7
0.03786848255335419	2.064191554065572e-7
0.038757824966120964	2.0661460695424688e-7
0.03965161409095162	2.068114234373112e-7
0.04054987216140643	2.0700961672551107e-7
0.04145262152221345	2.072091988205871e-7
0.04235988462982453	2.074101818581042e-7
0.04327168405297366	2.0761257810930735e-7
0.0441880424732386	2.0781639998303362e-7
0.04510898268560485	2.0802166002761888e-7
0.046034527599032954	2.0822837093288447e-7
0.04696470023702812	2.0843654553210853e-7
0.04789952373821329	2.0864619680407122e-7
0.048839021356904266	2.0885733787510987e-7
0.04978321646368884	2.0906998202121875e-7
0.05073213254600732	2.0928414267017977e-7
0.05168579320873729	2.0949983340373854e-7
0.052644222174780875	2.097170679598091e-7
0.05360744328565471	2.099358602347222e-7
0.054575480502083065	2.101562242855082e-7
0.055548357904593434	2.1037817433221667e-7
0.056526099694116344	2.106017247602897e-7
0.0575087301925869	2.108268901229632e-7
0.05849627384354973	2.1105368514371846e-7
0.05948875521276744	2.1128212471876823e-7
0.06048619898883127	2.1151222391959808e-7
0.061488629983775384	2.1174399799553146e-7
0.06249607313369419	2.1197746237637652e-7
0.06350855349936275	2.1221263267508493e-7
0.06452609626685958	2.1244952469046727e-7
0.06554872674819387	2.1268815440997322e-7
0.06657647038193484	2.1292853801250113e-7
0.06760935273384447	2.131706918712611e-7
0.06864739949751365	2.134146325567083e-7
0.0696906364950013	2.13660376839502e-7
0.07073908967747639	2.1390794169353981e-7
0.07179278512586384	2.1415734429903562e-7
0.07285174905149322	2.1440860204565305e-7
0.0739160077967507	2.1466173253570924e-7
0.07498558783573436	2.149167535874206e-7
0.07606051577491299	2.1517368323820944e-7
0.07714081835378758	2.1543253974810383e-7
0.07822652244555647	2.1569334160312628e-7
0.07931765505778425	2.159561075188552e-7
0.0804142433330731	2.1622085644392742e-7
0.08151631454973848	2.1648760756371647e-7
0.08262389612248718	2.1675638030400512e-7
0.0837370156030995	2.170271943347706e-7
0.0848557006811149	2.17300069574009e-7
0.0859799791845205	2.1757502619165722e-7
0.08710987908044313	2.1785208461357486e-7
0.08824542847584534	2.181312655256131e-7
0.08938665561822454	2.1841258987774308e-7
0.09053358889631567	2.1869607888827954e-7
0.09168625684079722	2.1898175404817847e-7
0.09284468812500112	2.1926963712542468e-7
0.09400891156562617	2.1955975016949239e-7
0.0951789561234543	2.1985211551589057e-7
0.09635485090407148	2.2014675579082572e-7
0.09753662515859184	2.204436939159069e-7
0.0987243082843847	2.2074295311299064e-7
0.09991792982580656	2.2104455690908868e-7
0.10111751947493569	2.2134852914138099e-7
0.10232310707231031	2.2165489396233575e-7
0.1035347226076718	2.219636758449277e-7
0.10475239622071016	2.2227489958794121e-7
0.10597615820181366	2.2258859032141306e-7
0.10720603899282274	2.2290477351214737e-7
0.10844206918778684	2.232234749693702e-7
0.10968427953372567	2.2354472085048892e-7
0.1109327009313943	2.238685376669509e-7
0.11218736443605135	2.2419495229024848e-7
0.11344830125823162	2.2452399195802703e-7
0.11471554276452282	2.2485568428032484e-7
0.11598912047834534	2.251900572459291e-7
0.11726906608073695	2.255271392288816e-7
0.11855541141114062	2.258669589951119e-7
0.11984818846819621	2.2620954570918408e-7
0.12114742941053713	2.2655492894122021e-7
0.12245316655758978	2.2690313867393928e-7
0.1237654323903777	2.2725420530986073e-7
0.12508425955232963	2.276081596786408e-7
0.12640968085009122	2.2796503304458387e-7
0.1277417292543416	2.28324857114299e-7
0.1290804379006133	2.286876640445066e-7
0.13042584009011637	2.2905348645004342e-7
0.1317779692905669	2.2942235741200405e-7
0.13313685913701961	2.2979431048606958e-7
0.13450254343270476	2.30169379711034e-7
0.13587505614986833	2.3054759961746254e-7
0.13725443143061763	2.309290052366005e-7
0.13864070358777073	2.3131363210942754e-7
0.14003390710570945	2.3170151629591367e-7
0.14143407664123803	2.3209269438451634e-7
0.1428412470244442	2.3248720350182624e-7
0.1442554532595664	2.328850813224674e-7
0.14567673052586416	2.3328636607920067e-7
0.1471051141784935	2.3369109657325496e-7
0.14854063974938603	2.3409931218487379e-7
0.149983342948133	2.345110528841117e-7
0.15143325966287374	2.3492635924186785e-7
0.15289042596118813	2.3534527244116695e-7
0.15435487809099402	2.3576783428867778e-7
0.15582665248144906	2.3619408722652025e-7
0.1573057857438562	2.3662407434432225e-7
0.15879231467257537	2.3705783939154966e-7
0.16028627624593816	2.3749542679011501e-7
0.16178770762716785	2.3793688164729277e-7
0.16329664616530362	2.3838224976891004e-7
0.16481312939613008	2.388315776728522e-7
0.1663371950431107	2.392849126028736e-7
0.16786888101832628	2.397423025427508e-7
0.1694082254234178	2.4020379623072447e-7
0.1709552665505349	2.4066944317431635e-7
0.17251004288328747	2.411392936654883e-7
0.17407259309770393	2.416133987961309e-7
0.17564295606319252	2.4209181047395625e-7
0.17722117084350858	2.4257458143873816e-7
0.17880727669772617	2.43061765278967e-7
0.18040131308121476	2.435534164488642e-7
0.18200331964662084	2.440495902858498e-7
0.18361333624485401	2.4455034302839083e-7
0.18523140292607826	2.4505573183432e-7
0.18685755994070874	2.4556581479955564e-7
0.1884918477404122	2.460806509773215e-7
0.19013430697911424	2.4660030039780635e-7
0.1917849785140098	2.4712482408831434e-7
0.19344390340657974	2.4765428409392203e-7
0.19511112292361268	2.481887434986311e-7
0.1967866785382308	2.487282664470646e-7
0.19847061193092203	2.4927291816668344e-7
0.20016296499057665	2.4982276499057334e-7
0.20186377981552947	2.5037787438080633e-7
0.2035730987146071	2.5093831495238523e-7
0.20529096420818022	2.515041564977889e-7
0.20701741902922113	2.5207547001216874e-7
0.20875250612436722	2.5265232771913245e-7
0.210496268654989	2.532348030972727e-7
0.21224874999826396	2.538229709073077e-7
0.21400999374825516	2.5441690721993875e-7
0.21578004371699644	2.5501668944446357e-7
0.21755894393558148	2.5562239635809103e-7
0.2193467386552594	2.562341081360657e-7
0.22114347234853576	2.5685190638252993e-7
0.22294918971027836	2.574758741622658e-7
0.2247639356588297	2.581060960332275e-7
0.2265877553371239	2.587426580799541e-7
0.2284206941138094	2.593856479478807e-7
0.23026279758437848	2.6003515487856564e-7
0.23211411157230027	2.606912697458653e-7
0.23397468213016168	2.613540850930889e-7
0.23584455554081238	2.6202369517115626e-7
0.23772377831851643	2.6270019597781034e-7
0.23961239721010893	2.633836852978864e-7
0.24151045919615952	2.640742627447074e-7
0.24341801149214037	2.6477202980259914e-7
0.24533510154960114	2.6547708987060756e-7
0.24726177705734917	2.6618954830743043e-7
0.24919808594263576	2.669095124775813e-7
0.251144076372349	2.676370917988828e-7
0.2530997967542107	2.683723977912846e-7
0.2550652957379817	2.6911554412706913e-7
0.2570406222166717	2.6986664668248693e-7
0.2590258253277551	2.706258235908507e-7
0.26102095445439405	2.7139319529719474e-7
0.2630260592266659	2.7216888461446116e-7
0.2650411895227993	2.729530167813558e-7
0.2670663954704134	2.737457195218652e-7
0.26910172744776534	2.745471231065093e-7
0.27114723608500396	2.753573604154294e-7
0.27320297226542917	2.761765670032733e-7
0.27526898712675635	2.770048811660663e-7
0.27734533206239	2.7784244401003843e-7
0.2794320587227019	2.786893995225111e-7
0.2815292190163153	2.795458946449189e-7
0.2836368651113967	2.804120793480468e-7
0.28575504943695385	2.812881067095088e-7
0.28788382468413853	2.8217413299364196e-7
0.29002324380755934	2.8307031773379427e-7
0.29217336002659705	2.8397682381715846e-7
0.29433422682673016	2.848938175722433e-7
0.29650589796086374	2.858214688590507e-7
0.29868842745066804	2.8675995116201325e-7
0.30088186958792124	2.877094416859367e-7
0.3030862789358609	2.886701214548824e-7
0.30530171033054027	2.896421754142038e-7
0.307528218882193	2.9062579253583356e-7
0.30976585997660405	2.9162116592691133e-7
0.312014689276487	2.9262849294190845e-7
0.31427476272286925	2.9364797529837355e-7
0.3165461365364837	2.946798191963955e-7
0.3188288672191662	2.95724235441993e-7
0.32112301155526213	2.9678143957450525e-7
0.32342862661303834	2.978516519982028e-7
0.3257457697461036	2.9893509811821277e-7
0.32807449859483384	3.00032008480964e-7
0.3304148710878078	3.0114261891933206e-7
0.33276694544324686	3.0226717070264477e-7
0.33513078017046305	3.034059106917159e-7
0.33750643407131514	3.045590914991678e-7
0.3398939662416715	3.057269716551766e-7
0.3422934360728799	3.069098157789117e-7
0.34470490325324404	3.081078947558411e-7
0.3471284277695101	3.093214859212016e-7
0.34956406990835764	3.105508732498023e-7
0.3520118902578995	3.1179634755248604e-7
0.354471949709189	3.1305820667946524e-7
0.3569443094577349	3.143367557308357e-7
0.3594290310050235	3.156323072745812e-7
0.3619261761600484	3.169451815722917e-7
0.3644358070408486	3.1827570681303654e-7
0.36695798607605284	3.196242193556316e-7
0.36949277600643327	3.2099106397968514e-7
0.37204023988646523	3.22376594145777e-7
0.3746004410858973	3.2378117226518904e-7
0.3771734432913268	3.252051699795356e-7
0.3797593105077832	3.266489684507814e-7
0.3823581070603219	3.281129586620217e-7
0.38496989759562367	3.295975417295176e-7
0.3875947470836016	3.3110312922649387e-7
0.3902327208190196	3.326301435191733e-7
0.3928838844231145	3.3417901811561145e-7
0.39554830384522993	3.357501980278462e-7
0.3982260453644561	3.3734414014802405e-7
0.4009171755912785	3.3896131363905233e-7
0.40362176146923495	3.4060220034045754e-7
0.40633987027658097	3.4226729519015105e-7
0.4090715696279639	3.439571066627534e-7
0.4118169274761037	3.4567215722532086e-7
0.4145760121134843	3.474129838111927e-7
0.4173488921740515	3.491801383128278e-7
0.4201356366349219	3.5097418809448226e-7
0.42293631481809635	3.527957165256972e-7
0.4257509963921868	3.5464532353650627e-7
0.42857975137414767	3.56523626195445e-7
0.43142265013101855	3.5843125931135616e-7
0.43427976338167373	3.6036887606026003e-7
0.43715116219858224	3.623371486383241e-7
0.44003691800957523	3.643367689423286e-7
0.44293710259962304	3.6636844927886215e-7
0.4458517881126211	3.684329231037136e-7
0.44878104705318417	3.705309457928867e-7
0.45172495228844983	3.726632954468872e-7
0.45468357704989204	3.748307737297813e-7
0.4576569949351413	3.770342067449426e-7
0.46064527990981685	3.792744459491934e-7
0.4636485063093658	3.815523691073484e-7
0.4666667488409128	3.838688812892589e-7
0.4697000825851173	3.8622491591138073e-7
0.4727485829980427	3.886214358253919e-7
0.47581232591303285	3.91059434456084e-7
0.478891387542598	3.9353993699129213e-7
0.48198584448031084	3.960640016264377e-7
0.4850957737027124	3.9863272086674265e-7
0.48822125257122595	4.012472228900324e-7
0.49136235883408197	4.039086729735513e-7
0.4945191706282523	4.0661827498810105e-7
0.4976917664813935	4.0937727296329593e-7
0.5008802253138004	4.1218695272775424e-7
0.5040846264403696	4.1504864362843667e-7
0.5073050495725715	4.179637203334925e-7
0.5105415748204343	4.2093360472332595e-7
0.5137942826945365	4.239597678748676e-7
0.517063254108009	4.2704373214434127e-7
0.5203485703785492	4.301870733542102e-7
0.5236503132304419	4.333914230903212e-7
0.5269685647965939	4.36658471115609e-7
0.5303034076205766	4.3998996790732057e-7
0.5336549246586795	4.4338772732497654e-7
0.5370231992819728	4.468536294168581e-7
0.5404083152783826	4.5038962337351687e-7
0.5438103568547747	4.5399773063695733e-7
0.5472294086390483	4.576800481752662e-7
0.5506655556822436	4.6143875193276237e-7
0.5541188834606549	4.652761004665827e-7
0.5575894778779582	4.6919443878148545e-7
0.5610774252673477	4.7319620237534906e-7
0.5645828123936844	4.772839215088599e-7
0.5681057264556525	4.814602257138642e-7
0.5716462550879309	4.857278485558993e-7
0.5752044863633705	4.900896326676304e-7
0.5787805087951873	4.945485350711736e-7
0.5823744113391631	4.991076328087037e-7
0.5859862833958588	5.037701289021896e-7
0.5896162148128381	5.085393586648727e-7
0.5932642958869024	5.134187963887496e-7
0.5969306173663369	5.184120624344737e-7
0.6006152704531684	5.235229307520958e-7
0.6043183468054344	5.287553368635542e-7
0.6080399385394615	5.341133863403408e-7
0.6117801382321587	5.39601363812746e-7
0.6155390389233192	5.452237425501387e-7
0.6193167341179359	5.5098519465532e-7
0.6231133177885255	5.568906019197224e-7
0.6269288843774683	5.629450673906954e-7
0.6307635287993556	5.691539277066037e-7
0.6346173464433522	5.755227662609225e-7
0.6384904331755688	5.82057427262221e-7
0.6423828853414466	5.887640307635694e-7
0.6462947997681537	5.956489887419512e-7
0.6502262737669944	6.027190223166859e-7
0.6541774051358293	6.099811802047165e-7
0.6581482921615082	6.174428585208646e-7
0.6621390336223156	6.251118220428076e-7
0.6661497287904271	6.329962270731955e-7
0.6701804774343789	6.411046460460103e-7
0.6742313798215507	6.49446094040845e-7
0.6783025367206585	6.580300573870784e-7
0.682394049404262	6.66866524561494e-7
0.6865060196512833	6.759660196063517e-7
0.6906385497495399	6.853396383226362e-7
0.6947917424982876	6.949990875240593e-7
0.6989657012107791	7.049567276727755e-7
0.7031605297168331	7.152256192584507e-7
0.7073763323654171	7.258195733286812e-7
0.7116132140272443	7.36753206631503e-7
0.7158712800973803	7.480420018922005e-7
0.7201506364978669	7.597023738162467e-7
0.724451389680356	7.717517414907091e-7
0.7287736466287575	7.842086079492807e-7
0.7331175148619014	7.970926477726846e-7
0.737483102436211	8.104248037193591e-7
0.7418705179483918	8.242273935233275e-7
0.7462798705381338	8.385242281603342e-7
0.7507112698908246	8.53340743072647e-7
0.7551648262402787	8.687041440620211e-7
0.7596406503714802	8.84643569813685e-7
0.7641388536233378	9.011902733066207e-7
0.7686595478914543	9.183778247043326e-7
0.7732028456309116	9.362423387113989e-7
0.777768859859066	9.548227298336188e-7
0.7823577041583611	9.741609995022431e-7
0.7869694926791531	9.94302559626723e-7
0.7916043401425489	1.015296597837222e-6
0.7962623618432616	1.0371964904822387e-6
0.8009436736524779	1.0600602703734347e-6
0.8056483920207402	1.0839511573372272e-6
0.8103766339808439	1.1089381608613768e-6
0.8151285171507483	1.1350967655366629e-6
0.8199041597365018	1.1625097116167751e-6
0.8247036805351844	1.1912678848813326e-6
0.8295271989378604	1.221471332122631e-6
0.8343748349325497	1.2532304210250949e-6
0.8392467091072124	1.2866671660099573e-6
0.8441429426527486	1.3219167448296745e-6
0.8490636573660123	1.3591292343748443e-6
0.8540089756528424	1.3984715983697508e-6
0.8589790205311068	1.4401299644623295e-6
0.8639739156337622	1.4843122337540708e-6
0.868973915633762	1.5310599945053964e-6
0.8739739156337618	1.5805466099306835e-6
0.8789739156337616	1.633013358047191e-6
0.8839739156337615	1.688728393528301e-6
0.8889739156337613	1.7479899908813655e-6
0.893973915633761	1.8111301734268334e-6
0.8989739156337608	1.8785187721766682e-6
0.9039739156337606	1.950567963668028e-6
0.9089739156337604	2.027737341505745e-6
0.9139739156337602	2.110539582776989e-6
0.91897391563376	2.1995467776995197e-6
0.9239739156337599	2.2953974989405057e-6
0.9289739156337596	2.398804696074751e-6
0.9339739156337594	2.5105645107427365e-6
0.9389739156337592	2.6315661193112642e-6
0.943973915633759	2.7628027223490046e-6
0.9489739156337588	2.9053838141264507e-6
0.9539739156337586	3.060548880773474e-6
0.9589739156337583	3.229682692842482e-6
0.9639739156337582	3.414332377022064e-6
0.968973915633758	3.616226472849649e-6
0.9739739156337578	3.837296203763375e-6
0.9789739156337576	4.0796992180346305e-6
0.9839739156337574	4.345846084448056e-6
0.9889739156337571	4.638429860521314e-6
0.9939739156337569	4.960459088188626e-6
0.9989739156337567	5.315294613918967e-6
1.0039739156337566	5.706690678073777e-6
1.0089739156337563	6.138840772966331e-6
1.0139739156337562	6.616428831789779e-6
1.0189739156337558	7.144686382774779e-6
1.0239739156337557	7.729456386263691e-6
1.0289739156337556	8.37726456870154e-6
1.0339739156337553	9.095399178847066e-6
1.0389739156337552	9.89200021989774e-6
1.0439739156337549	1.0776159358686833e-5
1.0489739156337547	1.1758031881382713e-5
1.0539739156337544	1.2848962255205599e-5
1.0589739156337543	1.4061625067463438e-5
1.0639739156337542	1.54101833446584e-5
1.0689739156337539	1.691046650067324e-5
1.0739739156337538	1.858017041514202e-5
1.0789739156337534	2.0439082386358405e-5
1.0839739156337533	2.2509333915146985e-5
1.088973915633753	2.481568442453375e-5
1.093973915633753	2.7385839059657406e-5
1.0989739156337526	3.025080358218431e-5
1.1039739156337525	3.3445278994002985e-5
1.1089739156337524	3.7008097795643574e-5
1.113973915633752	4.098270258296787e-5
1.118973915633752	4.541766586758093e-5
1.1239739156337516	5.036724741283049e-5
1.1289739156337515	5.589198184492334e-5
1.1339739156337512	6.205928468080758e-5
1.138973915633751	6.894405911502696e-5
1.143973915633751	7.662927893024319e-5
1.1489739156337506	8.520651491290475e-5
1.1539739156337505	9.477636359388256e-5
1.1589739156337502	0.00010544872877453369
1.16397391563375	0.00011734289936830695
1.1689739156337497	0.0001305873633150515
1.1739739156337496	0.00014531929890711372
1.1789739156337493	0.00016168369428147953
1.1839739156337492	0.00017983206542867807
1.187980436725312	0.00019576696174383778
1.1919869578168745	0.0002130297054509611
1.1959934789084372	0.0002317023773406898
1.2	0.0002518668544334499
