0.0006999999999999628	1.1086481180962557e-6
0.001403500000000035	1.1094706450912734e-6
0.0021105174999999296	1.110298337033677e-6
0.0028210700874998964	1.111131236183372e-6
0.003535175437937438	1.1119693815403595e-6
0.004252851315127062	1.112812812397957e-6
0.004974115571702636	1.1136615683986535e-6
0.005698986149561044	1.114515689541944e-6
0.006427481080308875	1.1153752161905888e-6
0.007159618485710418	1.1162401890762217e-6
0.007895416578138905	1.1171106493048332e-6
0.008634893661029494	1.1179866383617673e-6
0.00937806812933463	1.118868198116961e-6
0.010124958469981361	1.1197553708297562e-6
0.010875583262331262	1.120648199154068e-6
0.01162996117864295	1.1215467261431834e-6
0.012388110984536127	1.1224509952548011e-6
0.013150051539458866	1.1233610503560264e-6
0.013915801797156208	1.1242769357284537e-6
0.014685380806142003	1.125198696073114e-6
0.015458807710172712	1.1261263765157584e-6
0.01623610174872358	1.1270600226118985e-6
0.017017282257467212	1.1279996803521473e-6
0.017802368668754516	1.1289453961674726e-6
0.01859138051209827	1.12989721693449e-6
0.019384337414658823	1.1308551899810058e-6
0.020181259101732015	1.131819363091396e-6
0.020982165397240727	1.1327897845122366e-6
0.02178707622422691	1.1337665029579033e-6
0.02259601160534814	1.1347495676163338e-6
0.02340899166337483	1.1357390281546901e-6
0.024226036621691812	1.1367349347253875e-6
0.02504716680480027	1.1377373379718798e-6
0.025872402638824326	1.1387462890348248e-6
0.02670176465201842	1.1397618395580812e-6
0.02753527347527842	1.140784041694994e-6
0.028372949842654864	1.1418129481146158e-6
0.0292148145918682	1.1428486120081091e-6
0.03006088866482743	1.1438910870952532e-6
0.03091119310815165	1.1449404276309365e-6
0.0317657490736924	1.1459966884118458e-6
0.03262457781906081	1.147059924783224e-6
0.03348770070815601	1.148130192645727e-6
0.034355139211696875	1.1492075484623343e-6
0.035226914907755424	1.1502920492654954e-6
0.03610304948229413	1.1513837526641876e-6
0.03698356472970569	1.1524827168512878e-6
0.03786848255335419	1.1535890006108221e-6
0.038757824966120964	1.1547026633256011e-6
0.03965161409095162	1.1558237649847031e-6
0.04054987216140643	1.156952366191267e-6
0.04145262152221345	1.1580885281702715e-6
0.04235988462982453	1.1592323127765227e-6
0.04327168405297366	1.1603837825027233e-6
0.0441880424732386	1.1615430004876436e-6
0.04510898268560485	1.162710030524497e-6
0.046034527599032954	1.1638849370693382e-6
0.04696470023702812	1.1650677852496712e-6
0.04789952373821329	1.1662586408731608e-6
0.048839021356904266	1.1674575704364812e-6
0.04978321646368884	1.1686646411343147e-6
0.05073213254600732	1.169879920868464e-6
0.05168579320873729	1.1711034782571416e-6
0.052644222174780875	1.1723353826443693e-6
0.05360744328565471	1.173575704109562e-6
0.054575480502083065	1.1748245134772356e-6
0.055548357904593434	1.1760818823268626e-6
0.056526099694116344	1.17734788300293e-6
0.0575087301925869	1.1786225886251243e-6
0.05849627384354973	1.1799060730986275e-6
0.05948875521276744	1.1811984111247344e-6
0.06048619898883127	1.1824996782114082e-6
0.061488629983775384	1.1838099506842536e-6
0.06249607313369419	1.1851293056975003e-6
0.06350855349936275	1.1864578212451711e-6
0.06452609626685958	1.1877955761725355e-6
0.06554872674819387	1.189142650187692e-6
0.06657647038193484	1.1904991238732937e-6
0.06760935273384447	1.1918650786984832e-6
0.06864739949751365	1.1932405970311406e-6
0.0696906364950013	1.194625762150154e-6
0.07073908967747639	1.196020658258012e-6
0.07179278512586384	1.1974253704935647e-6
0.07285174905149322	1.1988399849449695e-6
0.0739160077967507	1.200264588662985e-6
0.07498558783573436	1.2016992696742466e-6
0.07606051577491299	1.2031441169950034e-6
0.07714081835378758	1.2045992206449095e-6
0.07822652244555647	1.2060646716612412e-6
0.07931765505778425	1.2075405621130698e-6
0.0804142433330731	1.209026985115995e-6
0.08151631454973848	1.2105240348468562e-6
0.08262389612248718	1.2120318065588833e-6
0.0837370156030995	1.213550396596998e-6
0.0848557006811149	1.2150799024133916e-6
0.0859799791845205	1.2166204225834277e-6
0.08710987908044313	1.2181720568217879e-6
0.08824542847584534	1.2197349059988128e-6
0.08938665561822454	1.2213090721572878e-6
0.09053358889631567	1.2228946585293637e-6
0.09168625684079722	1.2244917695538784e-6
0.09284468812500112	1.2261005108939306e-6
0.09400891156562617	1.2277209894547308e-6
0.0951789561234543	1.2293533134018934e-6
0.09635485090407148	1.2309975921798775e-6
0.09753662515859184	1.2326539365308405e-6
0.0987243082843847	1.2343224585139403e-6
0.09991792982580656	1.2360032715246319e-6
0.10111751947493569	1.2376964903147784e-6
0.10232310707231031	1.2394022310127316e-6
0.1035347226076718	1.2411206111439778e-6
0.10475239622071016	1.2428517496519972e-6
0.10597615820181366	1.2445957669197783e-6
0.10720603899282274	1.2463527847913127e-6
0.10844206918778684	1.2481229265939229e-6
0.10968427953372567	1.2499063171605727e-6
0.1109327009313943	1.2517030828529717e-6
0.11218736443605135	1.253513351584743e-6
0.11344830125823162	1.255337252845322e-6
0.11471554276452282	1.2571749177240552e-6
0.11598912047834534	1.2590264789349434e-6
0.11726906608073695	1.260892070841685e-6
0.11855541141114062	1.2627718294832302e-6
0.11984818846819621	1.2646658925998758e-6
0.12114742941053713	1.2665743996597504e-6
0.12245316655758978	1.2684974918858202e-6
0.1237654323903777	1.2704353122835086e-6
0.12508425955232963	1.2723880056686206e-6
0.12640968085009122	1.274355718696028e-6
0.1277417292543416	1.2763385998887249e-6
0.1290804379006133	1.2783367996674764e-6
0.13042584009011637	1.2803504703811318e-6
0.1317779692905669	1.2823797663373297e-6
0.13313685913701961	1.284424843834002e-6
0.13450254343270476	1.2864858611913144e-6
0.13587505614986833	1.2885629787843004e-6
0.13725443143061763	1.2906563590760932e-6
0.13864070358777073	1.2927661666518973e-6
0.14003390710570945	1.2948925682534312e-6
0.14143407664123803	1.2970357328142359e-6
0.1428412470244442	1.299195831495546e-6
0.1442554532595664	1.3013730377229713e-6
0.14567673052586416	1.3035675272237642e-6
0.1471051141784935	1.3057794780650023e-6
0.14854063974938603	1.308009070692296e-6
0.149983342948133	1.3102564879695292e-6
0.15143325966287374	1.312521915219143e-6
0.15289042596118813	1.3148055402634515e-6
0.15435487809099402	1.3171075534666066e-6
0.15582665248144906	1.319428147777511e-6
0.1573057857438562	1.3217675187735472e-6
0.15879231467257537	1.3241258647052286e-6
0.16028627624593816	1.3265033865417563e-6
0.16178770762716785	1.3289002880174625e-6
0.16329664616530362	1.3313167756792781e-6
0.16481312939613008	1.3337530589351032e-6
0.1663371950431107	1.33620935010319e-6
0.16786888101832628	1.338685864462617e-6
0.1694082254234178	1.3411828203047117e-6
0.1709552665505349	1.3437004389855917e-6
0.17251004288328747	1.3462389449798856e-6
0.17407259309770393	1.3487985659353284e-6
0.17564295606319252	1.3513795327288246e-6
0.17722117084350858	1.3539820795234833e-6
0.17880727669772617	1.356606443826923e-6
0.18040131308121476	1.3592528665508109e-6
0.18200331964662084	1.361921592071666e-6
0.18361333624485401	1.3646128682930212e-6
0.18523140292607826	1.367326946708824e-6
0.18685755994070874	1.3700640824682544e-6
0.1884918477404122	1.3728245344419675e-6
0.19013430697911424	1.3756085652896957e-6
0.1917849785140098	1.378416441529505e-6
0.19344390340657974	1.3812484336082445e-6
0.19511112292361268	1.384104815973844e-6
0.1967866785382308	1.3869858671491408e-6
0.19847061193092203	1.389891869807159e-6
0.20016296499057665	1.3928231108483058e-6
0.20186377981552947	1.3957798814790721e-6
0.2035730987146071	1.3987624772926236e-6
0.20529096420818022	1.4017711983511938e-6
0.20701741902922113	1.40480634927027e-6
0.20875250612436722	1.4078682393046544e-6
0.210496268654989	1.4109571824366387e-6
0.21224874999826396	1.4140734974659529e-6
0.21400999374825516	1.4172175081019819e-6
0.21578004371699644	1.4203895430579223e-6
0.21755894393558148	1.4235899361472704e-6
0.2193467386552594	1.4268190263823854e-6
0.22114347234853576	1.4300771580754154e-6
0.22294918971027836	1.4333646809415581e-6
0.2247639356588297	1.4366819502047635e-6
0.2265877553371239	1.4400293267058404e-6
0.2284206941138094	1.4434071770131736e-6
0.23026279758437848	1.4468158735360007e-6
0.23211411157230027	1.4502557946404478e-6
0.23397468213016168	1.4537273247682425e-6
0.23584455554081238	1.4572308545583418e-6
0.23772377831851643	1.4607667809714132e-6
0.23961239721010893	1.464335507417357e-6
0.24151045919615952	1.467937443885878e-6
0.24341801149214037	1.4715730070802496e-6
0.24533510154960114	1.4752426205543188e-6
0.24726177705734917	1.4789467148529543e-6
0.24919808594263576	1.4826857276556946e-6
0.251144076372349	1.4864601039243049e-6
0.2530997967542107	1.490270296053638e-6
0.2550652957379817	1.4941167640264508e-6
0.2570406222166717	1.4979999755720802e-6
0.2590258253277551	1.501920406328932e-6
0.26102095445439405	1.5058785400112953e-6
0.2630260592266659	1.509874868580162e-6
0.2650411895227993	1.5139098924185015e-6
0.2670663954704134	1.5179841205109374e-6
0.26910172744776534	1.5220980706281025e-6
0.27114723608500396	1.5262522695156028e-6
0.27320297226542917	1.5304472530879968e-6
0.27526898712675635	1.5346835666276376e-6
0.27734533206239	1.5389617649888682e-6
0.2794320587227019	1.543282412807441e-6
0.2815292190163153	1.5476460847153622e-6
0.2836368651113967	1.552053365561574e-6
0.28575504943695385	1.556504850638356e-6
0.28788382468413853	1.5610011459137808e-6
0.29002324380755934	1.5655428682703117e-6
0.29217336002659705	1.5701306457498659e-6
0.29433422682673016	1.5747651178054986e-6
0.29650589796086374	1.5794469355596977e-6
0.29868842745066804	1.5841767620699617e-6
0.30088186958792124	1.5889552726014977e-6
0.3030862789358609	1.593783154907256e-6
0.30530171033054027	1.5986611095158754e-6
0.307528218882193	1.6035898500275288e-6
0.30976585997660405	1.6085701034178136e-6
0.312014689276487	1.6136026103504351e-6
0.31427476272286925	1.6186881254983259e-6
0.3165461365364837	1.623827417873961e-6
0.3188288672191662	1.6290212711690042e-6
0.32112301155526213	1.6342704841035585e-6
0.32342862661303834	1.6395758707853663e-6
0.3257457697461036	1.6449382610793898e-6
0.32807449859483384	1.6503585009878015e-6
0.3304148710878078	1.6558374530413425e-6
0.33276694544324686	1.6613759967016478e-6
0.33513078017046305	1.6669750287755092e-6
0.33750643407131514	1.6726354638413691e-6
0.3398939662416715	1.6783582346881603e-6
0.3422934360728799	1.6841442927672861e-6
0.34470490325324404	1.6899946086580566e-6
0.3471284277695101	1.6959101725468534e-6
0.34956406990835764	1.7018919947209874e-6
0.3520118902578995	1.7079411060771383e-6
0.354471949709189	1.714058558645397e-6
0.3569443094577349	1.7202454261292726e-6
0.3594290310050235	1.7265028044621256e-6
0.3619261761600484	1.7328318123808704e-6
0.3644358070408486	1.739233592017244e-6
0.36695798607605284	1.7457093095076606e-6
0.36949277600643327	1.7522601556219089e-6
0.37204023988646523	1.7588873464117252e-6
0.3746004410858973	1.7655921238798127e-6
0.3771734432913268	1.7723757566700508e-6
0.3797593105077832	1.7792395407797204e-6
0.3823581070603219	1.7861848002945312e-6
0.38496989759562367	1.793212888147386e-6
0.3875947470836016	1.8003251869016999e-6
0.3902327208190196	1.8075231095602396e-6
0.3928838844231145	1.8148081004003771e-6
0.39554830384522993	1.8221816358368335e-6
0.3982260453644561	1.8296452253131727e-6
0.4009171755912785	1.8372004122226432e-6
0.40362176146923495	1.8448487748600493e-6
0.40633987027658097	1.8525919274055775e-6
0.4090715696279639	1.8604315209418682e-6
0.4118169274761037	1.868369244505721e-6
0.4145760121134843	1.8764068261758914e-6
0.4173488921740515	1.8845460341979432e-6
0.4201356366349219	1.8927886781485591e-6
0.42293631481809635	1.9011366101399014e-6
0.4257509963921868	1.909591726066268e-6
0.42857975137414767	1.91815596689487e-6
0.43142265013101855	1.9268313200018775e-6
0.43427976338167373	1.9356198205564452e-6
0.43715116219858224	1.9445235529540086e-6
0.44003691800957523	1.953544652301516e-6
0.44293710259962304	1.9626853059562983e-6
0.4458517881126211	1.9719477551210493e-6
0.44878104705318417	1.9813342964975386e-6
0.45172495228844983	1.9908472840009856e-6
0.45468357704989204	2.000489130538459e-6
0.4576569949351413	2.0102623098534065e-6
0.46064527990981685	2.020169358439688e-6
0.4636485063093658	2.03021287752777e-6
0.4666667488409128	2.0403955351466616e-6
0.4697000825851173	2.0507200682644344e-6
0.4727485829980427	2.0611892850115847e-6
0.47581232591303285	2.071806066989912e-6
0.478891387542598	2.082573371671874e-6
0.48198584448031084	2.0934942348936646e-6
0.4850957737027124	2.1045717734465568e-6
0.48822125257122595	2.115809187771415e-6
0.49136235883408197	2.127209764760225e-6
0.4945191706282523	2.1387768806705174e-6
0.4976917664813935	2.150514004157337e-6
0.5008802253138004	2.1624246994284133e-6
0.5040846264403696	2.1745126295284906e-6
0.5073050495725715	2.1867815597586473e-6
0.5105415748204343	2.1992353612372085e-6
0.5137942826945365	2.211878014608722e-6
0.517063254108009	2.2247136139089072e-6
0.5203485703785492	2.2377463705918296e-6
0.5236503132304419	2.250980617728517e-6
0.5269685647965939	2.2644208143843448e-6
0.5303034076205766	2.2780715501848994e-6
0.5336549246586795	2.291937550078783e-6
0.5370231992819728	2.3060236793078406e-6
0.5404083152783826	2.320334948594912e-6
0.5438103568547747	2.334876519560269e-6
0.5472294086390483	2.3496537103779086e-6
0.5506655556822436	2.3646720016848087e-6
0.5541188834606549	2.379937042755349e-6
0.5575894778779582	2.3954546579550033e-6
0.5610774252673477	2.4112308534881674e-6
0.5645828123936844	2.4272718244548706e-6
0.5681057264556525	2.443583962233573e-6
0.5716462550879309	2.460173862206765e-6
0.5752044863633705	2.477048331848128e-6
0.5787805087951873	2.4942143991906604e-6
0.5823744113391631	2.5116793216965007e-6
0.5859862833958588	2.5294505955506986e-6
0.5896162148128381	2.5475359654019253e-6
0.5932642958869024	2.5659434345751456e-6
0.5969306173663369	2.5846812757829155e-6
0.6006152704531684	2.603758042362768e-6
0.6043183468054344	2.6231825800710996e-6
0.6080399385394615	2.6429640394649817e-6
0.6117801382321587	2.6631118889057754e-6
0.6155390389233192	2.683635928220562e-6
0.6193167341179359	2.7045463030594596e-6
0.6231133177885255	2.7258535199900656e-6
0.6269288843774683	2.7475684623723408e-6
0.6307635287993556	2.7697024070601595e-6
0.6346173464433522	2.792267041979768e-6
0.6384904331755688	2.815274484637551e-6
0.6423828853414466	2.8387373016141795e-6
0.6462947997681537	2.862668529105845e-6
0.6502262737669944	2.8870816945774335e-6
0.6541774051358293	2.911990839597949e-6
0.6581482921615082	2.937410543932633e-6
0.6621390336223156	2.963355950972869e-6
0.6661497287904271	2.9898427945908455e-6
0.6701804774343789	3.0168874275123394e-6
0.6742313798215507	3.044506851309749e-6
0.6783025367206585	3.0727187481241844e-6
0.682394049404262	3.101541514235976e-6
0.6865060196512833	3.1309942956134114e-6
0.6906385497495399	3.1610970255792738e-6
0.6947917424982876	3.1918704647495597e-6
0.6989657012107791	3.2233362434119583e-6
0.7031605297168331	3.2555169065284055e-6
0.7073763323654171	3.2884359615637504e-6
0.7116132140272443	3.322117929363797e-6
0.7158712800973803	3.3565883983293648e-6
0.7201506364978669	3.3918740821603263e-6
0.724451389680356	3.4280028814739033e-6
0.7287736466287575	3.4650039496378545e-6
0.7331175148619014	3.5029077631998806e-6
0.737483102436211	3.541746197343041e-6
0.7418705179483918	3.5815526068520994e-6
0.7462798705381338	3.6223619131412297e-6
0.7507112698908246	3.66421069796934e-6
0.7551648262402787	3.7071373045582526e-6
0.7596406503714802	3.751181946934989e-6
0.7641388536233378	3.79638682844077e-6
0.7686595478914543	3.84279627049681e-6
0.7732028456309116	3.890456852886038e-6
0.777768859859066	3.939417567013271e-6
0.7823577041583611	3.989729983842933e-6
0.7869694926791531	4.041448438493943e-6
0.7916043401425489	4.094630233801641e-6
0.7962623618432616	4.149335865542694e-6
0.8009436736524779	4.205629272474589e-6
0.8056483920207402	4.263578114873585e-6
0.8103766339808439	4.3232540858741905e-6
0.8151285171507483	4.384733260638001e-6
0.8199041597365018	4.448096489213909e-6
0.8247036805351844	4.513429839918297e-6
0.8295271989378604	4.580825101168899e-6
0.8343748349325497	4.6503803509712745e-6
0.8392467091072124	4.7222006046865765e-6
0.8441429426527486	4.796398553324494e-6
0.8490636573660123	4.8730954064131814e-6
0.8540089756528424	4.952421855505722e-6
0.8589790205311068	5.034519176607822e-6
0.8639739156337622	5.11954049225389e-6
0.868973915633762	5.207298027588086e-6
0.8739739156337618	5.297842669980397e-6
0.8789739156337616	5.391322558697612e-6
0.8839739156337615	5.487898865704775e-6
0.8889739156337613	5.587747315226173e-6
0.893973915633761	5.691059876555959e-6
0.8989739156337608	5.798046645969938e-6
0.9039739156337606	5.908937934663042e-6
0.9089739156337604	6.023986581335097e-6
0.9139739156337602	6.143470510268875e-6
0.91897391563376	6.267695558592035e-6
0.9239739156337599	6.396998600062816e-6
0.9289739156337596	6.531750997272309e-6
0.9339739156337594	6.672362419778073e-6
0.9389739156337592	6.819285072478166e-6
0.943973915633759	6.973018386644859e-6
0.9489739156337588	7.13411423557955e-6
0.9539739156337586	7.303182747969283e-6
0.9589739156337583	7.4808988048906925e-6
0.9639739156337582	7.668009321225934e-6
0.968973915633758	7.865341429309648e-6
0.9739739156337578	8.073811702267941e-6
0.9789739156337576	8.294436577209548e-6
0.9839739156337574	8.528344164759917e-6
0.9889739156337571	8.776787662120918e-6
0.9939739156337569	9.041160622772302e-6
0.9989739156337567	9.32301437815725e-6
1.0039739156337566	9.624077956471202e-6
1.0089739156337563	9.946280902476685e-6
1.0139739156337562	1.0291779471811605e-5
1.0189739156337558	1.0662986755549002e-5
1.0239739156337557	1.1062607388138724e-5
1.0289739156337556	1.1493677606987183e-5
1.0339739156337553	1.1959611567948366e-5
1.0389739156337552	1.2464254981498209e-5
1.0439739156337549	1.3011947323483387e-5
1.0489739156337547	1.3607594096857552e-5
1.0539739156337544	1.4256750882141769e-5
1.0589739156337543	1.496572122062586e-5
1.0639739156337542	1.574167073240837e-5
1.0689739156337539	1.6592760288737975e-5
1.0739739156337538	1.7528301542796597e-5
1.0789739156337534	1.8558938683229898e-5
1.0839739156337533	1.969686091835294e-5
1.088973915633753	2.095605093280481e-5
1.093973915633753	2.2352575387102356e-5
1.0989739156337526	2.3904924454494848e-5
1.1039739156337525	2.5634408402627176e-5
1.1089739156337524	2.756562031349575e-5
1.113973915633752	2.9726975162545528e-5
1.118973915633752	3.215133659326699e-5
1.1239739156337516	3.487674374318826e-5
1.1289739156337515	3.794725127456255e-5
1.1339739156337512	4.141389615515217e-5
1.138973915633751	4.533580446455642e-5
1.143973915633751	4.978145021861629e-5
1.1489739156337506	5.483007544421749e-5
1.1539739156337505	6.0573275904190815e-5
1.1589739156337502	6.711674923482273e-5
1.16397391563375	7.458219096356493e-5
1.1689739156337497	8.310930800306434e-5
1.1739739156337496	9.28578979076468e-5
1.1789739156337493	0.00010400991484376555
1.1839739156337492	0.00011677140991045825
1.187980436725312	0.00012831394358730233
1.1919869578168745	0.00014117010683301648
1.1959934789084372	0.00015548280742674198
1.2	0.00017140639815692624
