0.0006999999999999628	2.9425270479873957e-7
0.001403500000000035	2.944717105219086e-7
0.0021105174999999296	2.9469212363856466e-7
0.0028210700874998964	2.9491395415896535e-7
0.003535175437937438	2.9513721299763893e-7
0.004252851315127062	2.953619111802251e-7
0.004974115571702636	2.9558805983730225e-7
0.005698986149561044	2.9581567020583105e-7
0.006427481080308875	2.9604475363062183e-7
0.007159618485710418	2.962753215657448e-7
0.007895416578138905	2.9650738557595995e-7
0.008634893661029494	2.9674095733810636e-7
0.00937806812933463	2.9697604864251934e-7
0.010124958469981361	2.9721267139446086e-7
0.010875583262331262	2.974508376155496e-7
0.01162996117864295	2.97690559445198e-7
0.012388110984536127	2.979318491420832e-7
0.013150051539458866	2.9817471908562396e-7
0.013915801797156208	2.984191817774804e-7
0.014685380806142003	2.986652498430774e-7
0.015458807710172712	2.989129360331158e-7
0.01623610174872358	2.991622532251686e-7
0.017017282257467212	2.994132144252481e-7
0.017802368668754516	2.9966583276937686e-7
0.01859138051209827	2.9992012152526717e-7
0.019384337414658823	3.0017609409394283e-7
0.020181259101732015	3.0043376401138544e-7
0.020982165397240727	3.0069314495030463e-7
0.02178707622422691	3.009542507217715e-7
0.02259601160534814	3.012170952770461e-7
0.02340899166337483	3.014816927092998e-7
0.024226036621691812	3.0174805725544444e-7
0.02504716680480027	3.0201620329794335e-7
0.025872402638824326	3.022861453666797e-7
0.02670176465201842	3.025578981408247e-7
0.02753527347527842	3.0283147645077736e-7
0.028372949842654864	3.031068952800774e-7
0.0292148145918682	3.033841697673917e-7
0.03006088866482743	3.036633152085117e-7
0.03091119310815165	3.0394434705838085e-7
0.0317657490736924	3.042272809331828e-7
0.03262457781906081	3.04512132612403e-7
0.03348770070815601	3.047989180409749e-7
0.034355139211696875	3.050876533314426e-7
0.035226914907755424	3.053783547661549e-7
0.03610304948229413	3.0567103879949287e-7
0.03698356472970569	3.0596572206012894e-7
0.03786848255335419	3.062624213533398e-7
0.038757824966120964	3.065611536633342e-7
0.03965161409095162	3.0686193615563623e-7
0.04054987216140643	3.0716478617948173e-7
0.04145262152221345	3.0746972127027893e-7
0.04235988462982453	3.077767591520976e-7
0.04327168405297366	3.0808591774019124e-7
0.0441880424732386	3.0839721514358425e-7
0.04510898268560485	3.087106696676488e-7
0.046034527599032954	3.09026299816806e-7
0.04696470023702812	3.0934412429716533e-7
0.04789952373821329	3.09664162019327e-7
0.048839021356904266	3.0998643210110324e-7
0.04978321646368884	3.103109538704059e-7
0.05073213254600732	3.106377468680782e-7
0.05168579320873729	3.109668308508496e-7
0.052644222174780875	3.1129822579428636e-7
0.05360744328565471	3.116319518958183e-7
0.054575480502083065	3.1196802957783005e-7
0.055548357904593434	3.123064794907393e-7
0.056526099694116344	3.1264732251622186e-7
0.0575087301925869	3.1299057977039513e-7
0.05849627384354973	3.133362726071244e-7
0.05948875521276744	3.136844226213527e-7
0.06048619898883127	3.1403505165248734e-7
0.061488629983775384	3.143881817878576e-7
0.06249607313369419	3.147438353662179e-7
0.06350855349936275	3.1510203498130924e-7
0.06452609626685958	3.154628034855042e-7
0.06554872674819387	3.1582616399347626e-7
0.06657647038193484	3.1619213988596497e-7
0.06760935273384447	3.165607548136055e-7
0.06864739949751365	3.1693203270077114e-7
0.0696906364950013	3.1730599774956625e-7
0.07073908967747639	3.17682674443836e-7
0.07179278512586384	3.18062087553227e-7
0.07285174905149322	3.1844426213738386e-7
0.0739160077967507	3.188292235501516e-7
0.07498558783573436	3.192169974439047e-7
0.07606051577491299	3.1960760977391515e-7
0.07714081835378758	3.200010868028131e-7
0.07822652244555647	3.2039745510513263e-7
0.07931765505778425	3.2079674157191606e-7
0.0804142433330731	3.2119897341542543e-7
0.08151631454973848	3.2160417817391935e-7
0.08262389612248718	3.2201238371653267e-7
0.0837370156030995	3.2242361824821347e-7
0.0848557006811149	3.2283791031479613e-7
0.0859799791845205	3.2325528880810956e-7
0.08710987908044313	3.236757829712208e-7
0.08824542847584534	3.240994224037657e-7
0.08938665561822454	3.24526237067348e-7
0.09053358889631567	3.249562572910822e-7
0.09168625684079722	3.2538951377720425e-7
0.09284468812500112	3.2582603760678314e-7
0.09400891156562617	3.2626586024557427e-7
0.0951789561234543	3.2670901354994325e-7
0.09635485090407148	3.2715552977290084e-7
0.09753662515859184	3.276054415702828e-7
0.0987243082843847	3.280587820070057e-7
0.09991792982580656	3.285155845634721e-7
0.10111751947493569	3.289758831420674e-7
0.10232310707231031	3.294397120737976e-7
0.1035347226076718	3.2990710612504483e-7
0.10475239622071016	3.303781005044592e-7
0.10597615820181366	3.308527308699679e-7
0.10720603899282274	3.31331033335917e-7
0.10844206918778684	3.318130444803795e-7
0.10968427953372567	3.322988013525441e-7
0.1109327009313943	3.327883414803253e-7
0.11218736443605135	3.332817028780374e-7
0.11344830125823162	3.337789240542815e-7
0.11471554276452282	3.342800440199574e-7
0.11598912047834534	3.3478510229641263e-7
0.11726906608073695	3.3529413892379315e-7
0.11855541141114062	3.3580719446952823e-7
0.11984818846819621	3.363243100369911e-7
0.12114742941053713	3.3684552727432176e-7
0.12245316655758978	3.373708883834359e-7
0.1237654323903777	3.379004361292107e-7
0.12508425955232963	3.384342138488376e-7
0.12640968085009122	3.3897226546137306e-7
0.1277417292543416	3.39514635477498e-7
0.1290804379006133	3.4006136900943873e-7
0.13042584009011637	3.4061251178110444e-7
0.1317779692905669	3.411681101384365e-7
0.13313685913701961	3.4172821105996167e-7
0.13450254343270476	3.4229286216754564e-7
0.13587505614986833	3.4286211173738016e-7
0.13725443143061763	3.434360087112144e-7
0.13864070358777073	3.440146027077758e-7
0.14003390710570945	3.4459794403443555e-7
0.14143407664123803	3.4518608369915864e-7
0.1428412470244442	3.457790734226423e-7
0.1442554532595664	3.4637696565073757e-7
0.14567673052586416	3.469798135671401e-7
0.1471051141784935	3.47587671106305e-7
0.14854063974938603	3.4820059296668507e-7
0.149983342948133	3.4881863462423463e-7
0.15143325966287374	3.4944185234613576e-7
0.15289042596118813	3.500703032049258e-7
0.15435487809099402	3.507040450928324e-7
0.15582665248144906	3.513431367364659e-7
0.1573057857438562	3.5198763771181374e-7
0.15879231467257537	3.5263760845954853e-7
0.16028627624593816	3.5329311030067103e-7
0.16178770762716785	3.53954205452502e-7
0.16329664616530362	3.5462095704501664e-7
0.16481312939613008	3.552934291375285e-7
0.1663371950431107	3.559716867357463e-7
0.16786888101832628	3.5665579580919743e-7
0.1694082254234178	3.573458233090658e-7
0.1709552665505349	3.5804183718636815e-7
0.17251004288328747	3.587439064105796e-7
0.17407259309770393	3.594521009886791e-7
0.17564295606319252	3.601664919845753e-7
0.17722117084350858	3.60887151539023e-7
0.17880727669772617	3.6161415288993426e-7
0.18040131308121476	3.623475703932188e-7
0.18200331964662084	3.630874795440062e-7
0.18361333624485401	3.638339569984391e-7
0.18523140292607826	3.645870805959191e-7
0.18685755994070874	3.653469293818573e-7
0.1884918477404122	3.6611358363099244e-7
0.19013430697911424	3.668871248711768e-7
0.1917849785140098	3.6766763590781397e-7
0.19344390340657974	3.684552008487467e-7
0.19511112292361268	3.6924990512983615e-7
0.1967866785382308	3.7005183554108575e-7
0.19847061193092203	3.708610802533727e-7
0.20016296499057665	3.7167772884582986e-7
0.20186377981552947	3.7250187233391775e-7
0.2035730987146071	3.73333603198069e-7
0.20529096420818022	3.741730154131076e-7
0.20701741902922113	3.750202044783387e-7
0.20875250612436722	3.758752674483617e-7
0.210496268654989	3.767383029646347e-7
0.21224874999826396	3.7760941128781347e-7
0.21400999374825516	3.784886943308599e-7
0.21578004371699644	3.793762556929936e-7
0.21755894393558148	3.8027220069444186e-7
0.2193467386552594	3.811766364120757e-7
0.22114347234853576	3.82089671715912e-7
0.22294918971027836	3.83011417306534e-7
0.2247639356588297	3.8394198575344484e-7
0.2265877553371239	3.848814915343954e-7
0.2284206941138094	3.858300510756641e-7
0.23026279758437848	3.867877827933996e-7
0.23211411157230027	3.877548071359988e-7
0.23397468213016168	3.8873124662756664e-7
0.23584455554081238	3.8971722591245673e-7
0.23772377831851643	3.9071287180103e-7
0.23961239721010893	3.9171831331651894e-7
0.24151045919615952	3.92733681743162e-7
0.24341801149214037	3.9375911067554896e-7
0.24533510154960114	3.947947360692952e-7
0.24726177705734917	3.95840696293023e-7
0.24919808594263576	3.9689713218172376e-7
0.251144076372349	3.9796418709152376e-7
0.2530997967542107	3.990420069559091e-7
0.2550652957379817	4.0013074034348786e-7
0.2570406222166717	4.0123053851722965e-7
0.2590258253277551	4.023415554953662e-7
0.26102095445439405	4.0346394811392314e-7
0.2630260592266659	4.0459787609093495e-7
0.2650411895227993	4.0574350209242747e-7
0.2670663954704134	4.06900991800199e-7
0.26910172744776534	4.0807051398151063e-7
0.27114723608500396	4.092522405606268e-7
0.27320297226542917	4.104463466924004e-7
0.27526898712675635	4.1165301083793605e-7
0.27734533206239	4.1287241484231094e-7
0.2794320587227019	4.1410474401449515e-7
0.2815292190163153	4.153501872095974e-7
0.2836368651113967	4.166089369133774e-7
0.28575504943695385	4.178811893292108e-7
0.28788382468413853	4.191671444675291e-7
0.29002324380755934	4.204670062378639e-7
0.29217336002659705	4.21780982543516e-7
0.29433422682673016	4.2310928537903267e-7
0.29650589796086374	4.2445213093047667e-7
0.29868842745066804	4.2580973967869254e-7
0.30088186958792124	4.271823365055863e-7
0.3030862789358609	4.285701508035488e-7
0.30530171033054027	4.299734165882057e-7
0.307528218882193	4.313923726144437e-7
0.30976585997660405	4.3282726249599307e-7
0.312014689276487	4.342783348286316e-7
0.31427476272286925	4.3574584331707135e-7
0.3165461365364837	4.3723004690579206e-7
0.3188288672191662	4.387312099138111e-7
0.32112301155526213	4.4024960217367e-7
0.32342862661303834	4.4178549917470475e-7
0.3257457697461036	4.4333918221075556e-7
0.32807449859483384	4.449109385325209e-7
0.3304148710878078	4.4650106150471873e-7
0.33276694544324686	4.4810985076814696e-7
0.33513078017046305	4.497376124069724e-7
0.33750643407131514	4.5138465912131235e-7
0.3398939662416715	4.5305131040534236e-7
0.3422934360728799	4.547378927312038e-7
0.34470490325324404	4.5644473973880656e-7
0.3471284277695101	4.581721924318608e-7
0.34956406990835764	4.599205993803125e-7
0.3520118902578995	4.6169031692945283e-7
0.354471949709189	4.634817094159177e-7
0.3569443094577349	4.652951493909323e-7
0.3594290310050235	4.6713101785096324e-7
0.3619261761600484	4.689897044761505e-7
0.3644358070408486	4.7087160787682144e-7
0.36695798607605284	4.7277713584833146e-7
0.36949277600643327	4.7470670563466776e-7
0.37204023988646523	4.7666074420107676e-7
0.3746004410858973	4.786396885161027e-7
0.3771734432913268	4.806439858434643e-7
0.3797593105077832	4.826740940440672e-7
0.3823581070603219	4.847304818886745e-7
0.38496989759562367	4.868136293815722e-7
0.3875947470836016	4.889240280957839e-7
0.3902327208190196	4.910621815201846e-7
0.3928838844231145	4.932286054191525e-7
0.39554830384522993	4.954238282051638e-7
0.3982260453644561	4.976483913249161e-7
0.4009171755912785	4.999028496595996e-7
0.40362176146923495	5.021877719398365e-7
0.40633987027658097	5.045037411759625e-7
0.4090715696279639	5.068513551043032e-7
0.4118169274761037	5.092312266501395e-7
0.4145760121134843	5.11643984408072e-7
0.4173488921740515	5.140902731405808e-7
0.4201356366349219	5.165707542955215e-7
0.42293631481809635	5.190861065434667e-7
0.4257509963921868	5.21637026335712e-7
0.42857975137414767	5.242242284839331e-7
0.43142265013101855	5.26848446762399e-7
0.43427976338167373	5.295104345338593e-7
0.43715116219858224	5.322109654000573e-7
0.44003691800957523	5.349508338781734e-7
0.44293710259962304	5.377308561041603e-7
0.4458517881126211	5.405518705644769e-7
0.44878104705318417	5.434147388573863e-7
0.45172495228844983	5.463203464852152e-7
0.45468357704989204	5.492696036791142e-7
0.4576569949351413	5.522634462578466e-7
0.46064527990981685	5.553028365221608e-7
0.4636485063093658	5.583887641865722e-7
0.4666667488409128	5.615222473503507e-7
0.4697000825851173	5.647043335095102e-7
0.4727485829980427	5.679361006120713e-7
0.47581232591303285	5.712186581584285e-7
0.478891387542598	5.745531483493485e-7
0.48198584448031084	5.779407472838574e-7
0.4850957737027124	5.813826662095206e-7
0.48822125257122595	5.848801528278876e-7
0.49136235883408197	5.884344926578882e-7
0.4945191706282523	5.920470104600478e-7
0.4976917664813935	5.957190717249893e-7
0.5008802253138004	5.994520842292382e-7
0.5040846264403696	6.032474996621838e-7
0.5073050495725715	6.071068153277157e-7
0.5105415748204343	6.110315759248111e-7
0.5137942826945365	6.150233754111193e-7
0.517063254108009	6.190838589541205e-7
0.5203485703785492	6.23214724974677e-7
0.5236503132304419	6.274177272881309e-7
0.5269685647965939	6.316946773481776e-7
0.5303034076205766	6.36047446599492e-7
0.5336549246586795	6.404779689451654e-7
0.5370231992819728	6.449882433354013e-7
0.5404083152783826	6.495803364845695e-7
0.5438103568547747	6.542563857239542e-7
0.5472294086390483	6.590186019980656e-7
0.5506655556822436	6.638692730131109e-7
0.5541188834606549	6.688107665464153e-7
0.5575894778779582	6.738455339266106e-7
0.5610774252673477	6.789761136947629e-7
0.5645828123936844	6.84205135457429e-7
0.5681057264556525	6.895353239435426e-7
0.5716462550879309	6.949695032775678e-7
0.5752044863633705	7.005106014825343e-7
0.5787805087951873	7.061616552274485e-7
0.5823744113391631	7.119258148345665e-7
0.5859862833958588	7.178063495633082e-7
0.5896162148128381	7.238066531887105e-7
0.5932642958869024	7.299302498939006e-7
0.5969306173663369	7.36180800497077e-7
0.6006152704531684	7.425621090359423e-7
0.6043183468054344	7.490781297334039e-7
0.6080399385394615	7.557329743708355e-7
0.6117801382321587	7.625309200973657e-7
0.6155390389233192	7.69476417705706e-7
0.6193167341179359	7.765741004077961e-7
0.6231133177885255	7.838287931463913e-7
0.6269288843774683	7.91245522481799e-7
0.6307635287993556	7.9882952709658e-7
0.6346173464433522	8.065862689645662e-7
0.6384904331755688	8.145214452353011e-7
0.6423828853414466	8.226410008891387e-7
0.6462947997681537	8.309511422243009e-7
0.6502262737669944	8.394583512421468e-7
0.6541774051358293	8.481694010044574e-7
0.6581482921615082	8.570913720431956e-7
0.6621390336223156	8.662316699117566e-7
0.6661497287904271	8.755980439761306e-7
0.6701804774343789	8.851986075545871e-7
0.6742313798215507	8.950418595265601e-7
0.6783025367206585	9.051367075444607e-7
0.682394049404262	9.154924929973911e-7
0.6865060196512833	9.261190178927496e-7
0.6906385497495399	9.370265738409648e-7
0.6947917424982876	9.482259733505264e-7
0.6989657012107791	9.597285836656674e-7
0.7031605297168331	9.715463634070098e-7
0.7073763323654171	9.836919023084086e-7
0.7116132140272443	9.96178464379494e-7
0.7158712800973803	1.009020034866201e-6
0.7201506364978669	1.0222313714289956e-6
0.724451389680356	1.0358280600142084e-6
0.7287736466287575	1.04982657595631e-6
0.7331175148619014	1.0642443509213832e-6
0.737483102436211	1.0790998463842572e-6
0.7418705179483918	1.0944126344266625e-6
0.7462798705381338	1.1102034867518621e-6
0.7507112698908246	1.126494472935553e-6
0.7551648262402787	1.1433090690753613e-6
0.7596406503714802	1.1606722781642168e-6
0.7641388536233378	1.1786107637007993e-6
0.7686595478914543	1.1971529982638759e-6
0.7732028456309116	1.216329429024518e-6
0.777768859859066	1.2361726624512592e-6
0.7823577041583611	1.2567176707864226e-6
0.7869694926791531	1.2780020232416118e-6
0.7916043401425489	1.3000661452835288e-6
0.7962623618432616	1.3229536098648893e-6
0.8009436736524779	1.3467114650083968e-6
0.8056483920207402	1.3713906027837396e-6
0.8103766339808439	1.3970461754381168e-6
0.8151285171507483	1.423738065263274e-6
0.8199041597365018	1.4515314157194797e-6
0.8247036805351844	1.480497232402846e-6
0.8295271989378604	1.5107130636575987e-6
0.8343748349325497	1.542263772014113e-6
0.8392467091072124	1.5752424092032485e-6
0.8441429426527486	1.6097512092787e-6
0.8490636573660123	1.6459027164038019e-6
0.8540089756528424	1.6838210661598604e-6
0.8589790205311068	1.7236434418475152e-6
0.8639739156337622	1.765521730231516e-6
0.868973915633762	1.809445665087448e-6
0.8739739156337618	1.8555262417999348e-6
0.8789739156337616	1.9039317347693996e-6
0.8839739156337615	1.954847606855422e-6
0.8889739156337613	2.008478435937193e-6
0.893973915633761	2.0650500546797526e-6
0.8989739156337608	2.1248119265072557e-6
0.9039739156337606	2.1880397833837822e-6
0.9089739156337604	2.255038554122445e-6
0.9139739156337602	2.326145615563403e-6
0.91897391563376	2.401734403158754e-6
0.9239739156337599	2.482218422376717e-6
0.9289739156337596	2.568055707992583e-6
0.9339739156337594	2.659753784895472e-6
0.9389739156337592	2.7578751916462283e-6
0.943973915633759	2.863043636844362e-6
0.9489739156337588	2.9759508685920587e-6
0.9539739156337586	3.097364349215956e-6
0.9589739156337583	3.2281358412064227e-6
0.9639739156337582	3.369211026385928e-6
0.968973915633758	3.52164029903414e-6
0.9739739156337578	3.6865908955523312e-6
0.9789739156337576	3.865360548820181e-6
0.9839739156337574	4.05939288536985e-6
0.9889739156337571	4.270294818677715e-6
0.9939739156337569	4.499856233223132e-6
0.9989739156337567	4.750072302597712e-6
1.0039739156337566	5.023168842202981e-6
1.0089739156337563	5.321631164487576e-6
1.0139739156337562	5.6482369840597e-6
1.0189739156337558	6.006094013455564e-6
1.0239739156337557	6.398683000288844e-6
1.0289739156337556	6.829907085730996e-6
1.0339739156337553	7.3041485159728055e-6
1.0389739156337552	7.826333916102907e-6
1.0439739156337549	8.402009543722744e-6
1.0489739156337547	9.037428182051639e-6
1.0539739156337544	9.739649613993009e-6
1.0589739156337543	1.0516656944643921e-5
1.0639739156337542	1.1377491414981308e-5
1.0689739156337539	1.233240877863119e-5
1.0739739156337538	1.339306080051e-5
1.0789739156337534	1.4572705982926896e-5
1.0839739156337533	1.588645423097147e-5
1.088973915633753	1.7351550829833897e-5
1.093973915633753	1.898770581088812e-5
1.0989739156337526	2.0817475510038646e-5
1.1039739156337525	2.2866703836590028e-5
1.1089739156337524	2.5165031420469705e-5
1.113973915633752	2.7746481310822393e-5
1.118973915633752	3.065013014646658e-5
1.1239739156337516	3.392087355046346e-5
1.1289739156337515	3.761029370315878e-5
1.1339739156337512	4.177763533838356e-5
1.138973915633751	4.649089342606941e-5
1.143973915633751	5.182801110830676e-5
1.1489739156337506	5.787817952671198e-5
1.1539739156337505	6.474322145216662e-5
1.1589739156337502	7.253902755698267e-5
1.16397391563375	8.139699734273747e-5
1.1689739156337497	9.146541606750228e-5
1.1739739156337496	0.00010291067501896469
1.1789739156337493	0.00011591821663797115
1.1839739156337492	0.0001306930611867044
1.187980436725312	0.00014395815663850988
1.1919869578168745	0.00015862625867543294
1.1959934789084372	0.0001748286910108757
1.2	0.00019270334767282468
