0.0006999999999999628	2.5809417233866214e-7
0.001403500000000035	2.5827973160516643e-7
0.0021105174999999296	2.5846648385827097e-7
0.0028210700874998964	2.586544366090686e-7
0.003535175437937438	2.5884359908283605e-7
0.004252851315127062	2.59033980612345e-7
0.004974115571702636	2.5922559061998795e-7
0.005698986149561044	2.59418438618722e-7
0.006427481080308875	2.596125342132316e-7
0.007159618485710418	2.5980788710107465e-7
0.007895416578138905	2.600045070738332e-7
0.008634893661029494	2.602024040182963e-7
0.00937806812933463	2.604015879176171e-7
0.010124958469981361	2.606020688525112e-7
0.010875583262331262	2.60803857002453e-7
0.01162996117864295	2.610069626469025e-7
0.012388110984536127	2.612113961665321e-7
0.013150051539458866	2.6141716804446247e-7
0.013915801797156208	2.6162428886754854e-7
0.014685380806142003	2.618327693276615e-7
0.015458807710172712	2.620426202229753e-7
0.01623610174872358	2.6225385245930585e-7
0.017017282257467212	2.6246647705143144e-7
0.017802368668754516	2.6268050512446906e-7
0.01859138051209827	2.628959479152485e-7
0.019384337414658823	2.631128167737102e-7
0.020181259101732015	2.6333112316432425e-7
0.020982165397240727	2.6355087866753053e-7
0.02178707622422691	2.6377209498121796e-7
0.02259601160534814	2.639947839221854e-7
0.02340899166337483	2.6421895742767005e-7
0.024226036621691812	2.644446275568597e-7
0.02504716680480027	2.6467180649246653e-7
0.025872402638824326	2.649005065422898e-7
0.02670176465201842	2.651307401408212e-7
0.02753527347527842	2.65362519850878e-7
0.028372949842654864	2.6559585836524125e-7
0.0292148145918682	2.658307685083476e-7
0.03006088866482743	2.6606726323797827e-7
0.03091119310815165	2.6630535564699563e-7
0.0317657490736924	2.6654505896510673e-7
0.03262457781906081	2.667863865606232e-7
0.03348770070815601	2.6702935194229954e-7
0.034355139211696875	2.672739687611574e-7
0.035226914907755424	2.6752025081235845e-7
0.03610304948229413	2.6776821203709686e-7
0.03698356472970569	2.680178665245406e-7
0.03786848255335419	2.6826922851377907e-7
0.038757824966120964	2.685223123958193e-7
0.03965161409095162	2.6877713271560104e-7
0.04054987216140643	2.690337041740549e-7
0.04145262152221345	2.6929204163018943e-7
0.04235988462982453	2.695521601032132e-7
0.04327168405297366	2.698140747746874e-7
0.0441880424732386	2.7007780099071383e-7
0.04510898268560485	2.7034335426415915e-7
0.046034527599032954	2.7061075027692364e-7
0.04696470023702812	2.708800048822309e-7
0.04789952373821329	2.7115113410696944e-7
0.048839021356904266	2.714241541540537e-7
0.04978321646368884	2.716990814048584e-7
0.05073213254600732	2.7197593242165156e-7
0.05168579320873729	2.7225472395009663e-7
0.052644222174780875	2.7253547292177954e-7
0.05360744328565471	2.728181964568071e-7
0.054575480502083065	2.7310291186638707e-7
0.055548357904593434	2.733896366555267e-7
0.056526099694116344	2.7367838852572373e-7
0.0575087301925869	2.7396918537772383e-7
0.05849627384354973	2.7426204531432474e-7
0.05948875521276744	2.745569866431972e-7
0.06048619898883127	2.7485402787981984e-7
0.061488629983775384	2.7515318775039124e-7
0.06249607313369419	2.754544851948325e-7
0.06350855349936275	2.7575793936985034e-7
0.06452609626685958	2.760635696520077e-7
0.06554872674819387	2.763713956408788e-7
0.06657647038193484	2.766814371622695e-7
0.06760935273384447	2.769937142714682e-7
0.06864739949751365	2.773082472565581e-7
0.0696906364950013	2.776250566417947e-7
0.07073908967747639	2.779441631910465e-7
0.07179278512586384	2.7826558791126583e-7
0.07285174905149322	2.7858935205606425e-7
0.0739160077967507	2.7891547712932427e-7
0.07498558783573436	2.7924398488887146e-7
0.07606051577491299	2.795748973502222e-7
0.07714081835378758	2.7990823679039675e-7
0.07822652244555647	2.8024402575180047e-7
0.07931765505778425	2.805822870461721e-7
0.0804142433330731	2.8092304375859024e-7
0.08151631454973848	2.81266319251573e-7
0.08262389612248718	2.8161213716925234e-7
0.0837370156030995	2.819605214415895e-7
0.0848557006811149	2.8231149628871607e-7
0.0859799791845205	2.826650862253028e-7
0.08710987908044313	2.8302131606505463e-7
0.08824542847584534	2.833802109252587e-7
0.08938665561822454	2.8374179623141525e-7
0.09053358889631567	2.8410609772197213e-7
0.09168625684079722	2.844731414531338e-7
0.09284468812500112	2.8484295380375355e-7
0.09400891156562617	2.852155614803365e-7
0.0951789561234543	2.855909915221086e-7
0.09635485090407148	2.8596927130620555e-7
0.09753662515859184	2.863504285529432e-7
0.0987243082843847	2.867344913311871e-7
0.09991792982580656	2.871214880638294e-7
0.10111751947493569	2.8751144753337497e-7
0.10232310707231031	2.879043988876085e-7
0.1035347226076718	2.883003716453977e-7
0.10475239622071016	2.8869939570258346e-7
0.10597615820181366	2.891015013380107e-7
0.10720603899282274	2.895067192196339e-7
0.10844206918778684	2.8991508041079085e-7
0.10968427953372567	2.9032661637654044e-7
0.1109327009313943	2.9074135899017683e-7
0.11218736443605135	2.911593405398322e-7
0.11344830125823162	2.915805937352229e-7
0.11471554276452282	2.920051517145306e-7
0.11598912047834534	2.9243304805140894e-7
0.11726906608073695	2.928643167621285e-7
0.11855541141114062	2.932989923128815e-7
0.11984818846819621	2.9373710962718245e-7
0.12114742941053713	2.941787040934905e-7
0.12245316655758978	2.9462381157291316e-7
0.1237654323903777	2.950724684070987e-7
0.12508425955232963	2.955247114262845e-7
0.12640968085009122	2.959805779574882e-7
0.1277417292543416	2.9644010583289976e-7
0.1290804379006133	2.9690333339840574e-7
0.13042584009011637	2.973702995223e-7
0.1317779692905669	2.9784104360419305e-7
0.13313685913701961	2.983156055840613e-7
0.13450254343270476	2.987940259515198e-7
0.13587505614986833	2.9927634575525957e-7
0.13725443143061763	2.9976260661270733e-7
0.13864070358777073	3.0025285071984705e-7
0.14003390710570945	3.007471208612786e-7
0.14143407664123803	3.0124546042048073e-7
0.1428412470244442	3.017479133902566e-7
0.1442554532595664	3.0225452438345726e-7
0.14567673052586416	3.027653386438704e-7
0.1471051141784935	3.032804020573812e-7
0.14854063974938603	3.0379976116334145e-7
0.149983342948133	3.043234631662086e-7
0.15143325966287374	3.048515559474055e-7
0.15289042596118813	3.053840880774526e-7
0.15435487809099402	3.059211088283552e-7
0.15582665248144906	3.064626681862508e-7
0.1573057857438562	3.07008816864346e-7
0.15879231467257537	3.075596063161175e-7
0.16028627624593816	3.0811508874881313e-7
0.16178770762716785	3.086753171372406e-7
0.16329664616530362	3.0924034523786264e-7
0.16481312939613008	3.0981022760320125e-7
0.1663371950431107	3.103850195965539e-7
0.16786888101832628	3.10964777407064e-7
0.1694082254234178	3.115495580650767e-7
0.1709552665505349	3.1213941945788706e-7
0.17251004288328747	3.12734420345815e-7
0.17407259309770393	3.133346203786492e-7
0.17564295606319252	3.139400801124536e-7
0.17722117084350858	3.1455086102678394e-7
0.17880727669772617	3.151670255422422e-7
0.18040131308121476	3.157886370384986e-7
0.18200331964662084	3.164157598726645e-7
0.18361333624485401	3.1704845939813907e-7
0.18523140292607826	3.176868019838412e-7
0.18685755994070874	3.1833085503396e-7
0.1884918477404122	3.1898068700806033e-7
0.19013430697911424	3.196363674417648e-7
0.1917849785140098	3.202979669678433e-7
0.19344390340657974	3.2096555733785913e-7
0.19511112292361268	3.2163921144425127e-7
0.1967866785382308	3.223190033430298e-7
0.19847061193092203	3.2300500827693925e-7
0.20016296499057665	3.2369730269920995e-7
0.20186377981552947	3.2439596429787617e-7
0.2035730987146071	3.251010720206625e-7
0.20529096420818022	3.258127061005117e-7
0.20701741902922113	3.265309480816763e-7
0.20875250612436722	3.272558808464942e-7
0.210496268654989	3.279875886427976e-7
0.21224874999826396	3.287261571119825e-7
0.21400999374825516	3.2947167331781616e-7
0.21578004371699644	3.302242257758966e-7
0.21755894393558148	3.3098390448390674e-7
0.2193467386552594	3.317508009525569e-7
0.22114347234853576	3.325250082373735e-7
0.22294918971027836	3.333066209712276e-7
0.2247639356588297	3.340957353977184e-7
0.2265877553371239	3.348924494053991e-7
0.2284206941138094	3.356968625628647e-7
0.23026279758437848	3.3650907615474844e-7
0.23211411157230027	3.373291932186316e-7
0.23397468213016168	3.3815731858291565e-7
0.23584455554081238	3.389935589056605e-7
0.23772377831851643	3.398380227144717e-7
0.23961239721010893	3.406908204473614e-7
0.24151045919615952	3.415520644947548e-7
0.24341801149214037	3.4242186924253504e-7
0.24533510154960114	3.4330035111629044e-7
0.24726177705734917	3.441876286266954e-7
0.24919808594263576	3.450838224161019e-7
0.251144076372349	3.4598905530640385e-7
0.2530997967542107	3.4690345234817664e-7
0.2550652957379817	3.4782714087113724e-7
0.2570406222166717	3.487602505359831e-7
0.2590258253277551	3.497029133876426e-7
0.26102095445439405	3.5065526390998466e-7
0.2630260592266659	3.516174390820339e-7
0.2650411895227993	3.525895784357343e-7
0.2670663954704134	3.5357182411531576e-7
0.26910172744776534	3.545643209383281e-7
0.27114723608500396	3.5556721645835707e-7
0.27320297226542917	3.5658066102955165e-7
0.27526898712675635	3.5760480787291176e-7
0.27734533206239	3.5863981314451795e-7
0.2794320587227019	3.5968583600566045e-7
0.2815292190163153	3.607430386950154e-7
0.2836368651113967	3.618115866028614e-7
0.28575504943695385	3.6289164834747773e-7
0.28788382468413853	3.6398339585372974e-7
0.29002324380755934	3.650870044339769e-7
0.29217336002659705	3.662026528713276e-7
0.29433422682673016	3.6733052350537727e-7
0.29650589796086374	3.684708023204453e-7
0.29868842745066804	3.6962367903647356e-7
0.30088186958792124	3.707893472026087e-7
0.3030862789358609	3.7196800429364983e-7
0.30530171033054027	3.731598518093334e-7
0.307528218882193	3.7436509537667013e-7
0.30976585997660405	3.755839448554165e-7
0.312014689276487	3.7681661444674504e-7
0.31427476272286925	3.780633228052694e-7
0.3165461365364837	3.7932429315452914e-7
0.3188288672191662	3.805997534060887e-7
0.32112301155526213	3.81889936282321e-7
0.32342862661303834	3.831950794430733e-7
0.3257457697461036	3.8451542561632566e-7
0.32807449859483384	3.858512227329685e-7
0.3304148710878078	3.8720272406592823e-7
0.33276694544324686	3.8857018837369245e-7
0.33513078017046305	3.8995388004849355e-7
0.33750643407131514	3.913540692692895e-7
0.3398939662416715	3.927710321597114e-7
0.3422934360728799	3.9420505095117906e-7
0.34470490325324404	3.9565641415137913e-7
0.3471284277695101	3.9712541671833265e-7
0.34956406990835764	3.986123602402196e-7
0.3520118902578995	4.001175531212407e-7
0.354471949709189	4.0164131077368675e-7
0.3569443094577349	4.03183955816546e-7
0.3594290310050235	4.047458182807937e-7
0.3619261761600484	4.0632723582175154e-7
0.3644358070408486	4.079285539386889e-7
0.36695798607605284	4.095501262020461e-7
0.36949277600643327	4.111923144884954e-7
0.37204023988646523	4.128554892242549e-7
0.3746004410858973	4.1454002963692685e-7
0.3771734432913268	4.1624632401618515e-7
0.3797593105077832	4.179747699837958e-7
0.3823581070603219	4.1972577477319776e-7
0.38496989759562367	4.2149975551915615e-7
0.3875947470836016	4.2329713955788653e-7
0.3902327208190196	4.2511836473805446e-7
0.3928838844231145	4.269638797431217e-7
0.39554830384522993	4.2883414442559886e-7
0.3982260453644561	4.30729630153554e-7
0.4009171755912785	4.326508201700961e-7
0.40362176146923495	4.3459820996623087e-7
0.40633987027658097	4.3657230766778066e-7
0.4090715696279639	4.3857363443693167e-7
0.4118169274761037	4.406027248890576e-7
0.4145760121134843	4.426601275255305e-7
0.4173488921740515	4.4474640518319125e-7
0.4201356366349219	4.468621355012607e-7
0.42293631481809635	4.490079114064344e-7
0.4257509963921868	4.5118434161706193e-7
0.42857975137414767	4.5339205116719905e-7
0.43142265013101855	4.556316819514938e-7
0.43427976338167373	4.5790389329191257e-7
0.43715116219858224	4.6020936252720424e-7
0.44003691800957523	4.625487856262801e-7
0.44293710259962304	4.6492287782659634e-7
0.4458517881126211	4.6733237429874754e-7
0.44878104705318417	4.6977803083844294e-7
0.45172495228844983	4.7226062458731693e-7
0.45468357704989204	4.74780954783854e-7
0.4576569949351413	4.773398435459769e-7
0.46064527990981685	4.799381366867708e-7
0.4636485063093658	4.825767045650552e-7
0.4666667488409128	4.852564429724945e-7
0.4697000825851173	4.879782740591071e-7
0.4727485829980427	4.907431472990584e-7
0.47581232591303285	4.935520404988155e-7
0.478891387542598	4.964059608498641e-7
0.48198584448031084	4.993059460281661e-7
0.4850957737027124	5.022530653429316e-7
0.48822125257122595	5.052484209371245e-7
0.49136235883408197	5.082931490425502e-7
0.4945191706282523	5.113884212923171e-7
0.4976917664813935	5.145354460937648e-7
0.5008802253138004	5.177354700651545e-7
0.5040846264403696	5.209897795394234e-7
0.5073050495725715	5.242997021388557e-7
0.5105415748204343	5.276666084243664e-7
0.5137942826945365	5.310919136236852e-7
0.517063254108009	5.345770794426423e-7
0.5203485703785492	5.381236159644895e-7
0.5236503132304419	5.417330836419494e-7
0.5269685647965939	5.45407095387473e-7
0.5303034076205766	5.491473187672279e-7
0.5336549246586795	5.529554783049603e-7
0.5370231992819728	5.568333579019596e-7
0.5404083152783826	5.607828033801556e-7
0.5438103568547747	5.648057251554619e-7
0.5472294086390483	5.689041010493675e-7
0.5506655556822436	5.730799792469374e-7
0.5541188834606549	5.773354814102292e-7
0.5575894778779582	5.81672805956732e-7
0.5610774252673477	5.860942315129344e-7
0.5645828123936844	5.906021205540402e-7
0.5681057264556525	5.95198923241685e-7
0.5716462550879309	5.998871814721279e-7
0.5752044863633705	6.046695331486005e-7
0.5787805087951873	6.095487166923566e-7
0.5823744113391631	6.145275758081594e-7
0.5859862833958588	6.196090645210475e-7
0.5896162148128381	6.247962525026978e-7
0.5932642958869024	6.300923307069985e-7
0.5969306173663369	6.355006173361413e-7
0.6006152704531684	6.410245641601333e-7
0.6043183468054344	6.466677632146816e-7
0.6080399385394615	6.52433953904371e-7
0.6117801382321587	6.58327030540419e-7
0.6155390389233192	6.643510503446611e-7
0.6193167341179359	6.705102419544945e-7
0.6231133177885255	6.768090144662216e-7
0.6269288843774683	6.83251967058007e-7
0.6307635287993556	6.898438992369692e-7
0.6346173464433522	6.965898217597603e-7
0.6384904331755688	7.034949682798992e-7
0.6423828853414466	7.105648077809587e-7
0.6462947997681537	7.178050578600971e-7
0.6502262737669944	7.252216989330615e-7
0.6541774051358293	7.328209894390775e-7
0.6581482921615082	7.406094821319878e-7
0.6621390336223156	7.485940415534403e-7
0.6661497287904271	7.567818627938798e-7
0.6701804774343789	7.651804916590856e-7
0.6742313798215507	7.737978463726933e-7
0.6783025367206585	7.826422409603037e-7
0.682394049404262	7.917224104773683e-7
0.6865060196512833	8.010475382621579e-7
0.6906385497495399	8.106272854167519e-7
0.6947917424982876	8.204718227434315e-7
0.6989657012107791	8.305918653922054e-7
0.7031605297168331	8.409987105065604e-7
0.7073763323654171	8.517042781915768e-7
0.7116132140272443	8.627211561694989e-7
0.7158712800973803	8.740626485358141e-7
0.7201506364978669	8.857428290831121e-7
0.724451389680356	8.977765997220092e-7
0.7287736466287575	9.101797545999649e-7
0.7331175148619014	9.229690506001756e-7
0.737483102436211	9.361622849962758e-7
0.7418705179483918	9.497783811459621e-7
0.7462798705381338	9.63837483229156e-7
0.7507112698908246	9.783610611776414e-7
0.7551648262402787	9.933720271043311e-7
0.7596406503714802	1.0088948647256487e-6
0.7641388536233378	1.0249557734827096e-6
0.7686595478914543	1.0415828293103063e-6
0.7732028456309116	1.058806164281167e-6
0.777768859859066	1.0766581676723294e-6
0.7823577041583611	1.0951737113655074e-6
0.7869694926791531	1.1143904029114464e-6
0.7916043401425489	1.1343488700663611e-6
0.7962623618432616	1.155093081154845e-6
0.8009436736524779	1.1766707062380202e-6
0.8056483920207402	1.1991335247791218e-6
0.8103766339808439	1.2225378863116816e-6
0.8151285171507483	1.2469452315446705e-6
0.8199041597365018	1.272422682397132e-6
0.8247036805351844	1.2990437106616942e-6
0.8295271989378604	1.3268888963714779e-6
0.8343748349325497	1.3560467885110424e-6
0.8392467091072124	1.3866148824971236e-6
0.8441429426527486	1.4187007308875713e-6
0.8490636573660123	1.4524232060940204e-6
0.8540089756528424	1.487913936515816e-6
0.8589790205311068	1.5253189405281277e-6
0.8639739156337622	1.5648004862013142e-6
0.868973915633762	1.6063697194595583e-6
0.8739739156337618	1.6501534327676697e-6
0.8789739156337616	1.696335092052606e-6
0.8839739156337615	1.7451174463112027e-6
0.8889739156337613	1.7967247146443917e-6
0.893973915633761	1.8514050181402515e-6
0.8989739156337608	1.909433083428184e-6
0.9039739156337606	1.9711132477413473e-6
0.9089739156337604	2.036782798868651e-6
0.9139739156337602	2.1068156874359748e-6
0.91897391563376	2.1816266536045545e-6
0.9239739156337599	2.2616758156094757e-6
0.9289739156337596	2.3474737736864927e-6
0.9339739156337594	2.4395872899742516e-6
0.9389739156337592	2.5386456130775966e-6
0.943973915633759	2.6453475253014275e-6
0.9489739156337588	2.760469201317044e-6
0.9539739156337586	2.8848729794428682e-6
0.9589739156337583	3.0195171610949824e-6
0.9639739156337582	3.1654669706349455e-6
0.968973915633758	3.323906827228552e-6
0.9739739156337578	3.496154102924039e-6
0.9789739156337576	3.6836745675564042e-6
0.9839739156337574	3.888099752000325e-6
0.9889739156337571	4.111246497562714e-6
0.9939739156337569	4.355139001936009e-6
0.9989739156337567	4.622033722289174e-6
1.0039739156337566	4.914447555140434e-6
1.0089739156337563	5.235189782227395e-6
1.0139739156337562	5.587398353523284e-6
1.0189739156337558	5.974581174961143e-6
1.0239739156337557	6.400663181746699e-6
1.0289739156337556	6.870040111094935e-6
1.0339739156337553	7.38764004386426e-6
1.0389739156337552	7.958993966272144e-6
1.0439739156337549	8.590316814295656e-6
1.0489739156337547	9.288600708408529e-6
1.0539739156337544	1.0061722368963756e-5
1.0589739156337543	1.0918567026741288e-5
1.0639739156337542	1.1869171512443322e-5
1.0689739156337539	1.2924889625875317e-5
1.0739739156337538	1.409858335122285e-5
1.0789739156337534	1.5404843997561123e-5
1.0839739156337533	1.686024789785091e-5
1.088973915633753	1.8483651883307648e-5
1.093973915633753	2.0296534342748305e-5
1.0989739156337526	2.2323388245534446e-5
1.1039739156337525	2.4592173002657767e-5
1.1089739156337524	2.7134832391575655e-5
1.113973915633752	2.9987885875496358e-5
1.118973915633752	3.319310036854877e-5
1.1239739156337516	3.67982486498102e-5
1.1289739156337515	4.085795897188268e-5
1.1339739156337512	4.543465764213471e-5
1.138973915633751	5.0599602112839366e-5
1.143973915633751	5.643399598252737e-5
1.1489739156337506	6.303016884212325e-5
1.1539739156337505	7.049279268488555e-5
1.1589739156337502	7.894009236059411e-5
1.16397391563375	8.850499030383509e-5
1.1689739156337497	9.933610603164544e-5
1.1739739156337496	0.00011159851002269636
1.1789739156337493	0.00012547411202697676
1.1839739156337492	0.000141161549500188
1.187980436725312	0.00015518348824147468
1.1919869578168745	0.00017062369173932683
1.1959934789084372	0.0001876044553643651
1.2	0.00020625248783069403
