0.0006999999999999628	8.603461029406117e-7
0.001403500000000035	8.61012819954014e-7
0.0021105174999999296	8.616837568458215e-7
0.0028210700874998964	8.623589485650338e-7
0.003535175437937438	8.630384273451998e-7
0.004252851315127062	8.637222256625615e-7
0.004974115571702636	8.644103762867995e-7
0.005698986149561044	8.651029122876096e-7
0.006427481080308875	8.657998670396727e-7
0.007159618485710418	8.665012742275039e-7
0.007895416578138905	8.672071678498456e-7
0.008634893661029494	8.679175822239873e-7
0.00937806812933463	8.686325519900789e-7
0.010124958469981361	8.693521121152509e-7
0.010875583262331262	8.700762978978565e-7
0.01162996117864295	8.708051449716208e-7
0.012388110984536127	8.715386893098659e-7
0.013150051539458866	8.722769672297482e-7
0.013915801797156208	8.73020015396481e-7
0.014685380806142003	8.73767870827645e-7
0.015458807710172712	8.745205708975626e-7
0.01623610174872358	8.752781533416536e-7
0.017017282257467212	8.760406562608719e-7
0.017802368668754516	8.768081181262396e-7
0.01859138051209827	8.775805777833295e-7
0.019384337414658823	8.783580744569491e-7
0.020181259101732015	8.791406477557682e-7
0.020982165397240727	8.799283376770232e-7
0.02178707622422691	8.807211846113748e-7
0.02259601160534814	8.815192293477055e-7
0.02340899166337483	8.823225130781315e-7
0.024226036621691812	8.831310774028456e-7
0.02504716680480027	8.839449643353712e-7
0.025872402638824326	8.847642163075462e-7
0.02670176465201842	8.855888761748221e-7
0.02753527347527842	8.86418987221525e-7
0.028372949842654864	8.872545931662192e-7
0.0292148145918682	8.880957381671141e-7
0.03006088866482743	8.889424668276602e-7
0.03091119310815165	8.897948242020801e-7
0.0317657490736924	8.90652855801082e-7
0.03262457781906081	8.915166075976366e-7
0.03348770070815601	8.923861260328085e-7
0.034355139211696875	8.932614580217287e-7
0.035226914907755424	8.941426509596018e-7
0.03610304948229413	8.950297527278084e-7
0.03698356472970569	8.95922811700198e-7
0.03786848255335419	8.968218767493106e-7
0.038757824966120964	8.977269972528205e-7
0.03965161409095162	8.986382231000694e-7
0.04054987216140643	8.995556046985877e-7
0.04145262152221345	9.004791929808862e-7
0.04235988462982453	9.014090394112254e-7
0.04327168405297366	9.023451959925048e-7
0.0441880424732386	9.03287715273353e-7
0.04510898268560485	9.042366503551366e-7
0.046034527599032954	9.051920548993556e-7
0.04696470023702812	9.061539831348957e-7
0.04789952373821329	9.07122489865482e-7
0.048839021356904266	9.080976304773497e-7
0.04978321646368884	9.090794609468732e-7
0.05073213254600732	9.100680378484678e-7
0.05168579320873729	9.110634183624535e-7
0.052644222174780875	9.120656602832105e-7
0.05360744328565471	9.13074822027359e-7
0.054575480502083065	9.140909626420955e-7
0.055548357904593434	9.151141418136649e-7
0.056526099694116344	9.161444198759904e-7
0.0575087301925869	9.171818578193796e-7
0.05849627384354973	9.182265172994699e-7
0.05948875521276744	9.192784606462329e-7
0.06048619898883127	9.203377508731474e-7
0.061488629983775384	9.214044516865454e-7
0.06249607313369419	9.224786274950961e-7
0.06350855349936275	9.235603434194281e-7
0.06452609626685958	9.246496653019676e-7
0.06554872674819387	9.257466597168422e-7
0.06657647038193484	9.268513939800523e-7
0.06760935273384447	9.279639361597091e-7
0.06864739949751365	9.290843550865744e-7
0.0696906364950013	9.302127203646451e-7
0.07073908967747639	9.313491023819562e-7
0.07179278512586384	9.324935723216141e-7
0.07285174905149322	9.336462021729553e-7
0.0739160077967507	9.348070647429408e-7
0.07498558783573436	9.359762336676721e-7
0.07606051577491299	9.371537834242003e-7
0.07714081835378758	9.383397893424381e-7
0.07822652244555647	9.395343276173546e-7
0.07931765505778425	9.407374753213414e-7
0.0804142433330731	9.419493104167521e-7
0.08151631454973848	9.431699117687763e-7
0.08262389612248718	9.443993591583571e-7
0.0837370156030995	9.456377332955339e-7
0.0848557006811149	9.468851158328336e-7
0.0859799791845205	9.481415893790266e-7
0.08710987908044313	9.494072375130444e-7
0.08824542847584534	9.506821447982082e-7
0.08938665561822454	9.51966396796598e-7
0.09053358889631567	9.532600800838178e-7
0.09168625684079722	9.545632822638617e-7
0.09284468812500112	9.558760919844118e-7
0.09400891156562617	9.57198598952281e-7
0.0951789561234543	9.585308939491774e-7
0.09635485090407148	9.598730688477223e-7
0.09753662515859184	9.61225216627796e-7
0.0987243082843847	9.625874313931899e-7
0.09991792982580656	9.639598083884634e-7
0.10111751947493569	9.653424440161806e-7
0.10232310707231031	9.667354358545064e-7
0.1035347226076718	9.681388826749526e-7
0.10475239622071016	9.695528844606754e-7
0.10597615820181366	9.709775424248763e-7
0.10720603899282274	9.724129590297197e-7
0.10844206918778684	9.73859238005494e-7
0.10968427953372567	9.753164843701863e-7
0.1109327009313943	9.767848044493453e-7
0.11218736443605135	9.78264305896396e-7
0.11344830125823162	9.797550977132945e-7
0.11471554276452282	9.812572902715373e-7
0.11598912047834534	9.827709953336224e-7
0.11726906608073695	9.842963260748445e-7
0.11855541141114062	9.858333971055976e-7
0.11984818846819621	9.87382324493979e-7
0.12114742941053713	9.88943225788894e-7
0.12245316655758978	9.905162200436009e-7
0.1237654323903777	9.921014278397315e-7
0.12508425955232963	9.936989713115636e-7
0.12640968085009122	9.953089741711622e-7
0.1277417292543416	9.969315617335424e-7
0.1290804379006133	9.985668609426627e-7
0.13042584009011637	1.0002150003977673e-6
0.1317779692905669	1.001876110380239e-6
0.13313685913701961	1.0035503228810305e-6
0.13450254343270476	1.0052377716286319e-6
0.13587505614986833	1.0069385921174433e-6
0.13725443143061763	1.0086529216369664e-6
0.13864070358777073	1.010380899301295e-6
0.14003390710570945	1.012122666079392e-6
0.14143407664123803	1.0138783648258455e-6
0.1428412470244442	1.0156481403123017e-6
0.1442554532595664	1.0174321392594902e-6
0.14567673052586416	1.0192305103699154e-6
0.1471051141784935	1.0210434043611411e-6
0.14854063974938603	1.022870973999923e-6
0.149983342948133	1.0247133741366914e-6
0.15143325966287374	1.0265707617411515e-6
0.15289042596118813	1.0284432959382667e-6
0.15435487809099402	1.0303311380451712e-6
0.15582665248144906	1.0322344516087503e-6
0.1573057857438562	1.0341534024439928e-6
0.15879231467257537	1.0360881586731917e-6
0.16028627624593816	1.0380388907659548e-6
0.16178770762716785	1.04000577157991e-6
0.16329664616530362	1.0419889764024287e-6
0.16481312939613008	1.0439886829931462e-6
0.1663371950431107	1.0460050716273324e-6
0.16786888101832628	1.0480383251402532e-6
0.1694082254234178	1.0500886289724349e-6
0.1709552665505349	1.0521561712158244e-6
0.17251004288328747	1.0542411426610586e-6
0.17407259309770393	1.0563437368456241e-6
0.17564295606319252	1.058464150103098e-6
0.17722117084350858	1.0606025816133863e-6
0.17880727669772617	1.062759233454214e-6
0.18040131308121476	1.064934310653458e-6
0.18200331964662084	1.0671280212428507e-6
0.18361333624485401	1.0693405763127704e-6
0.18523140292607826	1.0715721900681175e-6
0.18685755994070874	1.073823079885649e-6
0.1884918477404122	1.0760934663722748e-6
0.19013430697911424	1.0783835734249562e-6
0.1917849785140098	1.0806936282916767e-6
0.19344390340657974	1.083023861633897e-6
0.19511112292361268	1.085374507590317e-6
0.1967866785382308	1.0877458038422072e-6
0.19847061193092203	1.090137991679998e-6
0.20016296499057665	1.092551316071559e-6
0.20186377981552947	1.0949860257319082e-6
0.2035730987146071	1.0974423731945314e-6
0.20529096420818022	1.0999206148843785e-6
0.20701741902922113	1.1024210111923876e-6
0.20875250612436722	1.1049438265519033e-6
0.210496268654989	1.107489329516672e-6
0.21224874999826396	1.11005779284076e-6
0.21400999374825516	1.1126494935603494e-6
0.21578004371699644	1.1152647130772381e-6
0.21755894393558148	1.1179037372445338e-6
0.2193467386552594	1.1205668564542053e-6
0.22114347234853576	1.1232543657267596e-6
0.22294918971027836	1.1259665648029836e-6
0.2247639356588297	1.1287037582378902e-6
0.2265877553371239	1.1314662554969356e-6
0.2284206941138094	1.134254371054448e-6
0.23026279758437848	1.1370684244945083e-6
0.23211411157230027	1.1399087406141906e-6
0.23397468213016168	1.1427756495293297e-6
0.23584455554081238	1.145669486782809e-6
0.23772377831851643	1.1485905934556105e-6
0.23961239721010893	1.1515393162803832e-6
0.24151045919615952	1.1545160077579944e-6
0.24341801149214037	1.1575210262767724e-6
0.24533510154960114	1.1605547362348743e-6
0.24726177705734917	1.1636175081655483e-6
0.24919808594263576	1.1667097188655735e-6
0.251144076372349	1.1698317515269874e-6
0.2530997967542107	1.172983995871955e-6
0.2550652957379817	1.1761668482911492e-6
0.2570406222166717	1.1793807119857408e-6
0.2590258253277551	1.1826259971126828e-6
0.26102095445439405	1.1859031209341128e-6
0.2630260592266659	1.1892125079702287e-6
0.2650411895227993	1.1925545901563183e-6
0.2670663954704134	1.1959298070037374e-6
0.26910172744776534	1.1993386057651836e-6
0.27114723608500396	1.2027814416041133e-6
0.27320297226542917	1.2062587777687555e-6
0.27526898712675635	1.2097710857706364e-6
0.27734533206239	1.2133188455677032e-6
0.2794320587227019	1.216902545752547e-6
0.2815292190163153	1.2205226837454388e-6
0.2836368651113967	1.2241797659925876e-6
0.28575504943695385	1.227874308169732e-6
0.28788382468413853	1.2316068353912078e-6
0.29002324380755934	1.2353778824247272e-6
0.29217336002659705	1.239187993911893e-6
0.29433422682673016	1.243037724594884e-6
0.29650589796086374	1.2469276395492372e-6
0.29868842745066804	1.2508583144230446e-6
0.30088186958792124	1.2548303356829934e-6
0.3030862789358609	1.2588443008668625e-6
0.30530171033054027	1.2629008188434833e-6
0.307528218882193	1.2670005100796385e-6
0.30976585997660405	1.271144006914788e-6
0.312014689276487	1.275331953843367e-6
0.31427476272286925	1.2795650078051393e-6
0.3165461365364837	1.2838438384840045e-6
0.3188288672191662	1.2881691286151827e-6
0.32112301155526213	1.292541574301405e-6
0.32342862661303834	1.29696188533816e-6
0.3257457697461036	1.301430785548477e-6
0.32807449859483384	1.3059490131274978e-6
0.3304148710878078	1.310517320997142e-6
0.33276694544324686	1.3151364771713054e-6
0.33513078017046305	1.3198072651317545e-6
0.33750643407131514	1.3245304842154075e-6
0.3398939662416715	1.3293069500130667e-6
0.3422934360728799	1.3341374947803244e-6
0.34470490325324404	1.3390229678605971e-6
0.3471284277695101	1.3439642361213758e-6
0.34956406990835764	1.348962184403498e-6
0.3520118902578995	1.3540177159844446e-6
0.354471949709189	1.35913175305574e-6
0.3569443094577349	1.364305237215232e-6
0.3594290310050235	1.3695391299747428e-6
0.3619261761600484	1.3748344132835326e-6
0.3644358070408486	1.3801920900682914e-6
0.36695798607605284	1.3856131847901459e-6
0.36949277600643327	1.391098744019528e-6
0.37204023988646523	1.3966498370291396e-6
0.3746004410858973	1.4022675564062755e-6
0.3771734432913268	1.4079530186846414e-6
0.3797593105077832	1.4137073649968114e-6
0.3823581070603219	1.4195317617480485e-6
0.38496989759562367	1.425427401311937e-6
0.3875947470836016	1.431395502749378e-6
0.3902327208190196	1.4374373125509359e-6
0.3928838844231145	1.4435541054042726e-6
0.39554830384522993	1.4497471849871582e-6
0.3982260453644561	1.4560178847871888e-6
0.4009171755912785	1.4623675689493222e-6
0.40362176146923495	1.4687976331521498e-6
0.40633987027658097	1.4753095055142775e-6
0.4090715696279639	1.4819046475319746e-6
0.4118169274761037	1.4885845550489983e-6
0.4145760121134843	1.495350759260598e-6
0.4173488921740515	1.5022048277522148e-6
0.4201356366349219	1.5091483655751643e-6
0.42293631481809635	1.5161830163600443e-6
0.4257509963921868	1.5233104634700339e-6
0.42857975137414767	1.5305324311954573e-6
0.43142265013101855	1.5378506859912078e-6
0.43427976338167373	1.5452670377592062e-6
0.43715116219858224	1.552783341177448e-6
0.44003691800957523	1.5604014970778402e-6
0.44293710259962304	1.5681234538747327e-6
0.4458517881126211	1.5759512090465927e-6
0.44878104705318417	1.5838868106727671e-6
0.45172495228844983	1.59193235902804e-6
0.45468357704989204	1.6000900082372907e-6
0.4576569949351413	1.6083619679930785e-6
0.46064527990981685	1.6167505053388353e-6
0.4636485063093658	1.6252579465205556e-6
0.4666667488409128	1.6338866789101575e-6
0.4697000825851173	1.6426391530037115e-6
0.4727485829980427	1.6515178844977975e-6
0.47581232591303285	1.66052545644778e-6
0.478891387542598	1.669664521511676e-6
0.48198584448031084	1.6789378042834022e-6
0.4850957737027124	1.6883481037197602e-6
0.48822125257122595	1.6978982956655135e-6
0.49136235883408197	1.7075913354810526e-6
0.4945191706282523	1.7174302607777416e-6
0.4976917664813935	1.727418194265559e-6
0.5008802253138004	1.7375583467191608e-6
0.5040846264403696	1.7478540200674487e-6
0.5073050495725715	1.7583086106128938e-6
0.5105415748204343	1.7689256123869772e-6
0.5137942826945365	1.77970862064839e-6
0.517063254108009	1.7906613355309642e-6
0.5203485703785492	1.8017875658488447e-6
0.5236503132304419	1.8130912330670451e-6
0.5269685647965939	1.8245763754452135e-6
0.5303034076205766	1.8362471523637797e-6
0.5336549246586795	1.8481078488416977e-6
0.5370231992819728	1.8601628802556553e-6
0.5404083152783826	1.8724167972710915e-6
0.5438103568547747	1.8848742909960687e-6
0.5472294086390483	1.8975401983700754e-6
0.5506655556822436	1.91041950779925e-6
0.5541188834606549	1.923517365052277e-6
0.5575894778779582	1.9368390794299317e-6
0.5610774252673477	1.950390130223626e-6
0.5645828123936844	1.9641761734783187e-6
0.5681057264556525	1.9782030490765547e-6
0.5716462550879309	1.992476788161198e-6
0.5752044863633705	2.007003620915817e-6
0.5787805087951873	2.0217899847222556e-6
0.5823744113391631	2.036842532716975e-6
0.5859862833958588	2.0521681427687593e-6
0.5896162148128381	2.0677739269013227e-6
0.5932642958869024	2.0836672411866803e-6
0.5969306173663369	2.0998556961366893e-6
0.6006152704531684	2.1163471676214957e-6
0.6043183468054344	2.133149808345823e-6
0.6080399385394615	2.1502720599162766e-6
0.6117801382321587	2.1677226655351596e-6
0.6155390389233192	2.1855106833577575e-6
0.6193167341179359	2.2036455005545273e-6
0.6231133177885255	2.222136848120237e-6
0.6269288843774683	2.2409948164770105e-6
0.6307635287993556	2.2602298719207007e-6
0.6346173464433522	2.2798528739635665e-6
0.6384904331755688	2.2998750936303687e-6
0.6423828853414466	2.3203082327698397e-6
0.6462947997681537	2.341164444446797e-6
0.6502262737669944	2.362456354486825e-6
0.6541774051358293	2.38419708424999e-6
0.6581482921615082	2.406400274716636e-6
0.6621390336223156	2.429080111975095e-6
0.6661497287904271	2.452251354208537e-6
0.6701804774343789	2.4759293602861464e-6
0.6742313798215507	2.500130120073336e-6
0.6783025367206585	2.5248702865853063e-6
0.682394049404262	2.550167210119614e-6
0.6865060196512833	2.576038974516275e-6
0.6906385497495399	2.602504435706148e-6
0.6947917424982876	2.6295832627263886e-6
0.6989657012107791	2.6572959813959537e-6
0.7031605297168331	2.6856640208666433e-6
0.7073763323654171	2.714709763284672e-6
0.7116132140272443	2.7444565968234594e-6
0.7158712800973803	2.774928972376778e-6
0.7201506364978669	2.806152464232485e-6
0.724451389680356	2.8381538350835316e-6
0.7287736466287575	2.870961105774224e-6
0.7331175148619014	2.9046036302284866e-6
0.737483102436211	2.9391121760593983e-6
0.7418705179483918	2.9745190114242213e-6
0.7462798705381338	3.0108579987608157e-6
0.7507112698908246	3.0481646961267214e-6
0.7551648262402787	3.0864764669593745e-6
0.7596406503714802	3.1258325991912363e-6
0.7641388536233378	3.1662744347866885e-6
0.7686595478914543	3.2078455109234405e-6
0.7732028456309116	3.2505917142248462e-6
0.777768859859066	3.294561449662522e-6
0.7823577041583611	3.3398058260007343e-6
0.7869694926791531	3.3863788599486595e-6
0.7916043401425489	3.4343377015313884e-6
0.7962623618432616	3.4837428835962146e-6
0.8009436736524779	3.5346585988445755e-6
0.8056483920207402	3.5871530083330427e-6
0.8103766339808439	3.641298586034681e-6
0.8151285171507483	3.697172504801975e-6
0.8199041597365018	3.7548570699478966e-6
0.8247036805351844	3.8144402076683748e-6
0.8295271989378604	3.87601601669473e-6
0.8343748349325497	3.9396853928992645e-6
0.8392467091072124	4.005556738101919e-6
0.8441429426527486	4.073746766062331e-6
0.8490636573660123	4.144381420602425e-6
0.8540089756528424	4.21759692301615e-6
0.8589790205311068	4.293540968398759e-6
0.8639739156337622	4.372374093289889e-6
0.868973915633762	4.453941626375954e-6
0.8739739156337618	4.5383104483344755e-6
0.8789739156337616	4.625639430984856e-6
0.8839739156337615	4.716101649462615e-6
0.8889739156337613	4.809886025036177e-6
0.893973915633761	4.9071991590546245e-6
0.8989739156337608	5.008267376801411e-6
0.9039739156337606	5.113339001390272e-6
0.9089739156337604	5.222686879750578e-6
0.9139739156337602	5.33661118511551e-6
0.91897391563376	5.455442523372101e-6
0.9239739156337599	5.579545374309009e-6
0.9289739156337596	5.709321903347782e-6
0.9339739156337594	5.8452161849367725e-6
0.9389739156337592	5.987718885571198e-6
0.943973915633759	6.1373724625497745e-6
0.9489739156337588	6.294776944260625e-6
0.9539739156337586	6.460596369181099e-6
0.9589739156337583	6.635565974097493e-6
0.9639739156337582	6.820500237540233e-6
0.968973915633758	7.016301902392726e-6
0.9739739156337578	7.223972122444219e-6
0.9789739156337576	7.444621901788265e-6
0.9839739156337574	7.679485024002043e-6
0.9889739156337571	7.929932700705986e-6
0.9939739156337569	8.197490207268381e-6
0.9989739156337567	8.483855818148436e-6
1.0039739156337566	8.790922406919118e-6
1.0089739156337563	9.120802137866394e-6
1.0139739156337562	9.47585474896671e-6
1.0189739156337558	9.858720012033783e-6
1.0239739156337557	1.0272355057267203e-5
1.0289739156337556	1.0720077369079297e-5
1.0339739156337553	1.1205614401094551e-5
1.0389739156337552	1.1733160924273514e-5
1.0439739156337549	1.2307445417411058e-5
1.0489739156337547	1.2933807038572502e-5
1.0539739156337544	1.3618284984745017e-5
1.0589739156337543	1.4367722361065571e-5
1.0639739156337542	1.5189887046925215e-5
1.0689739156337539	1.6093612470892887e-5
1.0739739156337538	1.7088961696695094e-5
1.0789739156337534	1.8187418784961604e-5
1.0839739156337533	1.9402112035674413e-5
1.088973915633753	2.0748074437595738e-5
1.093973915633753	2.224254745338059e-5
1.0989739156337526	2.3905335146735907e-5
1.1039739156337525	2.5759216596515536e-5
1.1089739156337524	2.7830425514752858e-5
1.113973915633752	3.014920694568274e-5
1.118973915633752	3.2750461798980915e-5
1.1239739156337516	3.567449065515172e-5
1.1289739156337515	3.896784861837139e-5
1.1339739156337512	4.268432276319288e-5
1.138973915633751	4.6886042627956806e-5
1.143973915633751	5.164473185435215e-5
1.1489739156337506	5.7043104953914757e-5
1.1539739156337505	6.317640667716431e-5
1.1589739156337502	7.015408184605103e-5
1.16397391563375	7.810155000575256e-5
1.1689739156337497	8.716204112182366e-5
1.1739739156337496	9.749842528170881e-5
1.1789739156337493	0.00010929494095664783
1.1839739156337492	0.00012275869377469348
1.187980436725312	0.0001349052154038094
1.1919869578168745	0.00014840054752475045
1.1959934789084372	0.00016338484272619946
1.2	0.00018000814949590695
