0.0006999999999999628	4.2139152284258635e-7
0.001403500000000035	4.2173530775700884e-7
0.0021105174999999296	4.2208131740731775e-7
0.0028210700874998964	4.2242956795279615e-7
0.003535175437937438	4.2278007684487777e-7
0.004252851315127062	4.231328617039385e-7
0.004974115571702636	4.234879403178278e-7
0.005698986149561044	4.238453306448336e-7
0.006427481080308875	4.242050508162692e-7
0.007159618485710418	4.2456711913898755e-7
0.007895416578138905	4.2493155409780134e-7
0.008634893661029494	4.2529837435789096e-7
0.00937806812933463	4.2566759876716043e-7
0.010124958469981361	4.260392463586665e-7
0.010875583262331262	4.2641333635295254e-7
0.01162996117864295	4.2678988816049283e-7
0.012388110984536127	4.2716892138407733e-7
0.013150051539458866	4.275504558212805e-7
0.013915801797156208	4.279345114669021e-7
0.014685380806142003	4.283211085154864e-7
0.015458807710172712	4.287102673638345e-7
0.01623610174872358	4.291020086135435e-7
0.017017282257467212	4.2949635307362387e-7
0.017802368668754516	4.298933217631104e-7
0.01859138051209827	4.302929359137204e-7
0.019384337414658823	4.306952169725492e-7
0.020181259101732015	4.3110018660480813e-7
0.020982165397240727	4.3150786669659944e-7
0.02178707622422691	4.3191827935772845e-7
0.02259601160534814	4.323314469245611e-7
0.02340899166337483	4.3274739196291856e-7
0.024226036621691812	4.3316613727102616e-7
0.02504716680480027	4.335877058824781e-7
0.025872402638824326	4.3401212106930077e-7
0.02670176465201842	4.3443940634498623e-7
0.02753527347527842	4.348695854676512e-7
0.028372949842654864	4.353026824431878e-7
0.0292148145918682	4.3573872152847775e-7
0.03006088866482743	4.3617772723467905e-7
0.03091119310815165	4.36619724330514e-7
0.0317657490736924	4.370647378456791e-7
0.03262457781906081	4.3751279307423087e-7
0.03348770070815601	4.379639155780646e-7
0.034355139211696875	4.384181311904631e-7
0.035226914907755424	4.388754660196584e-7
0.03610304948229413	4.3933594645250096e-7
0.03698356472970569	4.397995991581208e-7
0.03786848255335419	4.402664510917189e-7
0.038757824966120964	4.4073652949834243e-7
0.03965161409095162	4.4120986191681824e-7
0.04054987216140643	4.4168647618362717e-7
0.04145262152221345	4.4216640043695593e-7
0.04235988462982453	4.4264966312074466e-7
0.04327168405297366	4.4313629298881137e-7
0.0441880424732386	4.436263191090488e-7
0.04510898268560485	4.4411977086771023e-7
0.046034527599032954	4.4461667797372037e-7
0.04696470023702812	4.4511707046309395e-7
0.04789952373821329	4.4562097870340087e-7
0.048839021356904266	4.461284333983412e-7
0.04978321646368884	4.466394655923519e-7
0.05073213254600732	4.471541066752789e-7
0.05168579320873729	4.476723883872267e-7
0.052644222174780875	4.481943428233528e-7
0.05360744328565471	4.487200024388286e-7
0.054575480502083065	4.4924940005386825e-7
0.055548357904593434	4.4978256885881633e-7
0.056526099694116344	4.503195424193439e-7
0.0575087301925869	4.508603546817246e-7
0.05849627384354973	4.514050399781945e-7
0.05948875521276744	4.519536330324223e-7
0.06048619898883127	4.5250616896503177e-7
0.061488629983775384	4.530626832992727e-7
0.06249607313369419	4.53623211966733e-7
0.06350855349936275	4.5418779131318927e-7
0.06452609626685958	4.5475645810452767e-7
0.06554872674819387	4.5532924953278824e-7
0.06657647038193484	4.559062032223158e-7
0.06760935273384447	4.5648735723599733e-7
0.06864739949751365	4.570727500815939e-7
0.0696906364950013	4.5766242071824236e-7
0.07073908967747639	4.5825640856301726e-7
0.07179278512586384	4.5885475349760257e-7
0.07285174905149322	4.5945749587513446e-7
0.0739160077967507	4.600646765270908e-7
0.07498558783573436	4.606763367703712e-7
0.07606051577491299	4.612925184144604e-7
0.07714081835378758	4.619132637687178e-7
0.07822652244555647	4.6253861564982453e-7
0.07931765505778425	4.631686173893302e-7
0.0804142433330731	4.6380331284135005e-7
0.08151631454973848	4.64442746390417e-7
0.08262389612248718	4.650869629594284e-7
0.0837370156030995	4.657360080177888e-7
0.0848557006811149	4.6638992758964625e-7
0.0859799791845205	4.670487682623476e-7
0.08710987908044313	4.6771257719494503e-7
0.08824542847584534	4.683814021269947e-7
0.08938665561822454	4.690552913873598e-7
0.09053358889631567	4.697342939032919e-7
0.09168625684079722	4.7041845920966074e-7
0.09284468812500112	4.711078374582949e-7
0.09400891156562617	4.7180247942753514e-7
0.0951789561234543	4.7250243653201364e-7
0.09635485090407148	4.73207760832483e-7
0.09753662515859184	4.7391850504598656e-7
0.0987243082843847	4.7463472255608617e-7
0.09991792982580656	4.753564674233727e-7
0.10111751947493569	4.76083794396113e-7
0.10232310707231031	4.768167589211417e-7
0.1035347226076718	4.775554171549332e-7
0.10475239622071016	4.7829982597487e-7
0.10597615820181366	4.790500429907847e-7
0.10720603899282274	4.798061265566416e-7
0.10844206918778684	4.805681357825311e-7
0.10968427953372567	4.813361305467892e-7
0.1109327009313943	4.821101715084442e-7
0.11218736443605135	4.828903201198618e-7
0.11344830125823162	4.836766386396314e-7
0.11471554276452282	4.844691901457253e-7
0.11598912047834534	4.85268038548879e-7
0.11726906608073695	4.860732486062627e-7
0.11855541141114062	4.868848859354278e-7
0.11984818846819621	4.877030170284885e-7
0.12114742941053713	4.885277092666243e-7
0.12245316655758978	4.893590309348428e-7
0.1237654323903777	4.901970512370455e-7
0.12508425955232963	4.91041840311403e-7
0.12640968085009122	4.918934692459925e-7
0.1277417292543416	4.927520100948364e-7
0.1290804379006133	4.936175358941796e-7
0.13042584009011637	4.944901206791118e-7
0.1317779692905669	4.953698395005778e-7
0.13313685913701961	4.962567684426554e-7
0.13450254343270476	4.971509846402529e-7
0.13587505614986833	4.980525662971337e-7
0.13725443143061763	4.989615927043089e-7
0.13864070358777073	4.998781442588223e-7
0.14003390710570945	5.008023024829188e-7
0.14143407664123803	5.017341500435957e-7
0.1428412470244442	5.026737707725753e-7
0.1442554532595664	5.03621249686705e-7
0.14567673052586416	5.045766730087538e-7
0.1471051141784935	5.055401281886432e-7
0.14854063974938603	5.065117039251831e-7
0.149983342948133	5.07491490188171e-7
0.15143325966287374	5.084795782410716e-7
0.15289042596118813	5.094760606640677e-7
0.15435487809099402	5.104810313776694e-7
0.15582665248144906	5.114945856668326e-7
0.1573057857438562	5.125168202055524e-7
0.15879231467257537	5.13547833082013e-7
0.16028627624593816	5.145877238242778e-7
0.16178770762716785	5.156365934265362e-7
0.16329664616530362	5.16694544375934e-7
0.16481312939613008	5.177616806799472e-7
0.1663371950431107	5.188381078944028e-7
0.16786888101832628	5.199239331521191e-7
0.1694082254234178	5.210192651920983e-7
0.1709552665505349	5.221242143894679e-7
0.17251004288328747	5.232388927860404e-7
0.17407259309770393	5.243634141215428e-7
0.17564295606319252	5.254978938655531e-7
0.17722117084350858	5.266424492501637e-7
0.17880727669772617	5.277971993033973e-7
0.18040131308121476	5.289622648833022e-7
0.18200331964662084	5.301377687129331e-7
0.18361333624485401	5.313238354160301e-7
0.18523140292607826	5.325205915535899e-7
0.18685755994070874	5.337281656611724e-7
0.1884918477404122	5.349466882872146e-7
0.19013430697911424	5.36176292032089e-7
0.1917849785140098	5.374171115881365e-7
0.19344390340657974	5.386692837806389e-7
0.19511112292361268	5.39932947609687e-7
0.1967866785382308	5.412082442931363e-7
0.19847061193092203	5.424953173104275e-7
0.20016296499057665	5.437943124475968e-7
0.20186377981552947	5.4510537784322e-7
0.2035730987146071	5.464286640355466e-7
0.20529096420818022	5.47764324010695e-7
0.20701741902922113	5.491125132520359e-7
0.20875250612436722	5.504733897907687e-7
0.210496268654989	5.518471142576632e-7
0.21224874999826396	5.53233849936161e-7
0.21400999374825516	5.546337628166362e-7
0.21578004371699644	5.560470216521035e-7
0.21755894393558148	5.574737980152222e-7
0.2193467386552594	5.589142663567e-7
0.22114347234853576	5.603686040651796e-7
0.22294918971027836	5.61836991528583e-7
0.2247639356588297	5.633196121969967e-7
0.2265877553371239	5.648166526471153e-7
0.2284206941138094	5.663283026482988e-7
0.23026279758437848	5.678547552303181e-7
0.23211411157230027	5.693962067527987e-7
0.23397468213016168	5.709528569764142e-7
0.23584455554081238	5.725249091359468e-7
0.23772377831851643	5.741125700151084e-7
0.23961239721010893	5.757160500234275e-7
0.24151045919615952	5.773355632750096e-7
0.24341801149214037	5.789713276693926e-7
0.24533510154960114	5.806235649744601e-7
0.24726177705734917	5.822925009115883e-7
0.24919808594263576	5.839783652429571e-7
0.251144076372349	5.856813918612095e-7
0.2530997967542107	5.874018188814309e-7
0.2550652957379817	5.891398887356211e-7
0.2570406222166717	5.908958482696787e-7
0.2590258253277551	5.926699488429375e-7
0.26102095445439405	5.944624464304117e-7
0.2630260592266659	5.962736017278235e-7
0.2650411895227993	5.981036802594324e-7
0.2670663954704134	5.999529524887988e-7
0.26910172744776534	6.018216939326485e-7
0.27114723608500396	6.037101852777623e-7
0.27320297226542917	6.056187125011876e-7
0.27526898712675635	6.07547566993665e-7
0.27734533206239	6.094970456866231e-7
0.2794320587227019	6.114674511825883e-7
0.2815292190163153	6.134590918893669e-7
0.2836368651113967	6.154722821579209e-7
0.28575504943695385	6.175073424242049e-7
0.28788382468413853	6.195645993549914e-7
0.29002324380755934	6.216443859979123e-7
0.29217336002659705	6.237470419357175e-7
0.29433422682673016	6.258729134450988e-7
0.29650589796086374	6.280223536600064e-7
0.29868842745066804	6.301957227397378e-7
0.30088186958792124	6.323933880419689e-7
0.3030862789358609	6.346157243008404e-7
0.30530171033054027	6.368631138102629e-7
0.307528218882193	6.391359466127089e-7
0.30976585997660405	6.414346206935528e-7
0.312014689276487	6.437595421812661e-7
0.31427476272286925	6.46111125553613e-7
0.3165461365364837	6.48489793850008e-7
0.3188288672191662	6.508959788903986e-7
0.32112301155526213	6.533301215007462e-7
0.32342862661303834	6.557926717454169e-7
0.3257457697461036	6.582840891667084e-7
0.32807449859483384	6.608048430317911e-7
0.3304148710878078	6.633554125872751e-7
0.33276694544324686	6.659362873217503e-7
0.33513078017046305	6.685479672365039e-7
0.33750643407131514	6.711909631248109e-7
0.3398939662416715	6.73865796860008e-7
0.3422934360728799	6.765730016927212e-7
0.34470490325324404	6.793131225576616e-7
0.3471284277695101	6.820867163901389e-7
0.34956406990835764	6.848943524528934e-7
0.3520118902578995	6.87736612673479e-7
0.354471949709189	6.906140919926215e-7
0.3569443094577349	6.935273987239952e-7
0.3594290310050235	6.96477154925858e-7
0.3619261761600484	6.994639967849041e-7
0.3644358070408486	7.02488575013005e-7
0.36695798607605284	7.055515552570531e-7
0.36949277600643327	7.086536185226946e-7
0.37204023988646523	7.117954616123065e-7
0.3746004410858973	7.149777975777948e-7
0.3771734432913268	7.182013561889702e-7
0.3797593105077832	7.214668844178584e-7
0.3823581070603219	7.247751469397124e-7
0.38496989759562367	7.28126926651537e-7
0.3875947470836016	7.315230252084578e-7
0.3902327208190196	7.349642635790694e-7
0.3928838844231145	7.384514826202247e-7
0.39554830384522993	7.419855436722498e-7
0.3982260453644561	7.45567329175339e-7
0.4009171755912785	7.491977433079866e-7
0.40362176146923495	7.528777126484216e-7
0.40633987027658097	7.566081868600243e-7
0.4090715696279639	7.60390139401676e-7
0.4118169274761037	7.642245682640542e-7
0.4145760121134843	7.681124967331754e-7
0.4173488921740515	7.720549741820935e-7
0.4201356366349219	7.760530768921233e-7
0.42293631481809635	7.801079089048468e-7
0.4257509963921868	7.842206029062187e-7
0.42857975137414767	7.883923211441306e-7
0.43142265013101855	7.926242563810238e-7
0.43427976338167373	7.969176328829605e-7
0.43715116219858224	8.012737074469138e-7
0.44003691800957523	8.056937704678807e-7
0.44293710259962304	8.101791470476553e-7
0.4458517881126211	8.147311981471337e-7
0.44878104705318417	8.193513217842216e-7
0.45172495228844983	8.240409542792358e-7
0.45468357704989204	8.288015715502487e-7
0.4576569949351413	8.336346904604931e-7
0.46064527990981685	8.385418702203368e-7
0.4636485063093658	8.4352471384637e-7
0.4666667488409128	8.485848696803837e-7
0.4697000825851173	8.537240329709918e-7
0.4727485829980427	8.589439475208701e-7
0.47581232591303285	8.64246407402961e-7
0.478891387542598	8.696332587487836e-7
0.48198584448031084	8.751064016124578e-7
0.4850957737027124	8.806677919141635e-7
0.48822125257122595	8.863194434670089e-7
0.49136235883408197	8.92063430091309e-7
0.4945191706282523	8.979018878208591e-7
0.4976917664813935	9.038370172056528e-7
0.5008802253138004	9.098710857161544e-7
0.5040846264403696	9.160064302540423e-7
0.5073050495725715	9.222454597752303e-7
0.5105415748204343	9.285906580307391e-7
0.5137942826945365	9.35044586431704e-7
0.517063254108009	9.416098870449962e-7
0.5203485703785492	9.482892857264656e-7
0.5236503132304419	9.550855953990162e-7
0.5269685647965939	9.620017194835098e-7
0.5303034076205766	9.690406554905254e-7
0.5336549246586795	9.762054987820629e-7
0.5370231992819728	9.834994465122719e-7
0.5404083152783826	9.909258017573584e-7
0.5438103568547747	9.984879778451627e-7
0.5472294086390483	1.0061895028956162e-6
0.5506655556822436	1.014034024584171e-6
0.5541188834606549	1.0220253151410026e-6
0.5575894778779582	1.0301672765994545e-6
0.5610774252673477	1.0384639463084796e-6
0.5645828123936844	1.0469195027243645e-6
0.5681057264556525	1.0555382714985478e-6
0.5716462550879309	1.0643247318790912e-6
0.5752044863633705	1.0732835234447095e-6
0.5787805087951873	1.0824194531917796e-6
0.5823744113391631	1.0917375029957903e-6
0.5859862833958588	1.1012428374707477e-6
0.5896162148128381	1.1109408122510985e-6
0.5932642958869024	1.1208369827231684e-6
0.5969306173663369	1.130937113234699e-6
0.6006152704531684	1.1412471868131214e-6
0.6043183468054344	1.151773415426057e-6
0.6080399385394615	1.1625222508191759e-6
0.6117801382321587	1.1735003959702287e-6
0.6155390389233192	1.1847148172004151e-6
0.6193167341179359	1.1961727569875849e-6
0.6231133177885255	1.207881747529848e-6
0.6269288843774683	1.2198496251110497e-6
0.6307635287993556	1.2320845453252424e-6
0.6346173464433522	1.2445949992205901e-6
0.6384904331755688	1.2573898304292415e-6
0.6423828853414466	1.2704782533551278e-6
0.6462947997681537	1.2838698724978426e-6
0.6502262737669944	1.2975747029977563e-6
0.6541774051358293	1.311603192495357e-6
0.6581482921615082	1.3259662444062697e-6
0.6621390336223156	1.3406752427226467e-6
0.6661497287904271	1.3557420784627256e-6
0.6701804774343789	1.3711791779017257e-6
0.6742313798215507	1.3869995327305168e-6
0.6783025367206585	1.4032167323032574e-6
0.682394049404262	1.4198449981520205e-6
0.6865060196512833	1.4368992209642541e-6
0.6906385497495399	1.4543950002411057e-6
0.6947917424982876	1.4723486868765693e-6
0.6989657012107791	1.4907774289259864e-6
0.7031605297168331	1.5096992208606827e-6
0.7073763323654171	1.5291329566414748e-6
0.7116132140272443	1.5490984869811008e-6
0.7158712800973803	1.5696166812109294e-6
0.7201506364978669	1.5907094942172417e-6
0.724451389680356	1.6124000389692036e-6
0.7287736466287575	1.6347126652274157e-6
0.7331175148619014	1.6576730450956167e-6
0.737483102436211	1.6813082661652885e-6
0.7418705179483918	1.705646933099945e-6
0.7462798705381338	1.7307192786205483e-6
0.7507112698908246	1.7565572849819732e-6
0.7551648262402787	1.7831948171804115e-6
0.7596406503714802	1.810667769303385e-6
0.7641388536233378	1.8390142256316923e-6
0.7686595478914543	1.8682746383305837e-6
0.7732028456309116	1.8984920238302747e-6
0.777768859859066	1.929712180298534e-6
0.7823577041583611	1.96198392895842e-6
0.7869694926791531	1.9953593824060755e-6
0.7916043401425489	2.0298942435506144e-6
0.7962623618432616	2.065648139333757e-6
0.8009436736524779	2.102684994007897e-6
0.8056483920207402	2.1410734474658966e-6
0.8103766339808439	2.180887324941792e-6
0.8151285171507483	2.2222061653528162e-6
0.8199041597365018	2.2651158166504268e-6
0.8247036805351844	2.309709107811183e-6
0.8295271989378604	2.3560866085514374e-6
0.8343748349325497	2.4043574895214535e-6
0.8392467091072124	2.454640497650796e-6
0.8441429426527486	2.5070650635172315e-6
0.8490636573660123	2.561772560125251e-6
0.8540089756528424	2.6189177353577135e-6
0.8589790205311068	2.678670343643369e-6
0.8639739156337622	2.7412170061218717e-6
0.868973915633762	2.8064983547960927e-6
0.8739739156337618	2.8746332330641358e-6
0.8789739156337616	2.9458204840512828e-6
0.8839739156337615	3.020278317675236e-6
0.8889739156337613	3.098246524972952e-6
0.893973915633761	3.1799889499310418e-6
0.8989739156337608	3.2657962467792816e-6
0.9039739156337606	3.3559889533311295e-6
0.9089739156337604	3.450920914074902e-6
0.9139739156337602	3.550983090276129e-6
0.91897391563376	3.6566077984400298e-6
0.9239739156337599	3.768273423224034e-6
0.9289739156337596	3.886509656416662e-6
0.9339739156337594	4.011903320068926e-6
0.9389739156337592	4.145104839451996e-6
0.943973915633759	4.286835440419877e-6
0.9489739156337588	4.437895156199776e-6
0.9539739156337586	4.599171740868325e-6
0.9589739156337583	4.771650601083159e-6
0.9639739156337582	4.956425874366499e-6
0.968973915633758	5.1547128017570655e-6
0.9739739156337578	5.367861565434852e-6
0.9789739156337576	5.597372788516652e-6
0.9839739156337574	5.844914925291861e-6
0.9889739156337571	6.112343806500211e-6
0.9939739156337569	6.401724646802941e-6
0.9989739156337567	6.715356871486805e-6
1.0039739156337566	7.055802178006784e-6
1.0089739156337563	7.425916316777724e-6
1.0139739156337562	7.828885156483394e-6
1.0189739156337558	8.268265694184067e-6
1.0239739156337557	8.748032782048895e-6
1.0289739156337556	9.272632473326374e-6
1.0339739156337553	9.847043043203805e-6
1.0389739156337552	1.0476844918834487e-5
1.0439739156337549	1.1168300960626096e-5
1.0489739156337547	1.192844877775504e-5
1.0539739156337544	1.2765207038727038e-5
1.0589739156337543	1.3687498056543781e-5
1.0639739156337542	1.4705389291147203e-5
1.0689739156337539	1.5830256821932904e-5
1.0739739156337538	1.7074974301328234e-5
1.0789739156337534	1.8454131405229966e-5
1.0839739156337533	1.9984286342019767e-5
1.088973915633753	2.168425755753931e-5
1.093973915633753	2.357546035898954e-5
1.0989739156337526	2.56822947444755e-5
1.1039739156337525	2.8032591218949586e-5
1.1089739156337524	3.065812173197703e-5
1.113973915633752	3.3595182989991364e-5
1.118973915633752	3.6885259141266846e-5
1.1239739156337516	4.0575770026416745e-5
1.1289739156337515	4.4720909598327755e-5
1.1339739156337512	4.9382576450504344e-5
1.138973915633751	5.4631394298195344e-5
1.143973915633751	6.0547814326100185e-5
1.1489739156337506	6.722328311792121e-5
1.1539739156337505	7.476144901307886e-5
1.1589739156337502	8.327936591600886e-5
1.16397391563375	9.29086368104584e-5
1.1689739156337497	0.00010379641999399503
1.1739739156337496	0.00011610620060713515
1.1789739156337493	0.00013001821073458953
1.1839739156337492	0.00014572936691748905
1.187980436725312	0.00015976000968124474
1.1919869578168745	0.00017519885395653168
1.1959934789084372	0.0001921674551562322
1.2	0.00021079190330380534
