0.0006999999999999628	1.8143895132219403e-6
0.001403500000000035	1.8155968093751143e-6
0.0021105174999999296	1.8168115708391714e-6
0.0028210700874998964	1.8180338548182097e-6
0.003535175437937438	1.8192637163506998e-6
0.004252851315127062	1.8205012109101296e-6
0.004974115571702636	1.821746394447166e-6
0.005698986149561044	1.8229993234001656e-6
0.006427481080308875	1.8242600547040925e-6
0.007159618485710418	1.8255286457983844e-6
0.007895416578138905	1.8268051546344502e-6
0.008634893661029494	1.828089639682667e-6
0.00937806812933463	1.829382159939472e-6
0.010124958469981361	1.8306827749339712e-6
0.010875583262331262	1.8319915447349565e-6
0.01162996117864295	1.83330852995739e-6
0.012388110984536127	1.8346337917693567e-6
0.013150051539458866	1.835967391898626e-6
0.013915801797156208	1.837309392639516e-6
0.014685380806142003	1.8386598568598472e-6
0.015458807710172712	1.8400188480075415e-6
0.01623610174872358	1.8413864301178341e-6
0.017017282257467212	1.842762667820125e-6
0.017802368668754516	1.8441476263451469e-6
0.01859138051209827	1.8455413715320258e-6
0.019384337414658823	1.8469439698356e-6
0.020181259101732015	1.8483554883337067e-6
0.020982165397240727	1.8497759947345391e-6
0.02178707622422691	1.8512055573842765e-6
0.02259601160534814	1.8526442452744985e-6
0.02340899166337483	1.8540921280499963e-6
0.024226036621691812	1.8555492760166043e-6
0.02504716680480027	1.8570157601489024e-6
0.025872402638824326	1.8584916520984143e-6
0.02670176465201842	1.8599770242015958e-6
0.02753527347527842	1.861471949488013e-6
0.028372949842654864	1.8629765016889016e-6
0.0292148145918682	1.8644907552452911e-6
0.03006088866482743	1.8660147853168096e-6
0.03091119310815165	1.8675486677902055e-6
0.0317657490736924	1.869092479288307e-6
0.03262457781906081	1.8706462971787962e-6
0.03348770070815601	1.8722101995833777e-6
0.034355139211696875	1.8737842653868822e-6
0.035226914907755424	1.8753685742466596e-6
0.03610304948229413	1.8769632066020004e-6
0.03698356472970569	1.8785682436836759e-6
0.03786848255335419	1.880183767523761e-6
0.038757824966120964	1.8818098609654351e-6
0.03965161409095162	1.8834466076730168e-6
0.04054987216140643	1.8850940921421359e-6
0.04145262152221345	1.8867523997100987e-6
0.04235988462982453	1.88842161656622e-6
0.04327168405297366	1.8901018297625714e-6
0.0441880424732386	1.8917931272247127e-6
0.04510898268560485	1.8934955977626974e-6
0.046034527599032954	1.8952093310820724e-6
0.04696470023702812	1.8969344177951772e-6
0.04789952373821329	1.8986709494326912e-6
0.048839021356904266	1.9004190184551466e-6
0.04978321646368884	1.9021787182647584e-6
0.05073213254600732	1.9039501432174183e-6
0.05168579320873729	1.905733388634762e-6
0.052644222174780875	1.9075285508166393e-6
0.05360744328565471	1.9093357270536377e-6
0.054575480502083065	1.9111550156395963e-6
0.055548357904593434	1.9129865158848958e-6
0.056526099694116344	1.914830328129172e-6
0.0575087301925869	1.91668655375499e-6
0.05849627384354973	1.9185552952011503e-6
0.05948875521276744	1.9204366559765654e-6
0.06048619898883127	1.9223307406741043e-6
0.061488629983775384	1.9242376549848983e-6
0.06249607313369419	1.9261575057125925e-6
0.06350855349936275	1.928090400788153e-6
0.06452609626685958	1.930036449284571e-6
0.06554872674819387	1.9319957614320047e-6
0.06657647038193484	1.933968448633173e-6
0.06760935273384447	1.9359546234788163e-6
0.06864739949751365	1.937954399763688e-6
0.0696906364950013	1.939967892502451e-6
0.07073908967747639	1.941995217946174e-6
0.07179278512586384	1.944036493598856e-6
0.07285174905149322	1.9460918382342695e-6
0.0739160077967507	1.9481613719132006e-6
0.07498558783573436	1.950245216000844e-6
0.07606051577491299	1.9523434931843568e-6
0.07714081835378758	1.954456327491114e-6
0.07822652244555647	1.9565838443068617e-6
0.07931765505778425	1.9587261703942454e-6
0.0804142433330731	1.9608834339117696e-6
0.08151631454973848	1.963055764433141e-6
0.08262389612248718	1.9652432929665414e-6
0.0837370156030995	1.9674461519746226e-6
0.0848557006811149	1.9696644753947342e-6
0.0859799791845205	1.971898398659318e-6
0.08710987908044313	1.9741480587168752e-6
0.08824542847584534	1.97641359405306e-6
0.08938665561822454	1.9786951447124936e-6
0.09053358889631567	1.980992852320332e-6
0.09168625684079722	1.9833068601048293e-6
0.09284468812500112	1.9856373129200086e-6
0.09400891156562617	1.987984357268637e-6
0.0951789561234543	1.9903481413256955e-6
0.09635485090407148	1.992728814962341e-6
0.09753662515859184	1.9951265297700476e-6
0.0987243082843847	1.997541439085438e-6
0.09991792982580656	1.999973698015264e-6
0.10111751947493569	2.00242346346203e-6
0.10232310707231031	2.004890894150045e-6
0.1035347226076718	2.0073761506516903e-6
0.10475239622071016	2.0098793954145302e-6
0.10597615820181366	2.0124007927886054e-6
0.10720603899282274	2.0149405090542426e-6
0.10844206918778684	2.0174987124505264e-6
0.10968427953372567	2.020075573204039e-6
0.1109327009313943	2.0226712635582563e-6
0.11218736443605135	2.025285957803524e-6
0.11344830125823162	2.0279198323073214e-6
0.11471554276452282	2.030573065545355e-6
0.11598912047834534	2.033245838132977e-6
0.11726906608073695	2.0359383328573566e-6
0.11855541141114062	2.038650734710135e-6
0.11984818846819621	2.041383230920462e-6
0.12114742941053713	2.0441360109892655e-6
0.12245316655758978	2.0469092667233426e-6
0.1237654323903777	2.0497031922706175e-6
0.12508425955232963	2.0525179841559094e-6
0.12640968085009122	2.0553538413172668e-6
0.1277417292543416	2.0582109651430655e-6
0.1290804379006133	2.0610895595097575e-6
0.13042584009011637	2.0639898308203055e-6
0.1317779692905669	2.0669119880433303e-6
0.13313685913701961	2.0698562427531234e-6
0.13450254343270476	2.0728228091701663e-6
0.13587505614986833	2.0758119042025392e-6
0.13725443143061763	2.0788237474882283e-6
0.13864070358777073	2.0818585614379e-6
0.14003390710570945	2.084916571278853e-6
0.14143407664123803	2.0879980050995882e-6
0.1428412470244442	2.0911030938953395e-6
0.1442554532595664	2.094232071614294e-6
0.14567673052586416	2.097385175204874e-6
0.1471051141784935	2.1005626446640364e-6
0.14854063974938603	2.1037647230859875e-6
0.149983342948133	2.106991656712575e-6
0.15143325966287374	2.110243694983985e-6
0.15289042596118813	2.113521090590935e-6
0.15435487809099402	2.1168240995274894e-6
0.15582665248144906	2.120152981145237e-6
0.1573057857438562	2.123507998208334e-6
0.15879231467257537	2.1268894169495846e-6
0.16028627624593816	2.1302975071279288e-6
0.16178770762716785	2.1337325420867104e-6
0.16329664616530362	2.137194798813348e-6
0.16481312939613008	2.1406845580001446e-6
0.1663371950431107	2.1442021041062393e-6
0.16786888101832628	2.1477477254208322e-6
0.1694082254234178	2.1513217141278027e-6
0.1709552665505349	2.154924366371501e-6
0.17251004288328747	2.15855598232392e-6
0.17407259309770393	2.1622168662532203e-6
0.17564295606319252	2.1659073265937553e-6
0.17722117084350858	2.169627676017298e-6
0.17880727669772617	2.173378231506145e-6
0.18040131308121476	2.177159314427167e-6
0.18200331964662084	2.1809712506079868e-6
0.18361333624485401	2.1848143704142373e-6
0.18523140292607826	2.18868900882886e-6
0.18685755994070874	2.1925955055326754e-6
0.1884918477404122	2.196534204986994e-6
0.19013430697911424	2.2005054565177673e-6
0.1917849785140098	2.204509614401426e-6
0.19344390340657974	2.2085470379528904e-6
0.19511112292361268	2.21261809161517e-6
0.1967866785382308	2.216723145050867e-6
0.19847061193092203	2.220862573235902e-6
0.20016296499057665	2.2250367565549504e-6
0.20186377981552947	2.2292460808991916e-6
0.2035730987146071	2.2334909377660235e-6
0.20529096420818022	2.237771724361123e-6
0.20701741902922113	2.242088843702387e-6
0.20875250612436722	2.2464427047265265e-6
0.210496268654989	2.2508337223979897e-6
0.21224874999826396	2.2552623178199912e-6
0.21400999374825516	2.2597289183481863e-6
0.21578004371699644	2.2642339577070986e-6
0.21755894393558148	2.268777876108694e-6
0.2193467386552594	2.2733611203739444e-6
0.22114347234853576	2.2779841440570148e-6
0.22294918971027836	2.282647407572412e-6
0.2247639356588297	2.28735137832469e-6
0.2265877553371239	2.2920965308414925e-6
0.2284206941138094	2.296883346909301e-6
0.23026279758437848	2.3017123157126256e-6
0.23211411157230027	2.306583933976061e-6
0.23397468213016168	2.3114987061099076e-6
0.23584455554081238	2.3164571443591243e-6
0.23772377831851643	2.3214597689554746e-6
0.23961239721010893	2.326507108273804e-6
0.24151045919615952	2.331599698991248e-6
0.24341801149214037	2.3367380862509296e-6
0.24533510154960114	2.3419228238290486e-6
0.24726177705734917	2.347154474306005e-6
0.24919808594263576	2.3524336092419566e-6
0.251144076372349	2.3577608093560454e-6
0.2530997967542107	2.363136664710339e-6
0.2550652957379817	2.368561774898198e-6
0.2570406222166717	2.3740367492368684e-6
0.2590258253277551	2.379562206965154e-6
0.26102095445439405	2.385138777445817e-6
0.2630260592266659	2.3907671003728357e-6
0.2650411895227993	2.3964478259837866e-6
0.2670663954704134	2.4021816152776036e-6
0.26910172744776534	2.4079691402377464e-6
0.27114723608500396	2.4138110840607937e-6
0.27320297226542917	2.4197081413908605e-6
0.27526898712675635	2.4256610185599237e-6
0.27734533206239	2.431670433834302e-6
0.2794320587227019	2.4377371176671272e-6
0.2815292190163153	2.4438618129575635e-6
0.2836368651113967	2.4500452753164946e-6
0.28575504943695385	2.45628827333897e-6
0.28788382468413853	2.4625915888840046e-6
0.29002324380755934	2.46895601736122e-6
0.29217336002659705	2.4753823680251777e-6
0.29433422682673016	2.481871464277506e-6
0.29650589796086374	2.488424143976677e-6
0.29868842745066804	2.4950412597562087e-6
0.30088186958792124	2.501723679351215e-6
0.3030862789358609	2.5084722859335183e-6
0.30530171033054027	2.51528797845611e-6
0.307528218882193	2.522171672006209e-6
0.30976585997660405	2.529124298168557e-6
0.312014689276487	2.5361468053979856e-6
0.31427476272286925	2.543240159402551e-6
0.3165461365364837	2.5504053435368022e-6
0.3188288672191662	2.557643359206015e-6
0.32112301155526213	2.5649552262815923e-6
0.32342862661303834	2.5723419835279047e-6
0.3257457697461036	2.5798046890409704e-6
0.32807449859483384	2.5873444206996496e-6
0.3304148710878078	2.5949622766290796e-6
0.33276694544324686	2.6026593756776846e-6
0.33513078017046305	2.6104368579072652e-6
0.33750643407131514	2.618295885097318e-6
0.3398939662416715	2.6262376412637208e-6
0.3422934360728799	2.634263333192357e-6
0.34470490325324404	2.6423741909880793e-6
0.3471284277695101	2.650571468639567e-6
0.34956406990835764	2.658856444600978e-6
0.3520118902578995	2.6672304223902053e-6
0.354471949709189	2.6756947312050558e-6
0.3569443094577349	2.684250726557458e-6
0.3594290310050235	2.69289979092688e-6
0.3619261761600484	2.7016433344328554e-6
0.3644358070408486	2.710482795527875e-6
0.36695798607605284	2.7194196417113202e-6
0.36949277600643327	2.7284553702649827e-6
0.37204023988646523	2.7375915090107927e-6
0.3746004410858973	2.7468296170921253e-6
0.3771734432913268	2.756171285778939e-6
0.3797593105077832	2.7656181392979244e-6
0.3823581070603219	2.7751718356883753e-6
0.38496989759562367	2.7848340676850786e-6
0.3875947470836016	2.794606563628609e-6
0.3902327208190196	2.804491088404778e-6
0.3928838844231145	2.8144894444136445e-6
0.39554830384522993	2.8246034725695394e-6
0.3982260453644561	2.834835053333436e-6
0.4009171755912785	2.845186107778122e-6
0.40362176146923495	2.855658598688639e-6
0.40633987027658097	2.8662545316978767e-6
0.4090715696279639	2.8769759564600953e-6
0.4118169274761037	2.8878249678626304e-6
0.4145760121134843	2.898803707278122e-6
0.4173488921740515	2.9099143638582307e-6
0.4201356366349219	2.921159175870933e-6
0.42293631481809635	2.9325404320826844e-6
0.4257509963921868	2.944060473187497e-6
0.42857975137414767	2.955721693284819e-6
0.43142265013101855	2.967526541407808e-6
0.43427976338167373	2.979477523104177e-6
0.43715116219858224	2.9915772020724408e-6
0.44003691800957523	3.003828201853975e-6
0.44293710259962304	3.0162332075854805e-6
0.4458517881126211	3.0287949678123374e-6
0.44878104705318417	3.0415162963664767e-6
0.45172495228844983	3.054400074310878e-6
0.45468357704989204	3.0674492519539455e-6
0.4576569949351413	3.0806668509360703e-6
0.46064527990981685	3.0940559663916954e-6
0.4636485063093658	3.1076197691900913e-6
0.4666667488409128	3.121361508258118e-6
0.4697000825851173	3.1352845129882914e-6
0.4727485829980427	3.1493921957359522e-6
0.47581232591303285	3.1636880544091944e-6
0.478891387542598	3.178175675155635e-6
0.48198584448031084	3.192858735150422e-6
0.4850957737027124	3.207741005489153e-6
0.48822125257122595	3.2228263541910965e-6
0.49136235883408197	3.2381187493172457e-6
0.4945191706282523	3.2536222622079302e-6
0.4976917664813935	3.2693410708457407e-6
0.5008802253138004	3.2852794633492646e-6
0.5040846264403696	3.3014418416032796e-6
0.5073050495725715	3.3178327250317e-6
0.5105415748204343	3.3344567545197378e-6
0.5137942826945365	3.3513186964920203e-6
0.517063254108009	3.3684234471539697e-6
0.5203485703785492	3.385776036903879e-6
0.5236503132304419	3.403381634923399e-6
0.5269685647965939	3.421245553955066e-6
0.5303034076205766	3.43937325527566e-6
0.5336549246586795	3.4577703538744235e-6
0.5370231992819728	3.4764426238459458e-6
0.5404083152783826	3.495396004008175e-6
0.5438103568547747	3.5146366037561883e-6
0.5472294086390483	3.5341707091629763e-6
0.5506655556822436	3.554004789340055e-6
0.5541188834606549	3.574145503069355e-6
0.5575894778779582	3.594599705721e-6
0.5610774252673477	3.615374456470378e-6
0.5645828123936844	3.6364770258296457e-6
0.5681057264556525	3.6579149035095434e-6
0.5716462550879309	3.6796958066278707e-6
0.5752044863633705	3.7018276882822796e-6
0.5787805087951873	3.7243187465063683e-6
0.5823744113391631	3.747177433627636e-6
0.5859862833958588	3.770412466049172e-6
0.5896162148128381	3.7940328344756415e-6
0.5932642958869024	3.818047814607981e-6
0.5969306173663369	3.842466978330069e-6
0.6006152704531684	3.867300205413144e-6
0.6043183468054344	3.892557695766369e-6
0.6080399385394615	3.918249982260271e-6
0.6117801382321587	3.944387944155165e-6
0.6155390389233192	3.97098282116558e-6
0.6193167341179359	3.9980462281949515e-6
0.6231133177885255	4.0255901707761665e-6
0.6269288843774683	4.053627061256204e-6
0.6307635287993556	4.0821697357647095e-6
0.6346173464433522	4.111231472008884e-6
0.6384904331755688	4.140826007939833e-6
0.6423828853414466	4.17096756133831e-6
0.6462947997681537	4.201670850369914e-6
0.6502262737669944	4.2329511151635195e-6
0.6541774051358293	4.264824140471193e-6
0.6581482921615082	4.29730627946893e-6
0.6621390336223156	4.330414478764354e-6
0.6661497287904271	4.364166304680462e-6
0.6701804774343789	4.398579970889418e-6
0.6742313798215507	4.4336743674766325e-6
0.6783025367206585	4.4694690915208795e-6
0.682394049404262	4.505984479282008e-6
0.6865060196512833	4.543241640097451e-6
0.6906385497495399	4.581262492095143e-6
0.6947917424982876	4.620069799839837e-6
0.6989657012107791	4.659687214043353e-6
0.7031605297168331	4.700139313477213e-6
0.7073763323654171	4.74145164924428e-6
0.7116132140272443	4.783650791578554e-6
0.7158712800973803	4.826764379364538e-6
0.7201506364978669	4.870821172584986e-6
0.724451389680356	4.915851107935459e-6
0.7287736466287575	4.9618853578702146e-6
0.7331175148619014	5.00895639338011e-6
0.737483102436211	5.057098050844725e-6
0.7418705179483918	5.106345603348323e-6
0.7462798705381338	5.15673583690632e-6
0.7507112698908246	5.208307132118804e-6
0.7551648262402787	5.2610995518464215e-6
0.7596406503714802	5.315154935602345e-6
0.7641388536233378	5.3705170014657205e-6
0.7686595478914543	5.427231456460906e-6
0.7732028456309116	5.485346116506822e-6
0.777768859859066	5.544911037231186e-6
0.7823577041583611	5.6059786571749955e-6
0.7869694926791531	5.668603955177287e-6
0.7916043401425489	5.73284462404821e-6
0.7962623618432616	5.798761263010644e-6
0.8009436736524779	5.866417591823128e-6
0.8056483920207402	5.935880690005552e-6
0.8103766339808439	6.0072212651745635e-6
0.8151285171507483	6.0805139551719676e-6
0.8199041597365018	6.155837669443875e-6
0.8247036805351844	6.233275976007219e-6
0.8295271989378604	6.312917541333102e-6
0.8343748349325497	6.394856631586076e-6
0.8392467091072124	6.479193684890685e-6
0.8441429426527486	6.566035965649478e-6
0.8490636573660123	6.655498313415276e-6
0.8540089756528424	6.747704000416197e-6
0.8589790205311068	6.842785713549048e-6
0.8639739156337622	6.940886678491875e-6
0.868973915633762	7.0417556363517386e-6
0.8739739156337618	7.145416768209351e-6
0.8789739156337616	7.252003456217396e-6
0.8839739156337615	7.361660550507675e-6
0.8889739156337613	7.474545701116624e-6
0.893973915633761	7.590830831789419e-6
0.8989739156337608	7.710703767145418e-6
0.9039739156337606	7.83437002557657e-6
0.9089739156337604	7.962054791951683e-6
0.9139739156337602	8.094005086506761e-6
0.91897391563376	8.230492149321453e-6
0.9239739156337599	8.371814063612213e-6
0.9289739156337596	8.518298645812214e-6
0.9339739156337594	8.67030663611683e-6
0.9389739156337592	8.82823522993177e-6
0.943973915633759	8.99252199852892e-6
0.9489739156337588	9.16364925626524e-6
0.9539739156337586	9.342148942077347e-6
0.9589739156337583	9.528608094756079e-6
0.9639739156337582	9.723675014955007e-6
0.968973915633758	9.928066222274848e-6
0.9739739156337578	1.0142574333444495e-5
0.9789739156337576	1.0368077008085282e-5
0.9839739156337574	1.0605547132340792e-5
0.9889739156337571	1.0856064438510374e-5
0.9939739156337569	1.112082879155986e-5
0.9989739156337567	1.1401175411990458e-5
1.0039739156337566	1.1698592350204945e-5
1.0089739156337563	1.201474058156681e-5
1.0139739156337562	1.2351477155428639e-5
1.0189739156337558	1.271088190736177e-5
1.0239739156337557	1.3095288333894638e-5
1.0289739156337556	1.3507319335809274e-5
1.0339739156337553	1.3949928662524182e-5
1.0389739156337552	1.4426449039870475e-5
1.0439739156337549	1.494064814077978e-5
1.0489739156337547	1.5496793767938845e-5
1.0539739156337544	1.609972986486316e-5
1.0589739156337543	1.6754965263555842e-5
1.0639739156337542	1.7468777420185037e-5
1.0689739156337539	1.8248333793193717e-5
1.0739739156337538	1.9101833989947454e-5
1.0789739156337534	2.0038676358091892e-5
1.0839739156337533	2.106965333646679e-5
1.088973915633753	2.2207180617859705e-5
1.093973915633753	2.346556602164464e-5
1.0989739156337526	2.4861324936135132e-5
1.1039739156337525	2.6413550272507623e-5
1.1089739156337524	2.814434607261814e-5
1.113973915633752	3.0079335220537182e-5
1.118973915633752	3.2248253096040674e-5
1.1239739156337516	3.468564042972045e-5
1.1289739156337515	3.7431649994627994e-5
1.1339739156337512	4.053298297506765e-5
1.138973915633751	4.404397170574682e-5
1.143973915633751	4.8027825709208174e-5
1.1489739156337506	5.255805720671904e-5
1.1539739156337505	5.7720100035655184e-5
1.1589739156337502	6.361313151492505e-5
1.16397391563375	7.03520994219719e-5
1.1689739156337497	7.8069944865953e-5
1.1739739156337496	8.691999530801359e-5
1.1789739156337493	9.707847910082796e-5
1.1839739156337492	0.00010874708267765176
1.187980436725312	0.0001193405990945636
1.1919869578168745	0.0001311827999602582
1.1959934789084372	0.0001444186509814504
1.2	0.00015920679090303865
