0.0006999999999999628	3.481702020405235e-6
0.001403500000000035	3.4836088828086253e-6
0.0021105174999999296	3.4855273056956548e-6
0.0028210700874998964	3.48745736439521e-6
0.003535175437937438	3.489399141361331e-6
0.004252851315127062	3.491352719761228e-6
0.004974115571702636	3.4933181834478933e-6
0.005698986149561044	3.495295616974565e-6
0.006427481080308875	3.4972851056082095e-6
0.007159618485710418	3.4992867353406063e-6
0.007895416578138905	3.5013005928996666e-6
0.008634893661029494	3.5033267657595675e-6
0.00937806812933463	3.5053653421506145e-6
0.010124958469981361	3.507416411068937e-6
0.010875583262331262	3.5094800622862996e-6
0.01162996117864295	3.511556386359271e-6
0.012388110984536127	3.513645474638884e-6
0.013150051539458866	3.5157474192799328e-6
0.013915801797156208	3.5178623132505377e-6
0.014685380806142003	3.519990250341557e-6
0.015458807710172712	3.5221313251760725e-6
0.01623610174872358	3.524285633219199e-6
0.017017282257467212	3.526453270787626e-6
0.017802368668754516	3.528634335059183e-6
0.01859138051209827	3.530828924083377e-6
0.019384337414658823	3.5330371367905997e-6
0.020181259101732015	3.535259073002731e-6
0.020982165397240727	3.537494833443154e-6
0.02178707622422691	3.539744519747079e-6
0.02259601160534814	3.542008234472044e-6
0.02340899166337483	3.5442860811084735e-6
0.024226036621691812	3.546578164090401e-6
0.02504716680480027	3.548884588806416e-6
0.025872402638824326	3.5512054616103484e-6
0.02670176465201842	3.5535408898328247e-6
0.02753527347527842	3.5558909817921773e-6
0.028372949842654864	3.5582558468061602e-6
0.0292148145918682	3.5606355952034115e-6
0.03006088866482743	3.5630303383351592e-6
0.03091119310815165	3.5654401885870377e-6
0.0317657490736924	3.5678652593916287e-6
0.03262457781906081	3.5703056652399446e-6
0.03348770070815601	3.5727615216944954e-6
0.034355139211696875	3.575232945401488e-6
0.035226914907755424	3.5777200541036224e-6
0.03610304948229413	3.5802229666532133e-6
0.03698356472970569	3.5827418030249897e-6
0.03786848255335419	3.585276684329662e-6
0.038757824966120964	3.5878277328271704e-6
0.03965161409095162	3.590395071940478e-6
0.04054987216140643	3.592978826269444e-6
0.04145262152221345	3.5955791216048377e-6
0.04235988462982453	3.598196084942509e-6
0.04327168405297366	3.6008298444982364e-6
0.0441880424732386	3.6034805297217444e-6
0.04510898268560485	3.60614827131218e-6
0.046034527599032954	3.6088332012329363e-6
0.04696470023702812	3.6115354527270278e-6
0.04789952373821329	3.6142551603325716e-6
0.048839021356904266	3.6169924598986788e-6
0.04978321646368884	3.619747488601411e-6
0.05073213254600732	3.6225203849598597e-6
0.05168579320873729	3.625311288852903e-6
0.052644222174780875	3.628120341535678e-6
0.05360744328565471	3.6309476856566868e-6
0.054575480502083065	3.633793465274833e-6
0.055548357904593434	3.6366578258772217e-6
0.056526099694116344	3.6395409143966e-6
0.0575087301925869	3.642442879229339e-6
0.05849627384354973	3.6453638702540335e-6
0.05948875521276744	3.6483040388496985e-6
0.06048619898883127	3.6512635379146654e-6
0.061488629983775384	3.6542425218859042e-6
0.06249607313369419	3.6572411467580533e-6
0.06350855349936275	3.6602595701036718e-6
0.06452609626685958	3.6632979510925125e-6
0.06554872674819387	3.6663564505123795e-6
0.06657647038193484	3.669435230789544e-6
0.06760935273384447	3.6725344560097642e-6
0.06864739949751365	3.675654291939342e-6
0.0696906364950013	3.6787949060467975e-6
0.07073908967747639	3.6819564675250505e-6
0.07179278512586384	3.685139147313074e-6
0.07285174905149322	3.688343118119256e-6
0.0739160077967507	3.69156855444372e-6
0.07498558783573436	3.6948156326019534e-6
0.07606051577491299	3.698084530748499e-6
0.07714081835378758	3.701375428900783e-6
0.07822652244555647	3.7046885089638355e-6
0.07931765505778425	3.7080239547550454e-6
0.0804142433330731	3.711381952029121e-6
0.08151631454973848	3.714762688504195e-6
0.08262389612248718	3.7181663538872993e-6
0.0837370156030995	3.721593139901331e-6
0.0848557006811149	3.72504324031159e-6
0.0859799791845205	3.728516850953193e-6
0.08710987908044313	3.7320141697588357e-6
0.08824542847584534	3.735535396787092e-6
0.08938665561822454	3.7390807342507295e-6
0.09053358889631567	3.7426503865462575e-6
0.09168625684079722	3.7462445602832305e-6
0.09284468812500112	3.7498634643145206e-6
0.09400891156562617	3.7535073097667832e-6
0.0951789561234543	3.757176310071597e-6
0.09635485090407148	3.7608706809970063e-6
0.09753662515859184	3.7645906406797607e-6
0.0987243082843847	3.7683364096577844e-6
0.09991792982580656	3.7721082109036564e-6
0.10111751947493569	3.7759062698580676e-6
0.10232310707231031	3.7797308144642958e-6
0.1035347226076718	3.783582075203211e-6
0.10475239622071016	3.7874602851285114e-6
0.10597615820181366	3.791365679903043e-6
0.10720603899282274	3.7952984978353217e-6
0.10844206918778684	3.7992589799171217e-6
0.10968427953372567	3.803247369861049e-6
0.1109327009313943	3.8072639141395742e-6
0.11218736443605135	3.811308862024051e-6
0.11344830125823162	3.815382465624669e-6
0.11471554276452282	3.819484979931246e-6
0.11598912047834534	3.823616662854447e-6
0.11726906608073695	3.827777775267953e-6
0.11855541141114062	3.831968581051144e-6
0.11984818846819621	3.836189347132765e-6
0.12114742941053713	3.840440343535099e-6
0.12245316655758978	3.844721843419295e-6
0.1237654323903777	3.849034123130909e-6
0.12508425955232963	3.853377462246988e-6
0.12640968085009122	3.857752143623222e-6
0.1277417292543416	3.862158453442515e-6
0.1290804379006133	3.866596681264327e-6
0.13042584009011637	3.87106712007451e-6
0.1317779692905669	3.875570066336541e-6
0.13313685913701961	3.880105820043358e-6
0.13450254343270476	3.884674684770357e-6
0.13587505614986833	3.889276967729006e-6
0.13725443143061763	3.8939129798218226e-6
0.13864070358777073	3.898583035698157e-6
0.14003390710570945	3.903287453811008e-6
0.14143407664123803	3.908026556474909e-6
0.1428412470244442	3.912800669924855e-6
0.1442554532595664	3.917610124376285e-6
0.14567673052586416	3.922455254086259e-6
0.1471051141784935	3.927336397415943e-6
0.14854063974938603	3.932253896893723e-6
0.149983342948133	3.937208099279929e-6
0.15143325966287374	3.942199355632658e-6
0.15289042596118813	3.947228021375084e-6
0.15435487809099402	3.952294456363637e-6
0.15582665248144906	3.957399024957332e-6
0.1573057857438562	3.962542096089375e-6
0.15879231467257537	3.967724043338982e-6
0.16028627624593816	3.972945245005181e-6
0.16178770762716785	3.9782060841821366e-6
0.16329664616530362	3.983506948835569e-6
0.16481312939613008	3.988848231880563e-6
0.1663371950431107	3.994230331261624e-6
0.16786888101832628	3.999653650033393e-6
0.1694082254234178	4.005118596443424e-6
0.1709552665505349	4.010625584016619e-6
0.17251004288328747	4.016175031641061e-6
0.17407259309770393	4.0217673636557116e-6
0.17564295606319252	4.027403009939793e-6
0.17722117084350858	4.033082406003887e-6
0.17880727669772617	4.0388059930831365e-6
0.18040131308121476	4.044574218231932e-6
0.18200331964662084	4.05038753442053e-6
0.18361333624485401	4.056246400634041e-6
0.18523140292607826	4.0621512819728635e-6
0.18685755994070874	4.068102649755574e-6
0.1884918477404122	4.074100981623577e-6
0.19013430697911424	4.080146761648249e-6
0.1917849785140098	4.086240480439926e-6
0.19344390340657974	4.092382635259268e-6
0.19511112292361268	4.098573730131203e-6
0.1967866785382308	4.104814275960517e-6
0.19847061193092203	4.111104790650681e-6
0.20016296499057665	4.117445799224631e-6
0.20186377981552947	4.1238378339481676e-6
0.2035730987146071	4.130281434456012e-6
0.20529096420818022	4.136777147880545e-6
0.20701741902922113	4.1433255289830385e-6
0.20875250612436722	4.149927140288126e-6
0.210496268654989	4.156582552220537e-6
0.21224874999826396	4.1632923432453315e-6
0.21400999374825516	4.170057100010783e-6
0.21578004371699644	4.176877417494351e-6
0.21755894393558148	4.183753899152066e-6
0.2193467386552594	4.19068715707073e-6
0.22114347234853576	4.19767781212413e-6
0.22294918971027836	4.204726494131551e-6
0.2247639356588297	4.211833842021144e-6
0.2265877553371239	4.219000503995604e-6
0.2284206941138094	4.226227137702309e-6
0.23026279758437848	4.23351441040703e-6
0.23211411157230027	4.240862999171528e-6
0.23397468213016168	4.2482735910348165e-6
0.23584455554081238	4.2557468831989415e-6
0.23772377831851643	4.26328358321872e-6
0.23961239721010893	4.270884409195804e-6
0.24151045919615952	4.278550089976907e-6
0.24341801149214037	4.28628136535734e-6
0.24533510154960114	4.294078986287735e-6
0.24726177705734917	4.301943715087335e-6
0.24919808594263576	4.3098763256605125e-6
0.251144076372349	4.317877603719712e-6
0.2530997967542107	4.325948347012349e-6
0.2550652957379817	4.3340893655538545e-6
0.2570406222166717	4.3423014818658105e-6
0.2590258253277551	4.350585531219862e-6
0.26102095445439405	4.358942361886954e-6
0.2630260592266659	4.3673728353932026e-6
0.2650411895227993	4.375877826781027e-6
0.2670663954704134	4.384458224877205e-6
0.26910172744776534	4.3931149325670656e-6
0.27114723608500396	4.401848867074993e-6
0.27320297226542917	4.410660960252445e-6
0.27526898712675635	4.419552158871964e-6
0.27734533206239	4.428523424929512e-6
0.2794320587227019	4.437575735953201e-6
0.2815292190163153	4.446710085319877e-6
0.2836368651113967	4.4559274825801815e-6
0.28575504943695385	4.465228953790611e-6
0.28788382468413853	4.474615541854493e-6
0.29002324380755934	4.484088306871404e-6
0.29217336002659705	4.493648326495173e-6
0.29433422682673016	4.503296696301042e-6
0.29650589796086374	4.513034530162203e-6
0.29868842745066804	4.522862960635467e-6
0.30088186958792124	4.5327831393573555e-6
0.3030862789358609	4.5427962374498945e-6
0.30530171033054027	4.552903445937301e-6
0.307528218882193	4.563105976172664e-6
0.30976585997660405	4.573405060276569e-6
0.312014689276487	4.583801951586756e-6
0.31427476272286925	4.594297925119309e-6
0.3165461365364837	4.6048942780427e-6
0.3188288672191662	4.61559233016324e-6
0.32112301155526213	4.626393424424717e-6
0.32342862661303834	4.637298927420295e-6
0.3257457697461036	4.6483102299184e-6
0.32807449859483384	4.659428747403513e-6
0.3304148710878078	4.670655920629961e-6
0.33276694544324686	4.681993216192404e-6
0.33513078017046305	4.693442127110782e-6
0.33750643407131514	4.705004173432028e-6
0.3398939662416715	4.716680902847362e-6
0.3422934360728799	4.72847389132776e-6
0.34470490325324404	4.740384743775974e-6
0.3471284277695101	4.752415094697942e-6
0.34956406990835764	4.764566608891663e-6
0.3520118902578995	4.776840982156709e-6
0.354471949709189	4.7892399420227395e-6
0.3569443094577349	4.801765248499429e-6
0.3594290310050235	4.814418694847789e-6
0.3619261761600484	4.82720210837282e-6
0.3644358070408486	4.840117351240089e-6
0.36695798607605284	4.85316632131531e-6
0.36949277600643327	4.866350953028096e-6
0.37204023988646523	4.879673218261888e-6
0.3746004410858973	4.8931351272690675e-6
0.3771734432913268	4.906738729613686e-6
0.3797593105077832	4.920486115141716e-6
0.3823581070603219	4.934379414980475e-6
0.38496989759562367	4.9484208025684885e-6
0.3875947470836016	4.962612494714758e-6
0.3902327208190196	4.976956752692113e-6
0.3928838844231145	4.991455883362132e-6
0.39554830384522993	5.006112240335238e-6
0.3982260453644561	5.020928225166363e-6
0.4009171755912785	5.035906288587255e-6
0.40362176146923495	5.051048931776989e-6
0.40633987027658097	5.066358707672344e-6
0.4090715696279639	5.081838222318806e-6
0.4118169274761037	5.097490136264275e-6
0.4145760121134843	5.1133171659971485e-6
0.4173488921740515	5.129322085429505e-6
0.4201356366349219	5.145507727427926e-6
0.42293631481809635	5.161876985393814e-6
0.4257509963921868	5.178432814894139e-6
0.42857975137414767	5.195178235345252e-6
0.43142265013101855	5.212116331751624e-6
0.43427976338167373	5.229250256501736e-6
0.43715116219858224	5.246583231222881e-6
0.44003691800957523	5.264118548696755e-6
0.44293710259962304	5.2818595748403485e-6
0.4458517881126211	5.29980975075124e-6
0.44878104705318417	5.3179725948224e-6
0.45172495228844983	5.336351704928948e-6
0.45468357704989204	5.35495076068839e-6
0.4576569949351413	5.37377352579786e-6
0.46064527990981685	5.3928238504519795e-6
0.4636485063093658	5.412105673844418e-6
0.4666667488409128	5.431623026754841e-6
0.4697000825851173	5.451380034227339e-6
0.4727485829980427	5.47138091834155e-6
0.47581232591303285	5.491630001082427e-6
0.478891387542598	5.512131707310514e-6
0.48198584448031084	5.532890567837991e-6
0.4850957737027124	5.55391122261575e-6
0.48822125257122595	5.575198424033794e-6
0.49136235883408197	5.596757040341484e-6
0.4945191706282523	5.618592059191962e-6
0.4976917664813935	5.6407085913158564e-6
0.5008802253138004	5.663111874330493e-6
0.5040846264403696	5.685807276688872e-6
0.5073050495725715	5.7088003017756726e-6
0.5105415748204343	5.732096592156379e-6
0.5137942826945365	5.755701933985072e-6
0.517063254108009	5.7796222615792594e-6
0.5203485703785492	5.803863662167095e-6
0.5236503132304419	5.8284323808170455e-6
0.5269685647965939	5.853334825555203e-6
0.5303034076205766	5.878577572679979e-6
0.5336549246586795	5.9041673722830835e-6
0.5370231992819728	5.9301111539847515e-6
0.5404083152783826	5.956416032893847e-6
0.5438103568547747	5.983089315801747e-6
0.5472294086390483	6.010138507621906e-6
0.5506655556822436	6.0375713180840536e-6
0.5541188834606549	6.065395668696619e-6
0.5575894778779582	6.093619699987758e-6
0.5610774252673477	6.1222517790380414e-6
0.5645828123936844	6.151300507319057e-6
0.5681057264556525	6.180774728850026e-6
0.5716462550879309	6.2106835386879965e-6
0.5752044863633705	6.2410362917668304e-6
0.5787805087951873	6.271842612100808e-6
0.5823744113391631	6.3031124023689436e-6
0.5859862833958588	6.334855853899143e-6
0.5896162148128381	6.367083457068824e-6
0.5932642958869024	6.3998060121421486e-6
0.5969306173663369	6.433034640565219e-6
0.6006152704531684	6.466780796737561e-6
0.6043183468054344	6.5010562802870604e-6
0.6080399385394615	6.535873248865951e-6
0.6117801382321587	6.571244231498232e-6
0.6155390389233192	6.607182142500053e-6
0.6193167341179359	6.64370029600359e-6
0.6231133177885255	6.680812421110914e-6
0.6269288843774683	6.718532677709315e-6
0.6307635287993556	6.756875672978903e-6
0.6346173464433522	6.795856478627045e-6
0.6384904331755688	6.835490648883475e-6
0.6423828853414466	6.875794239294464e-6
0.6462947997681537	6.916783826354103e-6
0.6502262737669944	6.958476528014377e-6
0.6541774051358293	7.000890025117737e-6
0.6581482921615082	7.044042583797911e-6
0.6621390336223156	7.087953078898535e-6
0.6661497287904271	7.132641018460063e-6
0.6701804774343789	7.1781265693324774e-6
0.6742313798215507	7.224430583970481e-6
0.6783025367206585	7.271574628476742e-6
0.682394049404262	7.3195810119591894e-6
0.6865060196512833	7.368472817278237e-6
0.6906385497495399	7.418273933262657e-6
0.6947917424982876	7.469009088481553e-6
0.6989657012107791	7.5207038866702095e-6
0.7031605297168331	7.5733848439139786e-6
0.7073763323654171	7.627079427710522e-6
0.7116132140272443	7.681816098041987e-6
0.7158712800973803	7.737624350605681e-6
0.7201506364978669	7.794534762375053e-6
0.724451389680356	7.85257903967967e-6
0.7287736466287575	7.911790069030221e-6
0.7331175148619014	7.972201970938718e-6
0.737483102436211	8.033850157032047e-6
0.7418705179483918	8.096771390798588e-6
0.7462798705381338	8.161003852369231e-6
0.7507112698908246	8.226587207798124e-6
0.7551648262402787	8.293562683390462e-6
0.7596406503714802	8.361973145720114e-6
0.7641388536233378	8.431863188092404e-6
0.7686595478914543	8.50327922434062e-6
0.7732028456309116	8.57626959100491e-6
0.777768859859066	8.650884659126413e-6
0.7823577041583611	8.727176957106882e-6
0.7869694926791531	8.805201306342087e-6
0.7916043401425489	8.885014971630666e-6
0.7962623618432616	8.966677828703018e-6
0.8009436736524779	9.050252551610985e-6
0.8056483920207402	9.135804823162528e-6
0.8103766339808439	9.223403572097806e-6
0.8151285171507483	9.313121241266727e-6
0.8199041597365018	9.405034091697168e-6
0.8247036805351844	9.499222548134042e-6
0.8295271989378604	9.595771592370116e-6
0.8343748349325497	9.694771211486691e-6
0.8392467091072124	9.7963169089589e-6
0.8441429426527486	9.900510287445293e-6
0.8490636573660123	1.0007459712980227e-5
0.8540089756528424	1.0117281071188427e-5
0.8589790205311068	1.0230098627067734e-5
0.8639739156337622	1.0346046000827688e-5
0.868973915633762	1.0464789928360396e-5
0.8739739156337618	1.0586323465066713e-5
0.8789739156337616	1.0710765697589119e-5
0.8839739156337615	1.0838245555681798e-5
0.8889739156337613	1.0968902877231272e-5
0.893973915633761	1.1102889569068391e-5
0.8989739156337608	1.1240370870975365e-5
0.9039739156337606	1.1381526731394922e-5
0.9089739156337604	1.1526553305496965e-5
0.9139739156337602	1.1675664588988948e-5
0.91897391563376	1.1829094204401963e-5
0.9239739156337599	1.1987097360572694e-5
0.9289739156337596	1.2149953010658917e-5
0.9339739156337594	1.2317966239302791e-5
0.9389739156337592	1.2491470915496594e-5
0.943973915633759	1.267083265437435e-5
0.9489739156337588	1.2856452138606528e-5
0.9539739156337586	1.3048768858462193e-5
0.9589739156337583	1.3248265339096466e-5
0.9639739156337582	1.3455471934440213e-5
0.968973915633758	1.3670972279563616e-5
0.9739739156337578	1.38954095078733e-5
0.9789739156337576	1.4129493356499986e-5
0.9839739156337574	1.4374008303239083e-5
0.9889739156337571	1.4629822902091297e-5
0.9939739156337569	1.4897900512562779e-5
0.9989739156337567	1.5179311651314544e-5
1.0039739156337566	1.5475248234540094e-5
1.0089739156337563	1.5787040026824052e-5
1.0139739156337562	1.611617366863079e-5
1.0189739156337558	1.64643147216913e-5
1.0239739156337557	1.6833333251403516e-5
1.0289739156337556	1.7225333560322953e-5
1.0339739156337553	1.764268879970881e-5
1.0389739156337552	1.8088081320247228e-5
1.0439739156337549	1.8564549782428808e-5
1.0489739156337547	1.9075544236255427e-5
1.0539739156337544	1.9624990604349146e-5
1.0589739156337543	2.0217366268487182e-5
1.0639739156337542	2.0857788774259447e-5
1.0689739156337539	2.1552120040297096e-5
1.0739739156337538	2.230708889675536e-5
1.0789739156337534	2.3130435293038902e-5
1.0839739156337533	2.403108011892214e-5
1.088973915633753	2.5019325289049774e-5
1.093973915633753	2.6107089562020217e-5
1.0989739156337526	2.7308186515954103e-5
1.1039739156337525	2.8638652196431734e-5
1.1089739156337524	3.0117131202098576e-5
1.113973915633752	3.176533138676442e-5
1.118973915633752	3.360855893645106e-5
1.1239739156337516	3.567634731660365e-5
1.1289739156337515	3.800319545209879e-5
1.1339739156337512	4.062943244764594e-5
1.138973915633751	4.3602228086743225e-5
1.143973915633751	4.697677011576257e-5
1.1489739156337506	5.081763070106172e-5
1.1539739156337505	5.520034511172782e-5
1.1589739156337502	6.021322516160394e-5
1.16397391563375	6.59594275999484e-5
1.1689739156337497	7.255929261619962e-5
1.1739739156337496	8.015295882310028e-5
1.1789739156337493	8.890324715286553e-5
1.1839739156337492	9.899878547367055e-5
1.187980436725312	0.00010820473702113566
1.1919869578168745	0.00011854073493421808
1.1959934789084372	0.00013014808120673094
1.2	0.0001431838038316263
