0.0006999999999999628	3.410120532166004e-7
0.001403500000000035	3.41285814214904e-7
0.0021105174999999296	3.4156135671811156e-7
0.0028210700874998964	3.41838691978871e-7
0.003535175437937438	3.42117834025751e-7
0.004252851315127062	3.4239879704855423e-7
0.004974115571702636	3.4268159537417306e-7
0.005698986149561044	3.4296624346855246e-7
0.006427481080308875	3.4325275593870134e-7
0.007159618485710418	3.435411475346661e-7
0.007895416578138905	3.4383143315146456e-7
0.008634893661029494	3.44123627831012e-7
0.00937806812933463	3.4441774676403186e-7
0.010124958469981361	3.447138052919929e-7
0.010875583262331262	3.450118189090406e-7
0.01162996117864295	3.453118032639578e-7
0.012388110984536127	3.456137741621365e-7
0.013150051539458866	3.4591774756757036e-7
0.013915801797156208	3.4622373960487697e-7
0.014685380806142003	3.465317665613297e-7
0.015458807710172712	3.4684184488893886e-7
0.01623610174872358	3.4715399120653893e-7
0.017017282257467212	3.474682223019115e-7
0.017802368668754516	3.477845551339511e-7
0.01859138051209827	3.4810300683482625e-7
0.019384337414658823	3.484235947122113e-7
0.020181259101732015	3.4874633625153945e-7
0.020982165397240727	3.4907124911826144e-7
0.02178707622422691	3.4939835116017255e-7
0.02259601160534814	3.497276604097685e-7
0.02340899166337483	3.500591950866009e-7
0.024226036621691812	3.5039297359973304e-7
0.02504716680480027	3.507290145501628e-7
0.025872402638824326	3.5106733673333916e-7
0.02670176465201842	3.5140795914169003e-7
0.02753527347527842	3.5175090096717207e-7
0.028372949842654864	3.520961816039163e-7
0.0292148145918682	3.5244382065083993e-7
0.03006088866482743	3.527938379143785e-7
0.03091119310815165	3.531462534111811e-7
0.0317657490736924	3.535010873709211e-7
0.03262457781906081	3.5385836023908347e-7
0.03348770070815601	3.5421809267987107e-7
0.034355139211696875	3.545803055790732e-7
0.035226914907755424	3.5494502004704646e-7
0.03610304948229413	3.5531225742171283e-7
0.03698356472970569	3.5568203927160514e-7
0.03786848255335419	3.5605438739899163e-7
0.038757824966120964	3.5642932384298577e-7
0.03965161409095162	3.568068708827733e-7
0.04054987216140643	3.571870510408718e-7
0.04145262152221345	3.5756988708641473e-7
0.04235988462982453	3.579554020385227e-7
0.04327168405297366	3.583436191697077e-7
0.0441880424732386	3.5873456200936216e-7
0.04510898268560485	3.5912825434725575e-7
0.046034527599032954	3.595247202371449e-7
0.04696470023702812	3.5992398400040293e-7
0.04789952373821329	3.603260702297242e-7
0.048839021356904266	3.607310037928945e-7
0.04978321646368884	3.611388098365977e-7
0.05073213254600732	3.6154951379034467e-7
0.05168579320873729	3.619631413703839e-7
0.052644222174780875	3.62379718583751e-7
0.05360744328565471	3.627992717323523e-7
0.054575480502083065	3.6322182741712127e-7
0.055548357904593434	3.6364741254223596e-7
0.056526099694116344	3.640760543194331e-7
0.0575087301925869	3.645077802723816e-7
0.05849627384354973	3.649426182411119e-7
0.05948875521276744	3.653805963865482e-7
0.06048619898883127	3.6582174319511716e-7
0.061488629983775384	3.662660874834041e-7
0.06249607313369419	3.667136584029316e-7
0.06350855349936275	3.671644854449985e-7
0.06452609626685958	3.6761859844559153e-7
0.06554872674819387	3.6807602759040784e-7
0.06657647038193484	3.685368034199484e-7
0.06760935273384447	3.690009568346993e-7
0.06864739949751365	3.694685191004169e-7
0.0696906364950013	3.6993952185348845e-7
0.07073908967747639	3.704139971064111e-7
0.07179278512586384	3.7089197725332064e-7
0.07285174905149322	3.713734950756907e-7
0.0739160077967507	3.718585837480525e-7
0.07498558783573436	3.723472768438941e-7
0.07606051577491299	3.7283960834158526e-7
0.07714081835378758	3.733356126304863e-7
0.07822652244555647	3.7383532451710043e-7
0.07931765505778425	3.743387792313842e-7
0.0804142433330731	3.7484601243315527e-7
0.08151631454973848	3.753570602185975e-7
0.08262389612248718	3.7587195912691206e-7
0.0837370156030995	3.7639074614707526e-7
0.0848557006811149	3.7691345872472653e-7
0.0859799791845205	3.774401347691796e-7
0.08710987908044313	3.7797081266055835e-7
0.08824542847584534	3.7850553125706005e-7
0.08938665561822454	3.790443299023743e-7
0.09053358889631567	3.795872484332141e-7
0.09168625684079722	3.801343271870001e-7
0.09284468812500112	3.8068560700970197e-7
0.09400891156562617	3.8124112926377507e-7
0.0951789561234543	3.8180093583631093e-7
0.09635485090407148	3.823650691472945e-7
0.09753662515859184	3.829335721580478e-7
0.0987243082843847	3.835064883798052e-7
0.09991792982580656	3.8408386188247144e-7
0.10111751947493569	3.8466573730352987e-7
0.10232310707231031	3.8525215985715984e-7
0.1035347226076718	3.858431753434506e-7
0.10475239622071016	3.8643883015789367e-7
0.10597615820181366	3.8703917130095167e-7
0.10720603899282274	3.8764424638792626e-7
0.10844206918778684	3.8825410365889423e-7
0.10968427953372567	3.888687919889409e-7
0.1109327009313943	3.8948836089854744e-7
0.11218736443605135	3.9011286056415273e-7
0.11344830125823162	3.9074234182898573e-7
0.11471554276452282	3.913768562140916e-7
0.11598912047834534	3.9201645592951177e-7
0.11726906608073695	3.9266119388578937e-7
0.11855541141114062	3.933111237056216e-7
0.11984818846819621	3.93966299735781e-7
0.12114742941053713	3.946267770592793e-7
0.12245316655758978	3.952926115077357e-7
0.1237654323903777	3.959638596740599e-7
0.12508425955232963	3.9664057892531564e-7
0.12640968085009122	3.973228274159135e-7
0.1277417292543416	3.980106641010075e-7
0.1290804379006133	3.9870414875023106e-7
0.13042584009011637	3.994033419616626e-7
0.1317779692905669	4.0010830517608406e-7
0.13313685913701961	4.008191006915666e-7
0.13450254343270476	4.0153579167832946e-7
0.13587505614986833	4.0225844219389353e-7
0.13725443143061763	4.0298711719858053e-7
0.13864070358777073	4.037218825713291e-7
0.14003390710570945	4.0446280512582576e-7
0.14143407664123803	4.052099526269853e-7
0.1428412470244442	4.059633938077638e-7
0.1442554532595664	4.0672319838636893e-7
0.14567673052586416	4.0748943708378884e-7
0.1471051141784935	4.0826218164169003e-7
0.14854063974938603	4.090415048407551e-7
0.149983342948133	4.098274805193489e-7
0.15143325966287374	4.1062018359261663e-7
0.15289042596118813	4.1141969007200574e-7
0.15435487809099402	4.122260770851627e-7
0.15582665248144906	4.130394228963222e-7
0.1573057857438562	4.1385980692708594e-7
0.15879231467257537	4.1468730977770086e-7
0.16028627624593816	4.1552201324876214e-7
0.16178770762716785	4.163640003634282e-7
0.16329664616530362	4.172133553901067e-7
0.16481312939613008	4.180701638656535e-7
0.1663371950431107	4.1893451261906574e-7
0.16786888101832628	4.198064897957452e-7
0.1694082254234178	4.2068618488225736e-7
0.1709552665505349	4.2157368873168487e-7
0.17251004288328747	4.2246909358952513e-7
0.17407259309770393	4.2337249312018593e-7
0.17564295606319252	4.242839824340994e-7
0.17722117084350858	4.252036581154101e-7
0.17880727669772617	4.2613161825034176e-7
0.18040131308121476	4.270679624561799e-7
0.18200331964662084	4.2801279191096153e-7
0.18361333624485401	4.289662093838101e-7
0.18523140292607826	4.299283192659917e-7
0.18685755994070874	4.3089922760269595e-7
0.1884918477404122	4.318790421255733e-7
0.19013430697911424	4.3286787228599193e-7
0.1917849785140098	4.338658292891433e-7
0.19344390340657974	4.3487302612886944e-7
0.19511112292361268	4.3588957762340674e-7
0.1967866785382308	4.3691560045191373e-7
0.19847061193092203	4.379512131919146e-7
0.20016296499057665	4.389965363575806e-7
0.20186377981552947	4.400516924390198e-7
0.2035730987146071	4.411168059424459e-7
0.20529096420818022	4.4219200343136596e-7
0.20701741902922113	4.432774135687073e-7
0.20875250612436722	4.44373167160066e-7
0.210496268654989	4.4547939719793776e-7
0.21224874999826396	4.4659623890708637e-7
0.21400999374825516	4.4772382979100903e-7
0.21578004371699644	4.48862309679541e-7
0.21755894393558148	4.500118207777059e-7
0.2193467386552594	4.511725077157208e-7
0.22114347234853576	4.5234451760029285e-7
0.22294918971027836	4.535280000672106e-7
0.2247639356588297	4.547231073352261e-7
0.2265877553371239	4.559299942613877e-7
0.2284206941138094	4.571488183976789e-7
0.23026279758437848	4.5837974004920776e-7
0.23211411157230027	4.5962292233380477e-7
0.23397468213016168	4.608785312432477e-7
0.23584455554081238	4.6214673570598826e-7
0.23772377831851643	4.63427707651575e-7
0.23961239721010893	4.6472162207670064e-7
0.24151045919615952	4.6602865711308345e-7
0.24341801149214037	4.673489940969869e-7
0.24533510154960114	4.6868281764071953e-7
0.24726177705734917	4.700303157059593e-7
0.24919808594263576	4.7139167967902697e-7
0.251144076372349	4.727671044482366e-7
0.2530997967542107	4.741567884832548e-7
0.2550652957379817	4.7556093391665884e-7
0.2570406222166717	4.769797466276604e-7
0.2590258253277551	4.784134363281503e-7
0.26102095445439405	4.798622166510637e-7
0.2630260592266659	4.813263052412013e-7
0.2650411895227993	4.828059238485286e-7
0.2670663954704134	4.843012984240749e-7
0.26910172744776534	4.858126592184793e-7
0.27114723608500396	4.873402408833377e-7
0.27320297226542917	4.888842825753502e-7
0.27526898712675635	4.904450280633895e-7
0.27734533206239	4.920227258386571e-7
0.2794320587227019	4.936176292279235e-7
0.2815292190163153	4.952299965100111e-7
0.2836368651113967	4.968600910356487e-7
0.28575504943695385	4.985081813507185e-7
0.28788382468413853	5.001745413231242e-7
0.29002324380755934	5.018594502733069e-7
0.29217336002659705	5.035631931086293e-7
0.29433422682673016	5.052860604616046e-7
0.29650589796086374	5.070283488322873e-7
0.29868842745066804	5.087903607348373e-7
0.30088186958792124	5.105724048484377e-7
0.3030862789358609	5.12374796172747e-7
0.30530171033054027	5.141978561879659e-7
0.307528218882193	5.160419130197803e-7
0.30976585997660405	5.179073016092582e-7
0.312014689276487	5.197943638879496e-7
0.31427476272286925	5.217034489583235e-7
0.3165461365364837	5.236349132796976e-7
0.3188288672191662	5.255891208600057e-7
0.32112301155526213	5.275664434534004e-7
0.32342862661303834	5.295672607641151e-7
0.3257457697461036	5.315919606565963e-7
0.32807449859483384	5.336409393723142e-7
0.3304148710878078	5.357146017534276e-7
0.33276694544324686	5.378133614735081e-7
0.33513078017046305	5.399376412756495e-7
0.33750643407131514	5.420878732181937e-7
0.3398939662416715	5.442644989284171e-7
0.3422934360728799	5.464679698643756e-7
0.34470490325324404	5.48698747585293e-7
0.3471284277695101	5.509573040307918e-7
0.34956406990835764	5.532441218092938e-7
0.3520118902578995	5.555596944959791e-7
0.354471949709189	5.579045269405756e-7
0.3569443094577349	5.602791355854346e-7
0.3594290310050235	5.626840487943397e-7
0.3619261761600484	5.651198071923176e-7
0.3644358070408486	5.675869640169806e-7
0.36695798607605284	5.700860854818636e-7
0.36949277600643327	5.726177511521691e-7
0.37204023988646523	5.751825543334556e-7
0.3746004410858973	5.777811024737987e-7
0.3771734432913268	5.804140175798764e-7
0.3797593105077832	5.830819366476574e-7
0.3823581070603219	5.85785512108209e-7
0.38496989759562367	5.885254122892554e-7
0.3875947470836016	5.913023218931463e-7
0.3902327208190196	5.94116942491907e-7
0.3928838844231145	5.969699930400369e-7
0.39554830384522993	5.998622104058741e-7
0.3982260453644561	6.027943499222338e-7
0.4009171755912785	6.057671859571383e-7
0.40362176146923495	6.087815125055919e-7
0.40633987027658097	6.118381438030457e-7
0.4090715696279639	6.149379149618656e-7
0.4118169274761037	6.18081682631359e-7
0.4145760121134843	6.212703256827592e-7
0.4173488921740515	6.245047459199816e-7
0.4201356366349219	6.277858688174734e-7
0.42293631481809635	6.311146442861711e-7
0.4257509963921868	6.344920474690166e-7
0.42857975137414767	6.379190795671227e-7
0.43142265013101855	6.41396768698189e-7
0.43427976338167373	6.44926170788391e-7
0.43715116219858224	6.485083704994856e-7
0.44003691800957523	6.521444821925929e-7
0.44293710259962304	6.558356509303306e-7
0.4458517881126211	6.595830535192239e-7
0.44878104705318417	6.63387899594049e-7
0.45172495228844983	6.672514327462654e-7
0.45468357704989204	6.711749316984923e-7
0.4576569949351413	6.751597115272163e-7
0.46064527990981685	6.792071249360937e-7
0.4636485063093658	6.8331856358223e-7
0.4666667488409128	6.874954594579612e-7
0.4697000825851173	6.917392863308923e-7
0.4727485829980427	6.960515612450202e-7
0.47581232591303285	7.004338460858813e-7
0.478891387542598	7.048877492129961e-7
0.48198584448031084	7.094149271629174e-7
0.4850957737027124	7.140170864263925e-7
0.48822125257122595	7.186959853033672e-7
0.49136235883408197	7.234534358399456e-7
0.4945191706282523	7.282913058512697e-7
0.4976917664813935	7.332115210348838e-7
0.5008802253138004	7.382160671792891e-7
0.5040846264403696	7.43306992472596e-7
0.5073050495725715	7.484864099165159e-7
0.5105415748204343	7.537564998514291e-7
0.5137942826945365	7.591195125982608e-7
0.517063254108009	7.645777712235686e-7
0.5203485703785492	7.701336744344697e-7
0.5236503132304419	7.757896996104515e-7
0.5269685647965939	7.815484059797563e-7
0.5303034076205766	7.874124379480619e-7
0.5336549246586795	7.933845285882024e-7
0.5370231992819728	7.994675032999019e-7
0.5404083152783826	8.056642836490873e-7
0.5438103568547747	8.119778913971237e-7
0.5472294086390483	8.184114527309036e-7
0.5506655556822436	8.249682027054082e-7
0.5541188834606549	8.316514899111547e-7
0.5575894778779582	8.384647813799035e-7
0.5610774252673477	8.454116677426958e-7
0.5645828123936844	8.524958686554721e-7
0.5681057264556525	8.59721238508404e-7
0.5716462550879309	8.670917724362602e-7
0.5752044863633705	8.746116126485696e-7
0.5787805087951873	8.822850550991589e-7
0.5823744113391631	8.901165565166862e-7
0.5859862833958588	8.981107418190038e-7
0.5896162148128381	9.062724119358182e-7
0.5932642958869024	9.146065520662518e-7
0.5969306173663369	9.231183403996321e-7
0.6006152704531684	9.318131573301698e-7
0.6043183468054344	9.40696595198554e-7
0.6080399385394615	9.497744685959381e-7
0.6117801382321587	9.590528252689054e-7
0.6155390389233192	9.685379576667395e-7
0.6193167341179359	9.782364151760182e-7
0.6231133177885255	9.881550170912325e-7
0.6269288843774683	9.983008663740114e-7
0.6307635287993556	1.0086813642581455e-6
0.6346173464433522	1.0193042257628107e-6
0.6384904331755688	1.030177496181422e-6
0.6423828853414466	1.0413095686198088e-6
0.6462947997681537	1.0527092026641334e-6
0.6502262737669944	1.0643855442663222e-6
0.6541774051358293	1.0763481469428242e-6
0.6581482921615082	1.0886069943920748e-6
0.6621390336223156	1.1011725246457807e-6
0.6661497287904271	1.1140556558806869e-6
0.6701804774343789	1.127267814030396e-6
0.6742313798215507	1.1408209623506797e-6
0.6783025367206585	1.1547276331080635e-6
0.682394049404262	1.1690009615790916e-6
0.6865060196512833	1.1836547225682685e-6
0.6906385497495399	1.1987033696752565e-6
0.6947917424982876	1.2141620775678627e-6
0.6989657012107791	1.2300467875464947e-6
0.7031605297168331	1.2463742567191977e-6
0.7073763323654171	1.2631621111436662e-6
0.7116132140272443	1.2804289033360914e-6
0.7158712800973803	1.2981941745950251e-6
0.7201506364978669	1.316478522645115e-6
0.724451389680356	1.335303675168489e-6
0.7287736466287575	1.3546925698657665e-6
0.7331175148619014	1.3746694417714551e-6
0.737483102436211	1.3952599186456728e-6
0.7418705179483918	1.416491125374021e-6
0.7462798705381338	1.4383917984343311e-6
0.7507112698908246	1.4609924116360076e-6
0.7551648262402787	1.4843253145047178e-6
0.7596406503714802	1.508424884879625e-6
0.7641388536233378	1.5333276975135076e-6
0.7686595478914543	1.5590727107229923e-6
0.7732028456309116	1.5857014734325065e-6
0.777768859859066	1.6132583552979626e-6
0.7823577041583611	1.6417908029891085e-6
0.7869694926791531	1.6713496261646713e-6
0.7916043401425489	1.701989317196729e-6
0.7962623618432616	1.7337684093048225e-6
0.8009436736524779	1.7667498784540997e-6
0.8056483920207402	1.80100159517248e-6
0.8103766339808439	1.836596833362631e-6
0.8151285171507483	1.8736148442436099e-6
0.8199041597365018	1.9121415047759373e-6
0.8247036805351844	1.952270051323556e-6
0.8295271989378604	1.9941019109141536e-6
0.8343748349325497	2.037747644303624e-6
0.8392467091072124	2.0833280171660713e-6
0.8441429426527486	2.130975218152612e-6
0.8490636573660123	2.1808342453346144e-6
0.8540089756528424	2.2330644857167513e-6
0.8589790205311068	2.287841516125105e-6
0.8639739156337622	2.3453591579093686e-6
0.868973915633762	2.405586950292592e-6
0.8739739156337618	2.4686597204170186e-6
0.8789739156337616	2.534788917031223e-6
0.8839739156337615	2.604207326612525e-6
0.8889739156337613	2.677171536292237e-6
0.893973915633761	2.7539646830529816e-6
0.8989739156337608	2.8348995205663014e-6
0.9039739156337606	2.920321838130919e-6
0.9089739156337604	3.0106142697896943e-6
0.9139739156337602	3.1062005357947942e-6
0.91897391563376	3.207550163242797e-6
0.9239739156337599	3.315183738021182e-6
0.9289739156337596	3.429678746318204e-6
0.9339739156337594	3.5516760709886006e-6
0.9389739156337592	3.6818872161996487e-6
0.943973915633759	3.821102343190043e-6
0.9489739156337588	3.9701992108662615e-6
0.9539739156337586	4.130153127582852e-6
0.9589739156337583	4.302048035080235e-6
0.9639739156337582	4.487088862524594e-6
0.968973915633758	4.686615308291105e-6
0.9739739156337578	4.9021172300289085e-6
0.9789739156337576	5.135251850196153e-6
0.9839739156337574	5.387863015328201e-6
0.9889739156337571	5.66200278360541e-6
0.9939739156337569	5.959955657770644e-6
0.9989739156337567	6.284265830250821e-6
1.0039739156337566	6.637767865797436e-6
1.0089739156337563	7.023621315644492e-6
1.0139739156337562	7.445349837901714e-6
1.0189739156337558	7.906885493741786e-6
1.0239739156337557	8.412619000263299e-6
1.0289739156337556	8.967456851358094e-6
1.0339739156337553	9.576886370397216e-6
1.0389739156337552	1.0247049936213754e-5
1.0439739156337549	1.0984829829981476e-5
1.0489739156337547	1.1797945388514986e-5
1.0539739156337544	1.2695064422378883e-5
1.0589739156337543	1.3685931167719698e-5
1.0639739156337542	1.4781513390732744e-5
1.0689739156337539	1.5994171653498205e-5
1.0739739156337538	1.733785417756329e-5
1.0789739156337534	1.8828321201626145e-5
1.0839739156337533	2.0483403211455994e-5
1.088973915633753	2.232329790602727e-5
1.093973915633753	2.4370911226242386e-5
1.0989739156337526	2.6652248170609322e-5
1.1039739156337525	2.919685939718351e-5
1.1089739156337524	3.203834968127017e-5
1.113973915633752	3.52149540526952e-5
1.118973915633752	3.877018672766644e-5
1.1239739156337516	4.275356658804646e-5
1.1289739156337515	4.722142070701788e-5
1.1339739156337512	5.2237763987130274e-5
1.138973915633751	5.787524803561562e-5
1.143973915633751	6.421616560318374e-5
1.1489739156337506	7.135348793053643e-5
1.1539739156337505	7.939190095553147e-5
1.1589739156337502	8.844879252517258e-5
1.16397391563375	9.86551269095563e-5
1.1689739156337497	0.00011015612601217981
1.1739739156337496	0.00012311166054624804
1.1789739156337493	0.00013769624200302784
1.1839739156337492	0.00015409850155038805
1.187980436725312	0.00016868878872867594
1.1919869578168745	0.00018468458858096924
1.1959934789084372	0.00020219852515181223
1.2	0.0002213461622481266
