0.0006999999999999628	2.0609278882334016e-7
0.001403500000000035	2.0622376687259127e-7
0.0021105174999999296	2.0635557916030179e-7
0.0028210700874998964	2.0648822735429275e-7
0.003535175437937438	2.0662171769386264e-7
0.004252851315127062	2.0675605654272307e-7
0.004974115571702636	2.068912503265198e-7
0.005698986149561044	2.0702730553244138e-7
0.006427481080308875	2.0716422870977747e-7
0.007159618485710418	2.0730202647057164e-7
0.007895416578138905	2.0744070549027763e-7
0.008634893661029494	2.0758027250846352e-7
0.00937806812933463	2.0772073432953933e-7
0.010124958469981361	2.078620978234817e-7
0.010875583262331262	2.080043699265985e-7
0.01162996117864295	2.0814755764230755e-7
0.012388110984536127	2.082916680419086e-7
0.013150051539458866	2.0843670826539824e-7
0.013915801797156208	2.085826855222782e-7
0.014685380806142003	2.0872960709239596e-7
0.015458807710172712	2.0887748032676847e-7
0.01623610174872358	2.0902631264845785e-7
0.017017282257467212	2.0917611155344564e-7
0.017802368668754516	2.093268846115021e-7
0.01859138051209827	2.094786394671063e-7
0.019384337414658823	2.0963138384034575e-7
0.020181259101732015	2.0978512552785044e-7
0.020982165397240727	2.0993987240373947e-7
0.02178707622422691	2.100956324205815e-7
0.02259601160534814	2.1025241361036076e-7
0.02340899166337483	2.1041022408547193e-7
0.024226036621691812	2.1056907203971778e-7
0.02504716680480027	2.1072896574934338e-7
0.025872402638824326	2.1088991357405115e-7
0.02670176465201842	2.1105192395807154e-7
0.02753527347527842	2.1121500543122108e-7
0.028372949842654864	2.1137916660998765e-7
0.0292148145918682	2.115444161986375e-7
0.03006088866482743	2.1171076299032264e-7
0.03091119310815165	2.1187821586823484e-7
0.0317657490736924	2.120467838067477e-7
0.03262457781906081	2.1221647587258865e-7
0.03348770070815601	2.1238730122603272e-7
0.034355139211696875	2.1255926912211472e-7
0.035226914907755424	2.1273238891185157e-7
0.03610304948229413	2.129066700434891e-7
0.03698356472970569	2.130821220637864e-7
0.03786848255335419	2.1325875461927648e-7
0.038757824966120964	2.1343657745760201e-7
0.03965161409095162	2.136156004288191e-7
0.04054987216140643	2.1379583348677085e-7
0.04145262152221345	2.1397728669043476e-7
0.04235988462982453	2.141599702053465e-7
0.04327168405297366	2.143438943049871e-7
0.0441880424732386	2.1452906937223902e-7
0.04510898268560485	2.1471550590085194e-7
0.046034527599032954	2.149032144969082e-7
0.04696470023702812	2.1509220588035518e-7
0.04789952373821329	2.1528249088653469e-7
0.048839021356904266	2.1547408046773695e-7
0.04978321646368884	2.1566698569478885e-7
0.05073213254600732	2.1586121775867018e-7
0.05168579320873729	2.1605678797214637e-7
0.052644222174780875	2.1625370777143986e-7
0.05360744328565471	2.16451988717919e-7
0.054575480502083065	2.166516424998161e-7
0.055548357904593434	2.168526809339933e-7
0.056526099694116344	2.1705511596769697e-7
0.0575087301925869	2.1725895968038862e-7
0.05849627384354973	2.174642242855731e-7
0.05948875521276744	2.1767092213267347e-7
0.06048619898883127	2.1787906570893263e-7
0.061488629983775384	2.1808866764134455e-7
0.06249607313369419	2.182997406986272e-7
0.06350855349936275	2.185122977932173e-7
0.06452609626685958	2.187263519833097e-7
0.06554872674819387	2.189419164749292e-7
0.06657647038193484	2.1915900462402884e-7
0.06760935273384447	2.193776299386394e-7
0.06864739949751365	2.1959780608104558e-7
0.0696906364950013	2.198195468700002e-7
0.07073908967747639	2.200428662829821e-7
0.07179278512586384	2.2026777845849982e-7
0.07285174905149322	2.204942976984071e-7
0.0739160077967507	2.2072243847029602e-7
0.07498558783573436	2.2095221540990814e-7
0.07606051577491299	2.2118364332359851e-7
0.07714081835378758	2.214167371908343e-7
0.07822652244555647	2.2165151216674752e-7
0.07931765505778425	2.21887983584732e-7
0.0804142433330731	2.2212616695907884e-7
0.08151631454973848	2.2236607798766753e-7
0.08262389612248718	2.2260773255470084e-7
0.0837370156030995	2.228511467334926e-7
0.0848557006811149	2.2309633678930458e-7
0.0859799791845205	2.233433191822313e-7
0.08710987908044313	2.2359211057014183e-7
0.08824542847584534	2.238427278116752e-7
0.08938665561822454	2.2409518796929287e-7
0.09053358889631567	2.2434950831237083e-7
0.09168625684079722	2.2460570632038064e-7
0.09284468812500112	2.2486379968609487e-7
0.09400891156562617	2.2512380631887888e-7
0.0951789561234543	2.2538574434802453e-7
0.09635485090407148	2.2564963212616275e-7
0.09753662515859184	2.259154882327228e-7
0.0987243082843847	2.2618333147747199e-7
0.09991792982580656	2.2645318090411861e-7
0.10111751947493569	2.2672505579397168e-7
0.10232310707231031	2.2699897566967901e-7
0.1035347226076718	2.2727496029904929e-7
0.10475239622071016	2.27553029698924e-7
0.10597615820181366	2.2783320413912775e-7
0.10720603899282274	2.2811550414651749e-7
0.10844206918778684	2.2839995050907486e-7
0.10968427953372567	2.286865642801155e-7
0.1109327009313943	2.2897536678253848e-7
0.11218736443605135	2.292663796132001e-7
0.11344830125823162	2.2955962464734065e-7
0.11471554276452282	2.298551240431238e-7
0.11598912047834534	2.3015290024623848e-7
0.11726906608073695	2.3045297599461192e-7
0.11855541141114062	2.3075537432321524e-7
0.11984818846819621	2.3106011856895921e-7
0.12114742941053713	2.3136723237567463e-7
0.12245316655758978	2.3167673969922114e-7
0.1237654323903777	2.319886648126772e-7
0.12508425955232963	2.3230303231164068e-7
0.12640968085009122	2.3261986711963996e-7
0.1277417292543416	2.3293919449364387e-7
0.1290804379006133	2.3326104002970822e-7
0.13042584009011637	2.3358542966869665e-7
0.1317779692905669	2.3391238970216998e-7
0.13313685913701961	2.342419467783503e-7
0.13450254343270476	2.345741279082383e-7
0.13587505614986833	2.3490896047184994e-7
0.13725443143061763	2.3524647222456932e-7
0.13864070358777073	2.355866913036547e-7
0.14003390710570945	2.359296462348705e-7
0.14143407664123803	2.362753659392504e-7
0.1428412470244442	2.3662387974003244e-7
0.1442554532595664	2.3697521736969593e-7
0.14567673052586416	2.3732940897719766e-7
0.1471051141784935	2.3768648513530916e-7
0.14854063974938603	2.380464768481749e-7
0.149983342948133	2.384094155589673e-7
0.15143325966287374	2.3877533315775664e-7
0.15289042596118813	2.3914426198951756e-7
0.15435487809099402	2.3951623486233805e-7
0.15582665248144906	2.398912850557848e-7
0.1573057857438562	2.402694463294602e-7
0.15879231467257537	2.406507529317503e-7
0.16028627624593816	2.4103523960876425e-7
0.16178770762716785	2.414229416134655e-7
0.16329664616530362	2.418138947150156e-7
0.16481312939613008	2.422081352083147e-7
0.1663371950431107	2.426056999237743e-7
0.16786888101832628	2.4300662623728373e-7
0.1694082254234178	2.4341095208042487e-7
0.1709552665505349	2.4381871595090774e-7
0.17251004288328747	2.4422995692323643e-7
0.17407259309770393	2.4464471465964507e-7
0.17564295606319252	2.4506302942124285e-7
0.17722117084350858	2.454849420794502e-7
0.17880727669772617	2.45910494127697e-7
0.18040131308121476	2.463397276933605e-7
0.18200331964662084	2.4677268555001865e-7
0.18361333624485401	2.472094111299729e-7
0.18523140292607826	2.476499485370581e-7
0.18685755994070874	2.4809434255976693e-7
0.1884918477404122	2.4854263868468544e-7
0.19013430697911424	2.489948831102291e-7
0.1917849785140098	2.4945112276072965e-7
0.19344390340657974	2.4991140530084377e-7
0.19511112292361268	2.503757791503161e-7
0.1967866785382308	2.5084429349909325e-7
0.19847061193092203	2.513169983228028e-7
0.20016296499057665	2.517939443986219e-7
0.20186377981552947	2.52275183321521e-7
0.2035730987146071	2.527607675208955e-7
0.20529096420818022	2.5325075027764405e-7
0.20701741902922113	2.5374518574162934e-7
0.20875250612436722	2.542441289495976e-7
0.210496268654989	2.547476358435289e-7
0.21224874999826396	2.552557632894657e-7
0.21400999374825516	2.557685690968053e-7
0.21578004371699644	2.5628611203806725e-7
0.21755894393558148	2.5680845186917976e-7
0.2193467386552594	2.573356493502981e-7
0.22114347234853576	2.5786776626710095e-7
0.22294918971027836	2.5840486545270094e-7
0.2247639356588297	2.5894701081006645e-7
0.2265877553371239	2.5949426733506344e-7
0.2284206941138094	2.600467011400766e-7
0.23026279758437848	2.6060437947825677e-7
0.23211411157230027	2.611673707683923e-7
0.23397468213016168	2.617357446204649e-7
0.23584455554081238	2.6230957186185036e-7
0.23772377831851643	2.628889245642457e-7
0.23961239721010893	2.634738760712957e-7
0.24151045919615952	2.640645010269683e-7
0.24341801149214037	2.6466087540470296e-7
0.24533510154960114	2.652630765373521e-7
0.24726177705734917	2.658711831479093e-7
0.24919808594263576	2.6648527538113053e-7
0.251144076372349	2.671054348359617e-7
0.2530997967542107	2.6773174459892715e-7
0.2550652957379817	2.683642892783844e-7
0.2570406222166717	2.690031550397917e-7
0.2590258253277551	2.6964842964190894e-7
0.26102095445439405	2.7030020247406673e-7
0.2630260592266659	2.709585645944455e-7
0.2650411895227993	2.7162360876948465e-7
0.2670663954704134	2.7229542951438284e-7
0.26910172744776534	2.7297412313477693e-7
0.27114723608500396	2.7365978776962605e-7
0.27320297226542917	2.743525234353283e-7
0.27526898712675635	2.7505243207112795e-7
0.27734533206239	2.757596175858362e-7
0.2794320587227019	2.7647418590597164e-7
0.2815292190163153	2.771962450252524e-7
0.2836368651113967	2.7792590505562203e-7
0.28575504943695385	2.7866327827976266e-7
0.28788382468413853	2.7940847920519445e-7
0.29002324380755934	2.80161624620014e-7
0.29217336002659705	2.809228336502915e-7
0.29433422682673016	2.816922278192579e-7
0.29650589796086374	2.824699311082706e-7
0.29868842745066804	2.832560700196732e-7
0.30088186958792124	2.8405077364158654e-7
0.3030862789358609	2.848541737147278e-7
0.30530171033054027	2.85666404701308e-7
0.307528218882193	2.8648760385608334e-7
0.30976585997660405	2.8731791129968476e-7
0.312014689276487	2.881574700942343e-7
0.31427476272286925	2.890064263213969e-7
0.3165461365364837	2.898649291629416e-7
0.3188288672191662	2.9073313098388195e-7
0.32112301155526213	2.9161118741832445e-7
0.32342862661303834	2.9249925745811646e-7
0.3257457697461036	2.9339750354439386e-7
0.32807449859483384	2.9430609166215064e-7
0.3304148710878078	2.9522519143794807e-7
0.33276694544324686	2.961549762408641e-7
0.33513078017046305	2.970956232868401e-7
0.33750643407131514	2.9804731374653566e-7
0.3398939662416715	2.990102328568353e-7
0.3422934360728799	2.9998457003617516e-7
0.34470490325324404	3.0097051900378767e-7
0.3471284277695101	3.0196827790308683e-7
0.34956406990835764	3.029780494293177e-7
0.3520118902578995	3.040000409616343e-7
0.354471949709189	3.050344646998595e-7
0.3569443094577349	3.060815378060109e-7
0.3594290310050235	3.071414825508859e-7
0.3619261761600484	3.082145264658527e-7
0.3644358070408486	3.093009025001044e-7
0.36695798607605284	3.1040084918358405e-7
0.36949277600643327	3.1151461079581515e-7
0.37204023988646523	3.12642437540915e-7
0.3746004410858973	3.137845857290406e-7
0.3771734432913268	3.149413179645241e-7
0.3797593105077832	3.1611290334102027e-7
0.3823581070603219	3.1729961764397025e-7
0.38496989759562367	3.18501743560656e-7
0.3875947470836016	3.197195708982321e-7
0.3902327208190196	3.2095339681007574e-7
0.3928838844231145	3.222035260308164e-7
0.39554830384522993	3.2347027112041177e-7
0.3982260453644561	3.2475395271774717e-7
0.4009171755912785	3.260548998041066e-7
0.40362176146923495	3.273734499770569e-7
0.40633987027658097	3.287099497351067e-7
0.4090715696279639	3.30064754773792e-7
0.4118169274761037	3.3143823029354863e-7
0.4145760121134843	3.328307513200986e-7
0.4173488921740515	3.3424270303779383e-7
0.4201356366349219	3.356744811365947e-7
0.42293631481809635	3.3712649217339186e-7
0.4257509963921868	3.385991539482361e-7
0.42857975137414767	3.4009289589629976e-7
0.43142265013101855	3.416081594963073e-7
0.43427976338167373	3.431453986962097e-7
0.43715116219858224	3.4470508035704187e-7
0.44003691800957523	3.462876847157304e-7
0.44293710259962304	3.478937058679584e-7
0.4458517881126211	3.495236522719695e-7
0.44878104705318417	3.511780472744469e-7
0.45172495228844983	3.5285742965957904e-7
0.45468357704989204	3.54562354222496e-7
0.4576569949351413	3.5629339236833433e-7
0.46064527990981685	3.580511327383068e-7
0.4636485063093658	3.598361818641534e-7
0.4666667488409128	3.616491648525015e-7
0.4697000825851173	3.634907261007238e-7
0.4727485829980427	3.653615300459822e-7
0.47581232591303285	3.6726226194928323e-7
0.478891387542598	3.6919362871638295e-7
0.48198584448031084	3.711563597576684e-7
0.4850957737027124	3.731512078890887e-7
0.48822125257122595	3.751789502764697e-7
0.49136235883408197	3.772403894256222e-7
0.4945191706282523	3.793363542208571e-7
0.4976917664813935	3.814677010146984e-7
0.5008802253138004	3.8363531477165126e-7
0.5040846264403696	3.858401102692876e-7
0.5073050495725715	3.8808303335983745e-7
0.5105415748204343	3.903650622960527e-7
0.5137942826945365	3.9268720912496737e-7
0.517063254108009	3.9505052115375317e-7
0.5203485703785492	3.974560824919612e-7
0.5236503132304419	3.999050156748475e-7
0.5269685647965939	4.023984833727223e-7
0.5303034076205766	4.049376901916744e-7
0.5336549246586795	4.0752388457139836e-7
0.5370231992819728	4.101583607862531e-7
0.5404083152783826	4.128424610560586e-7
0.5438103568547747	4.155775777737999e-7
0.5472294086390483	4.1836515585769683e-7
0.5506655556822436	4.212066952358813e-7
0.5541188834606549	4.241037534723859e-7
0.5575894778779582	4.270579485438922e-7
0.5610774252673477	4.3007096177741534e-7
0.5645828123936844	4.331445409599035e-7
0.5681057264556525	4.362805036314941e-7
0.5716462550879309	4.394807405753364e-7
0.5752044863633705	4.42747219517633e-7
0.5787805087951873	4.460819890530228e-7
0.5823744113391631	4.4948718281130794e-7
0.5859862833958588	4.529650238832272e-7
0.5896162148128381	4.565178295241992e-7
0.5932642958869024	4.6014801615678437e-7
0.5969306173663369	4.638581046943723e-7
0.6006152704531684	4.6765072621050767e-7
0.6043183468054344	4.7152862798063443e-7
0.6080399385394615	4.7549467992534317e-7
0.6117801382321587	4.795518814869441e-7
0.6155390389233192	4.837033689741826e-7
0.6193167341179359	4.879524234132436e-7
0.6231133177885255	4.92302478946883e-7
0.6269288843774683	4.96757131827543e-7
0.6307635287993556	5.013201500550697e-7
0.6346173464433522	5.05995483714609e-7
0.6384904331755688	5.107872760761092e-7
0.6423828853414466	5.156998755231042e-7
0.6462947997681537	5.207378483859908e-7
0.6502262737669944	5.259059927626834e-7
0.6541774051358293	5.312093534190103e-7
0.6581482921615082	5.366532378713512e-7
0.6621390336223156	5.42243233765599e-7
0.6661497287904271	5.479852276797832e-7
0.6701804774343789	5.538854254924524e-7
0.6742313798215507	5.599503744758746e-7
0.6783025367206585	5.661869872922867e-7
0.682394049404262	5.726025680931263e-7
0.6865060196512833	5.792048409461359e-7
0.6906385497495399	5.860019808435273e-7
0.6947917424982876	5.930026475765266e-7
0.6989657012107791	6.002160227988878e-7
0.7031605297168331	6.076518506438905e-7
0.7073763323654171	6.15320482307849e-7
0.7116132140272443	6.232329250687133e-7
0.7158712800973803	6.314008962717347e-7
0.7201506364978669	6.398368828873067e-7
0.724451389680356	6.485542073298456e-7
0.7287736466287575	6.575671003231567e-7
0.7331175148619014	6.668907817080604e-7
0.737483102436211	6.765415502160858e-7
0.7418705179483918	6.865368833790515e-7
0.7462798705381338	6.968955489133783e-7
0.7507112698908246	7.07637729112067e-7
0.7551648262402787	7.187851600006457e-7
0.7596406503714802	7.303612872704329e-7
0.7641388536233378	7.423914412984586e-7
0.7686595478914543	7.549030339036308e-7
0.7732028456309116	7.67925779880253e-7
0.777768859859066	7.814919467999041e-7
0.7823577041583611	7.956366370902207e-7
0.7869694926791531	8.103981069931921e-7
0.7916043401425489	8.258181276884793e-7
0.7962623618432616	8.419423946504554e-7
0.8009436736524779	8.588209922074921e-7
0.8056483920207402	8.765089213034756e-7
0.8103766339808439	8.950666996449589e-7
0.8151285171507483	9.145610447748823e-7
0.8199041597365018	9.350656521698503e-7
0.8247036805351844	9.56662082243076e-7
0.8295271989378604	9.79440772182813e-7
0.8343748349325497	1.003502190905679e-6
0.8392467091072124	1.0289581581025362e-6
0.8441429426527486	1.0559333514548248e-6
0.8490636573660123	1.0845670296645536e-6
0.8540089756528424	1.1150150030460985e-6
0.8589790205311068	1.1474518881586304e-6
0.8639739156337622	1.1820736884170427e-6
0.868973915633762	1.2189495104241415e-6
0.8739739156337618	1.25825449974463e-6
0.8789739156337616	1.3002218788074547e-6
0.8839739156337615	1.3451114815251592e-6
0.8889739156337613	1.3932129434973027e-6
0.893973915633761	1.444849271155736e-6
0.8989739156337608	1.5003808343243827e-6
0.9039739156337606	1.5602098318749572e-6
0.9089739156337604	1.6247852860779178e-6
0.9139739156337602	1.694608627866817e-6
0.91897391563376	1.7702399426251618e-6
0.9239739156337599	1.8523049543443822e-6
0.9289739156337596	1.9415028351755478e-6
0.9339739156337594	2.038614937596661e-6
0.9389739156337592	2.144514557748673e-6
0.943973915633759	2.2601778510680326e-6
0.9489739156337588	2.3866960353005274e-6
0.9539739156337586	2.525289031464351e-6
0.9589739156337583	2.677320710523181e-6
0.9639739156337582	2.8443159326353986e-6
0.968973915633758	3.0279795871057913e-6
0.9739739156337578	3.230217864875975e-6
0.9789739156337576	3.453162021889526e-6
0.9839739156337574	3.6991949213801964e-6
0.9889739156337571	3.970980676552123e-6
0.9939739156337569	4.2714977528613885e-6
0.9989739156337567	4.604075931893019e-6
1.0039739156337566	4.972437587534048e-6
1.0089739156337563	5.380743780818599e-6
1.0139739156337562	5.8336457436986615e-6
1.0189739156337558	6.336342395518737e-6
1.0239739156337557	6.8946446207978e-6
1.0289739156337556	7.5150471349031405e-6
1.0339739156337553	8.204808877347504e-6
1.0389739156337552	8.97204300283971e-6
1.0439739156337549	9.825817689852856e-6
1.0489739156337547	1.0776269157051227e-5
1.0539739156337544	1.1834728470398247e-5
1.0589739156337543	1.3013863937976316e-5
1.0639739156337542	1.4327841123332535e-5
1.0689739156337539	1.5792502756501985e-5
1.0739739156337538	1.742557107551317e-5
1.0789739156337534	1.9246875375114536e-5
1.0839739156337533	2.1278607750793446e-5
1.088973915633753	2.354561017168369e-5
1.093973915633753	2.6075696049508538e-5
1.0989739156337526	2.8900009329967233e-5
1.1039739156337525	3.2053423736683416e-5
1.1089739156337524	3.557498404324119e-5
1.113973915633752	3.950839001056112e-5
1.118973915633752	4.39025217582437e-5
1.1239739156337516	4.881200267687286e-5
1.1289739156337515	5.429779236729643e-5
1.1339739156337512	6.0427797363450545e-5
1.138973915633751	6.727748146103902e-5
1.143973915633751	7.493045034196283e-5
1.1489739156337506	8.347897703514001e-5
1.1539739156337505	9.302442603277737e-5
1.1589739156337502	0.00010367752539620341
1.16397391563375	0.00011555842920534753
1.1689739156337497	0.00012879650901365957
1.1739739156337496	0.00014352981482729512
1.1789739156337493	0.00015990415607572585
1.1839739156337492	0.00017807177347409483
1.187980436725312	0.0001940291974743927
1.1919869578168745	0.00021132101951354046
1.1959934789084372	0.00023002942246025537
1.2	0.0002502362679063744
