0.0006999999999999628	0.25793714027706016
0.001403500000000035	0.25812176712481727
0.0021105174999999296	0.2583076029642373
0.0028210700874998964	0.2584946493569265
0.003535175437937438	0.2586829157054485
0.004252851315127062	0.2588724116141487
0.004974115571702636	0.25906314678426534
0.005698986149561044	0.25925513101354636
0.006427481080308875	0.2594483741973888
0.007159618485710418	0.2596428863300167
0.007895416578138905	0.25983867750567136
0.008634893661029494	0.26003575791985456
0.00937806812933463	0.2602341378705691
0.010124958469981361	0.26043382775959417
0.010875583262331262	0.26063483809377785
0.01162996117864295	0.260837179486355
0.012388110984536127	0.26104086265828585
0.013150051539458866	0.2612458984396092
0.013915801797156208	0.26145229777082585
0.014685380806142003	0.26166007170429945
0.015458807710172712	0.26186923140567886
0.01623610174872358	0.26207978815535043
0.017017282257467212	0.262291753349902
0.017802368668754516	0.26250513850361495
0.01859138051209827	0.26271995524998054
0.019384337414658823	0.2629362153432445
0.020181259101732015	0.26315393065996295
0.020982165397240727	0.26337311320059764
0.02178707622422691	0.2635937750911228
0.02259601160534814	0.26381592858467123
0.02340899166337483	0.2640395860631914
0.024226036621691812	0.26426476003914745
0.02504716680480027	0.2644914631572263
0.025872402638824326	0.2647197081960972
0.02670176465201842	0.2649495080701758
0.02753527347527842	0.26518087583142275
0.028372949842654864	0.26541382467118657
0.0292148145918682	0.26564836792205104
0.03006088866482743	0.2658845190597332
0.03091119310815165	0.2661222917050031
0.0317657490736924	0.2663616996256364
0.03262457781906081	0.2666027567383842
0.03348770070815601	0.26684547711101453
0.034355139211696875	0.2670898749643351
0.035226914907755424	0.2673359646742959
0.03610304948229413	0.267583760774088
0.03698356472970569	0.26783327795630907
0.03786848255335419	0.26808453107513996
0.038757824966120964	0.2683375351485731
0.03965161409095162	0.2685923053606683
0.04054987216140643	0.2688488570638515
0.04145262152221345	0.2691072057812511
0.04235988462982453	0.2693673672090705
0.04327168405297366	0.26962935721900133
0.0441880424732386	0.26989319186068256
0.04510898268560485	0.2701588873641888
0.046034527599032954	0.27042646014257715
0.04696470023702812	0.27069592679446464
0.04789952373821329	0.2709673041066451
0.048839021356904266	0.27124060905677694
0.04978321646368884	0.2715158588160789
0.05073213254600732	0.2717930707521111
0.05168579320873729	0.27207226243156046
0.052644222174780875	0.2723534516231189
0.05360744328565471	0.27263665630038697
0.054575480502083065	0.27292189464481714
0.055548357904593434	0.2732091850487395
0.056526099694116344	0.27349854611841184
0.0575087301925869	0.2737899966771398
0.05849627384354973	0.27408355576844
0.05948875521276744	0.2743792426592702
0.06048619898883127	0.27467707684330916
0.061488629983775384	0.2749770780442949
0.06249607313369419	0.27527926621942145
0.06350855349936275	0.275583661562803
0.06452609626685958	0.2758902845089876
0.06554872674819387	0.27619915573654996
0.06657647038193484	0.2765102961717241
0.06760935273384447	0.27682372699213603
0.06864739949751365	0.2771394696305648
0.0696906364950013	0.27745754577880416
0.07073908967747639	0.2777779773915747
0.07179278512586384	0.2781007866905117
0.07285174905149322	0.27842599616823693
0.0739160077967507	0.27875362859248254
0.07498558783573436	0.279083707010311
0.07606051577491299	0.2794162547524038
0.07714081835378758	0.2797512954374296
0.07822652244555647	0.2800888529764935
0.07931765505778425	0.280428951577672
0.0804142433330731	0.2807716157506261
0.08151631454973848	0.2811168703113078
0.08262389612248718	0.28146474038675157
0.0837370156030995	0.28181525141995345
0.0848557006811149	0.28216842917484497
0.0859799791845205	0.2825242997413598
0.08710987908044313	0.28288288954060253
0.08824542847584534	0.28324422533009935
0.08938665561822454	0.2836083342091734
0.09053358889631567	0.2839752436243953
0.09168625684079722	0.2843449813751659
0.09284468812500112	0.2847175756193877
0.09400891156562617	0.28509305487924674
0.0951789561234543	0.2854714480471178
0.09635485090407148	0.28585278439157685
0.09753662515859184	0.2862370935635278
0.0987243082843847	0.286624405602455
0.09991792982580656	0.28701475094280055
0.10111751947493569	0.28740816042045386
0.10232310707231031	0.2878046652793885
0.1035347226076718	0.28820429717841123
0.10475239622071016	0.2886070881980607
0.10597615820181366	0.2890130708476386
0.10720603899282274	0.28942227807237375
0.10844206918778684	0.2898347432607424
0.10968427953372567	0.29025050025192056
0.1109327009313943	0.290669583343416
0.11218736443605135	0.2910920272988103
0.11344830125823162	0.2915178673557024
0.11471554276452282	0.29194713923378435
0.11598912047834534	0.29237987914309443
0.11726906608073695	0.29281612379244604
0.11855541141114062	0.2932559103980052
0.11984818846819621	0.29369927669208545
0.12114742941053713	0.2941462609320781
0.12245316655758978	0.2945969019096089
0.1237654323903777	0.2950512389598607
0.12508425955232963	0.29550931197110514
0.12640968085009122	0.29597116139442253
0.1277417292543416	0.29643682825364037
0.1290804379006133	0.29690635415546573
0.13042584009011637	0.29737978129985293
0.1317779692905669	0.2978571524905695
0.13313685913701961	0.29833851114601095
0.13450254343270476	0.29882390131022285
0.13587505614986833	0.2993133676641854
0.13725443143061763	0.2998069555373212
0.13864070358777073	0.30030471091926425
0.14003390710570945	0.30080668047187764
0.14143407664123803	0.301312911541538
0.1428412470244442	0.30182345217168893
0.1442554532595664	0.3023383511156699
0.14567673052586416	0.3028576578498147
0.1471051141784935	0.3033814225868724
0.14854063974938603	0.30390969628969083
0.149983342948133	0.30444253068521665
0.15143325966287374	0.3049799782788224
0.15289042596118813	0.305522092368942
0.15435487809099402	0.3060689270620267
0.15582665248144906	0.30662053728786237
0.1573057857438562	0.3071769788152168
0.15879231467257537	0.30773830826784276
0.16028627624593816	0.3083045831408628
0.16178770762716785	0.30887586181751076
0.16329664616530362	0.30945220358625963
0.16481312939613008	0.3100336686583703
0.1663371950431107	0.31062031818581337
0.16786888101832628	0.31121221427962364
0.1694082254234178	0.3118094200286881
0.1709552665505349	0.3124119995189608
0.17251004288328747	0.313020017853146
0.17407259309770393	0.31363354117082665
0.17564295606319252	0.31425263666908737
0.17722117084350858	0.3148773726236166
0.17880727669772617	0.31550781841031594
0.18040131308121476	0.31614404452743106
0.18200331964662084	0.31678612261821126
0.18361333624485401	0.31743412549411093
0.18523140292607826	0.31808812715856305
0.18685755994070874	0.3187482028313288
0.1884918477404122	0.3194144289734304
0.19013430697911424	0.3200868833127158
0.1917849785140098	0.32076564487003656
0.19344390340657974	0.32145079398606863
0.19511112292361268	0.3221424123488221
0.1967866785382308	0.32284058302180857
0.19847061193092203	0.3235453904729264
0.20016296499057665	0.3242569206040754
0.20186377981552947	0.3249752607814964
0.2035730987146071	0.32570049986690636
0.20529096420818022	0.3264327282494067
0.20701741902922113	0.3271720378781998
0.20875250612436722	0.32791852229615914
0.210496268654989	0.3286722766742532
0.21224874999826396	0.3294333978468595
0.21400999374825516	0.33020198434798154
0.21578004371699644	0.3309781364484364
0.21755894393558148	0.3317619561939763
0.2193467386552594	0.3325535474444408
0.22114347234853576	0.33335301591392313
0.22294918971027836	0.3341604692120018
0.2247639356588297	0.3349760168860629
0.2265877553371239	0.33579977046476733
0.2284206941138094	0.336631843502655
0.23026279758437848	0.33747235162596795
0.23211411157230027	0.338321412579698
0.23397468213016168	0.3391791462759227
0.23584455554081238	0.3400456748434396
0.23772377831851643	0.34092112267877034
0.23961239721010893	0.3418056164985586
0.24151045919615952	0.34269928539341205
0.24341801149214037	0.34360226088323903
0.24533510154960114	0.34451467697411187
0.24726177705734917	0.3454366702167333
0.24919808594263576	0.3463683797665304
0.251144076372349	0.3473099474454461
0.2530997967542107	0.348261517805466
0.2550652957379817	0.34922323819398055
0.2570406222166717	0.35019525882096353
0.2590258253277551	0.3511777328281284
0.26102095445439405	0.35217081636002595
0.2630260592266659	0.3531746686372371
0.2650411895227993	0.3541894520316628
0.2670663954704134	0.3552153321440227
0.26910172744776534	0.35625247788361664
0.27114723608500396	0.357301061550454
0.27320297226542917	0.358361258919766
0.27526898712675635	0.3594332493290867
0.27734533206239	0.36051721576786805
0.2794320587227019	0.36161334496984265
0.2815292190163153	0.3627218275081091
0.2836368651113967	0.3638428578931345
0.28575504943695385	0.36497663467371644
0.28788382468413853	0.36612336054101485
0.29002324380755934	0.3672832424358039
0.29217336002659705	0.36845649165900096
0.29433422682673016	0.3696433239856248
0.29650589796086374	0.370843959782302
0.29868842745066804	0.37205862412842755
0.30088186958792124	0.37328754694115723
0.3030862789358609	0.37453096310430495
0.30530171033054027	0.3757891126013678
0.307528218882193	0.37706224065273986
0.30976585997660405	0.37835059785735464
0.312014689276487	0.37965444033885815
0.31427476272286925	0.38097402989651324
0.3165461365364837	0.38230963416100355
0.3188288672191662	0.3836615267553119
0.32112301155526213	0.3850299874608798
0.32342862661303834	0.3864153023892482
0.3257457697461036	0.3878177641593532
0.32807449859483384	0.3892376720807537
0.3304148710878078	0.3906753323429651
0.33276694544324686	0.39213105821117067
0.33513078017046305	0.3936051702285163
0.33750643407131514	0.39509799642531523
0.3398939662416715	0.39660987253534674
0.3422934360728799	0.3981411422196019
0.34470490325324404	0.3996921572977355
0.3471284277695101	0.4012632779875339
0.34956406990835764	0.4028548731527148
0.3520118902578995	0.40446732055943196
0.354471949709189	0.4061010071417675
0.3569443094577349	0.4077563292766476
0.3594290310050235	0.4094336930685206
0.3619261761600484	0.4111335146442159
0.3644358070408486	0.4128562204584015
0.36695798607605284	0.41460224761008796
0.36949277600643327	0.41637204417060225
0.37204023988646523	0.4181660695235793
0.3746004410858973	0.4199847947174104
0.3771734432913268	0.4218287028307246
0.3797593105077832	0.4236982893514087
0.3823581070603219	0.42559406256981913
0.38496989759562367	0.4275165439867183
0.3875947470836016	0.42946626873661087
0.3902327208190196	0.4314437860271784
0.3928838844231145	0.433449659595436
0.39554830384522993	0.43548446818145314
0.3982260453644561	0.4375488060203073
0.4009171755912785	0.4396432833531688
0.40362176146923495	0.4417685269583285
0.40633987027658097	0.44392518070307463
0.4090715696279639	0.4461139061173559
0.4118169274761037	0.4483353829902578
0.4145760121134843	0.4505903099902834
0.4173488921740515	0.45287940531056814
0.4201356366349219	0.45520340734017806
0.42293631481809635	0.4575630753627145
0.4257509963921868	0.45995919028347626
0.42857975137414767	0.46239255538657065
0.43142265013101855	0.464863997123344
0.43427976338167373	0.4673743659336611
0.43715116219858224	0.46992453710160287
0.44003691800957523	0.4725154116472364
0.44293710259962304	0.47514791725621236
0.4458517881126211	0.477823009249042
0.44878104705318417	0.4805416715920083
0.45172495228844983	0.4833049179517616
0.45468357704989204	0.48611379279579026
0.4576569949351413	0.48896937254103134
0.46064527990981685	0.4918727667531193
0.4636485063093658	0.494825119398752
0.4666667488409128	0.4978276101539609
0.4697000825851173	0.5008814557711239
0.4727485829980427	0.5039879115077781
0.47581232591303285	0.5071482726204327
0.478891387542598	0.5103638759268111
0.48198584448031084	0.5136361014401206
0.4850957737027124	0.5169663740791955
0.48822125257122595	0.5203561654585497
0.49136235883408197	0.5238069957626809
0.4945191706282523	0.5273204357091402
0.4976917664813935	0.5308981086052968
0.5008802253138004	0.5345416925038944
0.5040846264403696	0.5382529224628679
0.5073050495725715	0.5420335929153316
0.5105415748204343	0.5458855601557988
0.5137942826945365	0.5498107449493383
0.517063254108009	0.5538111352706265
0.5203485703785492	0.557888789180373
0.5236503132304419	0.5620458378470865
0.5269685647965939	0.5662844887226887
0.5303034076205766	0.5706070288810016
0.5336549246586795	0.575015828528776
0.5370231992819728	0.5795133446996436
0.5404083152783826	0.5841021251419153
0.5438103568547747	0.5887848124121545
0.5472294086390483	0.5935641481869771
0.5506655556822436	0.5984429778067633
0.5541188834606549	0.6034242550656221
0.5575894778779582	0.6085110472631362
0.5610774252673477	0.6137065405345988
0.5645828123936844	0.6190140454774811
0.5681057264556525	0.624437003093381
0.5716462550879309	0.6299789910660872
0.5752044863633705	0.6356437303978554
0.5787805087951873	0.6414350924278548
0.5823744113391631	0.6473571062584523
0.5859862833958588	0.653413966617183
0.5896162148128381	0.6596100421842106
0.5932642958869024	0.6659498844177911
0.5969306173663369	0.6724382369126788
0.6006152704531684	0.6790800453293825
0.6043183468054344	0.6858804679353071
0.6080399385394615	0.6928448868024252
0.6117801382321587	0.69997891970978
0.6155390389233192	0.7072884328035227
0.6193167341179359	0.7147795540716778
0.6231133177885255	0.722458687696211
0.6269288843774683	0.7303325293504542
0.6307635287993556	0.7384080825163988
0.6346173464433522	0.7466926759034203
0.6384904331755688	0.7551939820577963
0.6423828853414466	0.7639200372609741
0.6462947997681537	0.7728792628245398
0.6502262737669944	0.7820804879004585
0.6541774051358293	0.7915329739375616
0.6581482921615082	0.8012464409287426
0.6621390336223156	0.8112310956089347
0.6661497287904271	0.8214976617810552
0.6701804774343789	0.8320574129667542
0.6742313798215507	0.8429222076009052
0.6783025367206585	0.8541045270137637
0.682394049404262	0.8656175164729982
0.6865060196512833	0.877475029590179
0.6906385497495399	0.8896916764328507
0.6947917424982876	0.9022828757250005
0.6989657012107791	0.915264911566767
0.7031605297168331	0.928654995158149
0.7073763323654171	0.9424713320745586
0.7116132140272443	0.9567331957129674
0.7158712800973803	0.9714610076098675
0.7201506364978669	0.986676425426407
0.724451389680356	1.0024024395046023
0.7287736466287575	1.018663479023599
0.7331175148619014	1.0354855289287919
0.737483102436211	1.0528962589729238
0.7418705179483918	1.0709251664000239
0.7462798705381338	1.0896037340246605
0.7507112698908246	1.1089656057150992
0.7551648262402787	1.129046781584808
0.7596406503714802	1.1498858355394221
0.7641388536233378	1.1715241582219444
0.7686595478914543	1.194006228857234
0.7732028456309116	1.2173799200261424
0.777768859859066	1.241696840012318
0.7823577041583611	1.2670127180721213
0.7869694926791531	1.2933878387959217
0.7916043401425489	1.3208875326727472
0.7962623618432616	1.3495827310594382
0.8009436736524779	1.3795505950107987
0.8056483920207402	1.4108752288736905
0.8103766339808439	1.443648491211894
0.8151285171507483	1.4779709175432867
0.8199041597365018	1.5139527715685053
0.8247036805351844	1.5517152440945197
0.8295271989378604	1.591391821751085
0.8343748349325497	1.6331298509158143
0.8392467091072124	1.6770923260654984
0.8441429426527486	1.7234599361253484
0.8490636573660123	1.772433407376862
0.8540089756528424	1.8242361872004342
0.8589790205311068	1.8791175194834235
0.8639739156337622	1.9373559700465284
0.868973915633762	1.999011384024241
0.8739739156337618	2.0643177314206618
0.8789739156337616	2.1335992509534827
0.8839739156337615	2.2072164759865647
0.8889739156337613	2.2855706266313374
0.893973915633761	2.36910852558816
0.8989739156337608	2.458328097844274
0.9039739156337606	2.553784521167153
0.9089739156337604	2.6560971021697233
0.9139739156337602	2.765956961541777
0.91897391563376	2.88413562194952
0.9239739156337599	3.0114946032083045
0.9289739156337596	3.1489961417531664
0.9339739156337594	3.2977151652861414
0.9389739156337592	3.458852668902127
0.943973915633759	3.633750656124987
0.9489739156337588	3.8239088272848245
0.9539739156337586	4.031003218708712
0.9589739156337583	4.256907019489245
0.9639739156337582	4.50371381837941
0.968973915633758	4.773763561916673
0.9739739156337578	5.069671536552219
0.9789739156337576	5.394360722753558
0.9839739156337574	5.751097908260703
0.9889739156337571	6.143533991502349
0.9939739156337569	6.575748955348763
0.9989739156337567	7.052302046767323
1.0039739156337566	7.57828776061954
1.0089739156337563	8.1593982970628
1.0139739156337562	8.801993243309848
1.0189739156337558	9.513177323618537
1.0239739156337557	10.300887168381488
1.0289739156337556	11.173988176340206
1.0339739156337553	12.142382685762666
1.0389739156337552	13.21713083347325
1.0439739156337549	14.410585667363279
1.0489739156337547	15.736544290507217
1.0539739156337544	17.21041705437132
1.0589739156337543	18.849417084384125
1.0639739156337542	20.67277271032344
1.0689739156337539	22.701965679694293
1.0739739156337538	24.96099834211158
1.0789739156337534	27.47669328654053
1.0839739156337533	30.27902916069203
1.088973915633753	33.40151655889433
1.093973915633753	36.881617870637555
1.0989739156337526	40.76121475484263
1.1039739156337525	45.087126338927945
1.1089739156337524	49.91168020369092
1.113973915633752	55.293336543706246
1.118973915633752	61.29736340158878
1.1239739156337516	67.99655735860513
1.1289739156337515	75.47199931884299
1.1339739156337512	83.81382887273998
1.138973915633751	93.12201306718919
1.143973915633751	103.50707628457964
1.1489739156337506	115.09074761760564
1.1539739156337505	128.0064712426725
1.1589739156337502	142.39971493582684
1.16397391563375	158.42800371583405
1.1689739156337497	176.2606019466567
1.1739739156337496	196.0777709527197
1.1789739156337493	218.06954343500976
1.1839739156337492	242.43398355992358
1.187980436725312	263.8066121463393
1.1919869578168745	286.9402354621837
1.1959934789084372	311.94137629937285
1.2	338.91609101318227
