0.0006999999999999628	6.744010220972763e-7
0.001403500000000035	6.749412173497853e-7
0.0021105174999999296	6.754848584723118e-7
0.0028210700874998964	6.760319737913624e-7
0.003535175437937438	6.765825899076794e-7
0.004252851315127062	6.771367336300437e-7
0.004974115571702636	6.776944320137248e-7
0.005698986149561044	6.782557123656728e-7
0.006427481080308875	6.788206022486406e-7
0.007159618485710418	6.793891294851106e-7
0.007895416578138905	6.799613221609536e-7
0.008634893661029494	6.805372086290458e-7
0.00937806812933463	6.811168175128283e-7
0.010124958469981361	6.817001777098651e-7
0.010875583262331262	6.822873183952629e-7
0.01162996117864295	6.828782690253141e-7
0.012388110984536127	6.834730593409283e-7
0.013150051539458866	6.840717193712553e-7
0.013915801797156208	6.846742794373055e-7
0.014685380806142003	6.852807701555022e-7
0.015458807710172712	6.858912224414075e-7
0.01623610174872358	6.865056675134252e-7
0.017017282257467212	6.871241368965781e-7
0.017802368668754516	6.877466624262618e-7
0.01859138051209827	6.883732762521497e-7
0.019384337414658823	6.890040108421054e-7
0.020181259101732015	6.89638898986095e-7
0.020982165397240727	6.902779738002581e-7
0.02178707622422691	6.909212687309385e-7
0.02259601160534814	6.91568817558842e-7
0.02340899166337483	6.922206544032043e-7
0.024226036621691812	6.928768137260617e-7
0.02504716680480027	6.93537330336515e-7
0.025872402638824326	6.942022393951743e-7
0.02670176465201842	6.948715764185047e-7
0.02753527347527842	6.955453772834152e-7
0.028372949842654864	6.962236782317651e-7
0.0292148145918682	6.96906515875022e-7
0.03006088866482743	6.975939271989519e-7
0.03091119310815165	6.982859495684197e-7
0.0317657490736924	6.989826207322024e-7
0.03262457781906081	6.99683978827936e-7
0.03348770070815601	7.003900623870888e-7
0.034355139211696875	7.011009103400079e-7
0.035226914907755424	7.018165620211469e-7
0.03610304948229413	7.025370571742015e-7
0.03698356472970569	7.032624359574326e-7
0.03786848255335419	7.039927389490977e-7
0.038757824966120964	7.047280071528886e-7
0.03965161409095162	7.054682820034458e-7
0.04054987216140643	7.062136053720886e-7
0.04145262152221345	7.069640195724412e-7
0.04235988462982453	7.077195673663316e-7
0.04327168405297366	7.08480291969648e-7
0.0441880424732386	7.092462370583641e-7
0.04510898268560485	7.100174467746281e-7
0.046034527599032954	7.107939657329545e-7
0.04696470023702812	7.115758390264694e-7
0.04789952373821329	7.123631122334249e-7
0.048839021356904266	7.131558314235219e-7
0.04978321646368884	7.139540431646309e-7
0.05073213254600732	7.147577945294609e-7
0.05168579320873729	7.155671331023219e-7
0.052644222174780875	7.163821069861047e-7
0.05360744328565471	7.172027648092734e-7
0.054575480502083065	7.18029155733007e-7
0.055548357904593434	7.188613294584838e-7
0.056526099694116344	7.196993362342345e-7
0.0575087301925869	7.205432268636699e-7
0.05849627384354973	7.213930527126566e-7
0.05948875521276744	7.222488657172958e-7
0.06048619898883127	7.23110718391805e-7
0.061488629983775384	7.239786638364909e-7
0.06249607313369419	7.248527557459088e-7
0.06350855349936275	7.257330484171196e-7
0.06452609626685958	7.26619596758113e-7
0.06554872674819387	7.275124562963477e-7
0.06657647038193484	7.28411683187446e-7
0.06760935273384447	7.29317334224027e-7
0.06864739949751365	7.302294668447264e-7
0.0696906364950013	7.311481391432718e-7
0.07073908967747639	7.320734098778515e-7
0.07179278512586384	7.33005338480494e-7
0.07285174905149322	7.339439850667518e-7
0.0739160077967507	7.348894104454176e-7
0.07498558783573436	7.358416761285204e-7
0.07606051577491299	7.368008443413796e-7
0.07714081835378758	7.377669780329755e-7
0.07822652244555647	7.387401408863389e-7
0.07931765505778425	7.397203973292382e-7
0.0804142433330731	7.407078125450095e-7
0.08151631454973848	7.417024524835816e-7
0.08262389612248718	7.427043838726599e-7
0.0837370156030995	7.437136742291989e-7
0.0848557006811149	7.447303918709347e-7
0.0859799791845205	7.457546059282797e-7
0.08710987908044313	7.467863863562892e-7
0.08824542847584534	7.478258039469019e-7
0.08938665561822454	7.488729303414476e-7
0.09053358889631567	7.49927838043242e-7
0.09168625684079722	7.509906004305802e-7
0.09284468812500112	7.520612917698039e-7
0.09400891156562617	7.531399872286718e-7
0.0951789561234543	7.542267628900213e-7
0.09635485090407148	7.553216957655785e-7
0.09753662515859184	7.564248638100988e-7
0.0987243082843847	7.575363459356904e-7
0.09991792982580656	7.586562220264729e-7
0.10111751947493569	7.597845729534928e-7
0.10232310707231031	7.609214805897915e-7
0.1035347226076718	7.620670278260142e-7
0.10475239622071016	7.632212985859468e-7
0.10597615820181366	7.643843778427116e-7
0.10720603899282274	7.655563516349896e-7
0.10844206918778684	7.66737307083652e-7
0.10968427953372567	7.679273324087066e-7
0.1109327009313943	7.691265169465526e-7
0.11218736443605135	7.703349511675623e-7
0.11344830125823162	7.715527266939684e-7
0.11471554276452282	7.727799363180621e-7
0.11598912047834534	7.740166740209115e-7
0.11726906608073695	7.752630349911456e-7
0.11855541141114062	7.765191156443864e-7
0.11984818846819621	7.777850136428339e-7
0.12114742941053713	7.79060827915369e-7
0.12245316655758978	7.80346658677968e-7
0.1237654323903777	7.81642607454508e-7
0.12508425955232963	7.829487770980562e-7
0.12640968085009122	7.842652718124465e-7
0.1277417292543416	7.855921971744309e-7
0.1290804379006133	7.869296601560809e-7
0.13042584009011637	7.882777691477742e-7
0.1317779692905669	7.896366339816143e-7
0.13313685913701961	7.910063659552246e-7
0.13450254343270476	7.923870778560965e-7
0.13587505614986833	7.937788839863951e-7
0.13725443143061763	7.951819001882552e-7
0.13864070358777073	7.965962438695984e-7
0.14003390710570945	7.980220340304185e-7
0.14143407664123803	7.994593912896631e-7
0.1428412470244442	8.009084379126364e-7
0.1442554532595664	8.023692978388905e-7
0.14567673052586416	8.038420967107942e-7
0.1471051141784935	8.053269619026294e-7
0.14854063974938603	8.068240225502051e-7
0.149983342948133	8.083334095812317e-7
0.15143325966287374	8.098552557462221e-7
0.15289042596118813	8.113896956500093e-7
0.15435487809099402	8.129368657840198e-7
0.15582665248144906	8.144969045590564e-7
0.1573057857438562	8.16069952339024e-7
0.15879231467257537	8.176561514749928e-7
0.16028627624593816	8.192556463403258e-7
0.16178770762716785	8.208685833663733e-7
0.16329664616530362	8.224951110789129e-7
0.16481312939613008	8.241353801353778e-7
0.1663371950431107	8.257895433630018e-7
0.16786888101832628	8.274577557975195e-7
0.1694082254234178	8.291401747229713e-7
0.1709552665505349	8.30836959712155e-7
0.17251004288328747	8.325482726681103e-7
0.17407259309770393	8.342742778663275e-7
0.17564295606319252	8.360151419980341e-7
0.17722117084350858	8.377710342143218e-7
0.17880727669772617	8.395421261712986e-7
0.18040131308121476	8.413285920761602e-7
0.18200331964662084	8.431306087343411e-7
0.18361333624485401	8.449483555977065e-7
0.18523140292607826	8.467820148137485e-7
0.18685755994070874	8.486317712759032e-7
0.1884918477404122	8.504978126750694e-7
0.19013430697911424	8.523803295521452e-7
0.1917849785140098	8.542795153518185e-7
0.19344390340657974	8.561955664776131e-7
0.19511112292361268	8.581286823480947e-7
0.1967866785382308	8.600790654543872e-7
0.19847061193092203	8.620469214190153e-7
0.20016296499057665	8.640324590560593e-7
0.20186377981552947	8.660358904327534e-7
0.2035730987146071	8.680574309324175e-7
0.20529096420818022	8.700972993189096e-7
0.20701741902922113	8.721557178025593e-7
0.20875250612436722	8.742329121075958e-7
0.210496268654989	8.76329111541239e-7
0.21224874999826396	8.784445490643229e-7
0.21400999374825516	8.805794613636236e-7
0.21578004371699644	8.827340889259013e-7
0.21755894393558148	8.849086761136884e-7
0.2193467386552594	8.871034712428968e-7
0.22114347234853576	8.893187266622445e-7
0.22294918971027836	8.91554698834658e-7
0.2247639356588297	8.938116484205227e-7
0.2265877553371239	8.960898403631087e-7
0.2284206941138094	8.983895439758935e-7
0.23026279758437848	9.007110330321443e-7
0.23211411157230027	9.03054585856629e-7
0.23397468213016168	9.054204854196313e-7
0.23584455554081238	9.078090194331534e-7
0.23772377831851643	9.102204804497574e-7
0.23961239721010893	9.12655165963521e-7
0.24151045919615952	9.151133785138253e-7
0.24341801149214037	9.175954257915543e-7
0.24533510154960114	9.201016207479861e-7
0.24726177705734917	9.226322817065917e-7
0.24919808594263576	9.251877324773765e-7
0.251144076372349	9.277683024744332e-7
0.2530997967542107	9.303743268362917e-7
0.2550652957379817	9.330061465494486e-7
0.2570406222166717	9.356641085750797e-7
0.2590258253277551	9.383485659789574e-7
0.26102095445439405	9.410598780648431e-7
0.2630260592266659	9.437984105113152e-7
0.2650411895227993	9.465645355120933e-7
0.2670663954704134	9.493586319202319e-7
0.26910172744776534	9.521810853959519e-7
0.27114723608500396	9.550322885585433e-7
0.27320297226542917	9.579126411421186e-7
0.27526898712675635	9.608225501557279e-7
0.27734533206239	9.63762430047675e-7
0.2794320587227019	9.667327028742096e-7
0.2815292190163153	9.697337984729656e-7
0.2836368651113967	9.727661546409419e-7
0.28575504943695385	9.758302173173988e-7
0.28788382468413853	9.7892644077179e-7
0.29002324380755934	9.820552877969051e-7
0.29217336002659705	9.852172299072445e-7
0.29433422682673016	9.884127475430111e-7
0.29650589796086374	9.916423302797563e-7
0.29868842745066804	9.949064770439264e-7
0.30088186958792124	9.982056963344323e-7
0.3030862789358609	1.0015405064505178e-6
0.30530171033054027	1.0049114357261154e-6
0.307528218882193	1.0083190227708304e-6
0.30976585997660405	1.0117638167179193e-6
0.312014689276487	1.0152463774793643e-6
0.31427476272286925	1.0187672760082768e-6
0.3165461365364837	1.0223270945690384e-6
0.3188288672191662	1.0259264270152314e-6
0.32112301155526213	1.029565879075743e-6
0.32342862661303834	1.033246068649342e-6
0.3257457697461036	1.0369676261079409e-6
0.32807449859483384	1.0407311946088635e-6
0.3304148710878078	1.0445374304164738e-6
0.33276694544324686	1.0483870032334323e-6
0.33513078017046305	1.0522805965419677e-6
0.33750643407131514	1.0562189079555222e-6
0.3398939662416715	1.060202649580938e-6
0.3422934360728799	1.0642325483920662e-6
0.34470490325324404	1.0683093466144282e-6
0.3471284277695101	1.0724338021221291e-6
0.34956406990835764	1.0766066888469128e-6
0.3520118902578995	1.080828797199999e-6
0.354471949709189	1.085100934507192e-6
0.3569443094577349	1.0894239254576523e-6
0.3594290310050235	1.093798612566931e-6
0.3619261761600484	1.0982258566546905e-6
0.3644358070408486	1.102706537337733e-6
0.36695798607605284	1.107241553538911e-6
0.36949277600643327	1.1118318240123886e-6
0.37204023988646523	1.1164782878860616e-6
0.3746004410858973	1.1211819052216684e-6
0.3771734432913268	1.1259436575931968e-6
0.3797593105077832	1.1307645486845415e-6
0.3823581070603219	1.1356456049067708e-6
0.38496989759562367	1.1405878760361264e-6
0.3875947470836016	1.1455924358733694e-6
0.3902327208190196	1.1506603829252928e-6
0.3928838844231145	1.155792841109385e-6
0.39554830384522993	1.1609909604824153e-6
0.3982260453644561	1.1662559179940383e-6
0.4009171755912785	1.1715889182663183e-6
0.40362176146923495	1.1769911944001658e-6
0.40633987027658097	1.182464008809992e-6
0.4090715696279639	1.1880086540874222e-6
0.4118169274761037	1.1936264538954538e-6
0.4145760121134843	1.1993187638943494e-6
0.4173488921740515	1.2050869727003646e-6
0.4201356366349219	1.2109325028788203e-6
0.42293631481809635	1.216856811972908e-6
0.4257509963921868	1.2228613935698838e-6
0.42857975137414767	1.2289477784058072e-6
0.43142265013101855	1.2351175355110264e-6
0.43427976338167373	1.2413722733976724e-6
0.43715116219858224	1.2477136412912207e-6
0.44003691800957523	1.2541433304079777e-6
0.44293710259962304	1.2606630752803775e-6
0.4458517881126211	1.2672746551324438e-6
0.44878104705318417	1.2739798953072013e-6
0.45172495228844983	1.2807806687487933e-6
0.45468357704989204	1.2876788975414749e-6
0.4576569949351413	1.294676554507986e-6
0.46064527990981685	1.3017756648701336e-6
0.4636485063093658	1.3089783079744943e-6
0.4666667488409128	1.3162866190857547e-6
0.4697000825851173	1.3237027912514172e-6
0.4727485829980427	1.3312290772406107e-6
0.47581232591303285	1.3388677915608546e-6
0.478891387542598	1.3466213125561538e-6
0.48198584448031084	1.3544920845905204e-6
0.4850957737027124	1.3624826203205407e-6
0.48822125257122595	1.37059550306188e-6
0.49136235883408197	1.378833389253534e-6
0.4945191706282523	1.3871990110250886e-6
0.4976917664813935	1.3956951788717387e-6
0.5008802253138004	1.4043247844424025e-6
0.5040846264403696	1.4130908034465527e-6
0.5073050495725715	1.4219962986854383e-6
0.5105415748204343	1.4310444232143892e-6
0.5137942826945365	1.440238423642232e-6
0.517063254108009	1.4495816435751124e-6
0.5203485703785492	1.4590775272120334e-6
0.5236503132304419	1.4687296230998269e-6
0.5269685647965939	1.4785415880557451e-6
0.5303034076205766	1.4885171912666248e-6
0.5336549246586795	1.4986603185736596e-6
0.5370231992819728	1.508974976952524e-6
0.5404083152783826	1.5194652991995184e-6
0.5438103568547747	1.5301355488343628e-6
0.5472294086390483	1.5409901252316891e-6
0.5506655556822436	1.5520335689933299e-6
0.5541188834606549	1.5632705675746297e-6
0.5575894778779582	1.574705961178933e-6
0.5610774252673477	1.5863447489347683e-6
0.5645828123936844	1.5981920953718566e-6
0.5681057264556525	1.6102533372123424e-6
0.5716462550879309	1.6225339904955282e-6
0.5752044863633705	1.6350397580546315e-6
0.5787805087951873	1.647776537366366e-6
0.5823744113391631	1.6607504287943348e-6
0.5859862833958588	1.6739677442495872e-6
0.5896162148128381	1.6874350162928543e-6
0.5932642958869024	1.7011590077042833e-6
0.5969306173663369	1.7151467215491502e-6
0.6006152704531684	1.7294054117689979e-6
0.6043183468054344	1.7439425943300852e-6
0.6080399385394615	1.75876605896384e-6
0.6117801382321587	1.773883881535143e-6
0.6155390389233192	1.7893044370782759e-6
0.6193167341179359	1.8050364135419964e-6
0.6231133177885255	1.8210888262893542e-6
0.6269288843774683	1.8374710334003197e-6
0.6307635287993556	1.8541927518293111e-6
0.6346173464433522	1.8712640744738314e-6
0.6384904331755688	1.8886954882143776e-6
0.6423828853414466	1.9064978929906936e-6
0.6462947997681537	1.924682621984747e-6
0.6502262737669944	1.9432614629861584e-6
0.6541774051358293	1.962246681022306e-6
0.6581482921615082	1.9816510423421476e-6
0.6621390336223156	2.0014878398502795e-6
0.6661497287904271	2.0217709200963024e-6
0.6701804774343789	2.0425147119334964e-6
0.6742313798215507	2.0637342569718958e-6
0.6783025367206585	2.0854452419612635e-6
0.682394049404262	2.1076640332529838e-6
0.6865060196512833	2.1304077135042826e-6
0.6906385497495399	2.153694120803433e-6
0.6947917424982876	2.1775418904134144e-6
0.6989657012107791	2.2019704993511672e-6
0.7031605297168331	2.2270003140425677e-6
0.7073763323654171	2.2526526413184426e-6
0.7116132140272443	2.2789497830467606e-6
0.7158712800973803	2.3059150947283566e-6
0.7201506364978669	2.333573048421118e-6
0.724451389680356	2.3619493004001658e-6
0.7287736466287575	2.3910707640096326e-6
0.7331175148619014	2.420965688217354e-6
0.737483102436211	2.4516637424472683e-6
0.7418705179483918	2.4831961083360875e-6
0.7462798705381338	2.5155955791451296e-6
0.7507112698908246	2.5488966676543352e-6
0.7551648262402787	2.5831357234755446e-6
0.7596406503714802	2.618351060851036e-6
0.7641388536233378	2.6545830981512384e-6
0.7686595478914543	2.691874510457828e-6
0.7732028456309116	2.7302703968179875e-6
0.777768859859066	2.7698184639881185e-6
0.7823577041583611	2.810569228755553e-6
0.7869694926791531	2.8525762412428623e-6
0.7916043401425489	2.895896331965974e-6
0.7962623618432616	2.940589885847214e-6
0.8009436736524779	2.986721146883328e-6
0.8056483920207402	3.0343585577529907e-6
0.8103766339808439	3.0835751393247877e-6
0.8151285171507483	3.1344489158184304e-6
0.8199041597365018	3.187063392285272e-6
0.8247036805351844	3.2415080921358712e-6
0.8295271989378604	3.2978791636658146e-6
0.8343748349325497	3.356280065939921e-6
0.8392467091072124	3.4168223460099166e-6
0.8441429426527486	3.4796265212877795e-6
0.8490636573660123	3.5448230829952324e-6
0.8540089756528424	3.612553638993784e-6
0.8589790205311068	3.6829722169843846e-6
0.8639739156337622	3.756246752093149e-6
0.868973915633762	3.83225325076943e-6
0.8739739156337618	3.9110741173022135e-6
0.8789739156337616	3.992879241552474e-6
0.8839739156337615	4.0778540095587706e-6
0.8889739156337613	4.1662010797046605e-6
0.893973915633761	4.258142366321105e-6
0.8989739156337608	4.353921251957303e-6
0.9039739156337606	4.453805051212571e-6
0.9089739156337604	4.558087751186647e-6
0.9139739156337602	4.667093056191984e-6
0.91897391563376	4.7811777675016345e-6
0.9239739156337599	4.900735532726898e-6
0.9289739156337596	5.026201004076994e-6
0.9339739156337594	5.158054450428299e-6
0.9389739156337592	5.2968268749852405e-6
0.943973915633759	5.4431056985509904e-6
0.9489739156337588	5.59754107822696e-6
0.9539739156337586	5.760852942945054e-6
0.9589739156337583	5.933838840843231e-6
0.9639739156337582	6.117382709386094e-6
0.968973915633758	6.312464697645364e-6
0.9739739156337578	6.520172191670126e-6
0.9789739156337576	6.7417122188911035e-6
0.9839739156337574	6.9784254366018155e-6
0.9889739156337571	7.231801943484733e-6
0.9939739156337569	7.503499192780511e-6
0.9989739156337567	7.795362332110217e-6
1.0039739156337566	8.109447349429366e-6
1.0089739156337563	8.448047468623644e-6
1.0139739156337562	8.813723313625814e-6
1.0189739156337558	9.209337448705161e-6
1.0239739156337557	9.63809400714989e-6
1.0289739156337556	1.0103584243698728e-5
1.0339739156337553	1.0609838990939136e-5
1.0389739156337552	1.1161389170131725e-5
1.0439739156337549	1.1763335706590516e-5
1.0489739156337547	1.2421430433536438e-5
1.0539739156337544	1.3142169841284849e-5
1.0589739156337543	1.3932903846354828e-5
1.0639739156337542	1.4801962123487483e-5
1.0689739156337539	1.5758800968667975e-5
1.0739739156337538	1.6814174148858903e-5
1.0789739156337534	1.798033174921242e-5
1.0839739156337533	1.927125165428001e-5
1.088973915633753	2.0702908996449427e-5
1.093973915633753	2.2293589667997354e-5
1.0989739156337526	2.406425481094945e-5
1.1039739156337525	2.603896404888749e-5
1.1089739156337524	2.8245366069024335e-5
1.113973915633752	3.071526594189235e-5
1.118973915633752	3.348527919091153e-5
1.1239739156337516	3.659758296638751e-5
1.1289739156337515	4.0100774558048565e-5
1.1339739156337512	4.405084665119583e-5
1.138973915633751	4.85122868685774e-5
1.143973915633751	5.3559305825135087e-5
1.1489739156337506	5.927719263955381e-5
1.1539739156337505	6.576378898775809e-5
1.1589739156337502	7.313106168353567e-5
1.16397391563375	8.150673878068438e-5
1.1689739156337497	9.103595481261642e-5
1.1739739156337496	0.0001018828268986426
1.1789739156337493	0.00011423185563660342
1.1839739156337492	0.0001282890147007649
1.187980436725312	0.00014093859065001909
1.1919869578168745	0.00015495867878482697
1.1959934789084372	0.00017048554892816798
1.2	0.0001876639352655119
