0.0006999999999999628	2.3965595912098206e-7
0.001403500000000035	2.3983668197155837e-7
0.0021105174999999296	2.400185877707007e-7
0.0028210700874998964	2.4020168082160465e-7
0.003535175437937438	2.403859704117282e-7
0.004252851315127062	2.405714659840154e-7
0.004974115571702636	2.407581770751388e-7
0.005698986149561044	2.409461133159805e-7
0.006427481080308875	2.411352844328336e-7
0.007159618485710418	2.4132570024865973e-7
0.007895416578138905	2.4151737068430923e-7
0.008634893661029494	2.417103057597739e-7
0.00937806812933463	2.419045155954492e-7
0.010124958469981361	2.4210001041340995e-7
0.010875583262331262	2.4229680053869165e-7
0.01162996117864295	2.4249489640060584e-7
0.012388110984536127	2.426943085340669e-7
0.013150051539458866	2.428950475809219e-7
0.013915801797156208	2.4309712429132877e-7
0.014685380806142003	2.433005495251149e-7
0.015458807710172712	2.435053342532024e-7
0.01623610174872358	2.437114895590154e-7
0.017017282257467212	2.439190266399244e-7
0.017802368668754516	2.44127956808716e-7
0.01859138051209827	2.4433829149507294e-7
0.019384337414658823	2.445500422470819e-7
0.020181259101732015	2.4476322073276583e-7
0.020982165397240727	2.4497783874165263e-7
0.02178707622422691	2.4519390818632483e-7
0.02259601160534814	2.4541144110405245e-7
0.02340899166337483	2.4563044965840464e-7
0.024226036621691812	2.4585094614090106e-7
0.02504716680480027	2.460729429726956e-7
0.025872402638824326	2.462964527062945e-7
0.02670176465201842	2.465214880272593e-7
0.02753527347527842	2.4674806175599106e-7
0.028372949842654864	2.4697618684950415e-7
0.0292148145918682	2.4720587640325303e-7
0.03006088866482743	2.47437143652961e-7
0.03091119310815165	2.4767000197650654e-7
0.0317657490736924	2.47904464895831e-7
0.03262457781906081	2.4814054607884714e-7
0.03348770070815601	2.4837825934143203e-7
0.034355139211696875	2.4861761864941423e-7
0.035226914907755424	2.488586381206046e-7
0.03610304948229413	2.4910133202685654e-7
0.03698356472970569	2.493457147961556e-7
0.03786848255335419	2.4959180101476105e-7
0.038757824966120964	2.4983960542936684e-7
0.03965161409095162	2.5008914294930185e-7
0.04054987216140643	2.5034042864875754e-7
0.04145262152221345	2.505934777690843e-7
0.04235988462982453	2.5084830572107395e-7
0.04327168405297366	2.5110492808733143e-7
0.0441880424732386	2.513633606246518e-7
0.04510898268560485	2.516236192664525e-7
0.046034527599032954	2.518857201252433e-7
0.04696470023702812	2.521496794951335e-7
0.04789952373821329	2.524155138543855e-7
0.048839021356904266	2.526832398680106e-7
0.04978321646368884	2.5295287439042003e-7
0.05073213254600732	2.5322443446807626e-7
0.05168579320873729	2.534979373422673e-7
0.052644222174780875	2.537734004518528e-7
0.05360744328565471	2.5405084143608656e-7
0.054575480502083065	2.543302781375141e-7
0.055548357904593434	2.546117286048652e-7
0.056526099694116344	2.5489521109605055e-7
0.0575087301925869	2.5518074408116554e-7
0.05849627384354973	2.554683462455792e-7
0.05948875521276744	2.557580364930607e-7
0.06048619898883127	2.560498339489547e-7
0.061488629983775384	2.5634375796342994e-7
0.06249607313369419	2.5663982811477737e-7
0.06350855349936275	2.569380642127605e-7
0.06452609626685958	2.57238486302022e-7
0.06554872674819387	2.575411146655687e-7
0.06657647038193484	2.5784596982829937e-7
0.06760935273384447	2.581530725606122e-7
0.06864739949751365	2.5846244388204984e-7
0.0696906364950013	2.587741050650491e-7
0.07073908967747639	2.59088077638718e-7
0.07179278512586384	2.5940438339270393e-7
0.07285174905149322	2.597230443811348e-7
0.0739160077967507	2.600440829266116e-7
0.07498558783573436	2.603675216242846e-7
0.07606051577491299	2.606933833460114e-7
0.07714081835378758	2.610216912445838e-7
0.07822652244555647	2.6135246875801556e-7
0.07931765505778425	2.616857396139471e-7
0.0804142433330731	2.620215278340993e-7
0.08151631454973848	2.6235985773880854e-7
0.08262389612248718	2.627007539516733e-7
0.0837370156030995	2.630442414042585e-7
0.0848557006811149	2.633903453409093e-7
0.0859799791845205	2.637390913236347e-7
0.08710987908044313	2.640905052370959e-7
0.08824542847584534	2.644446132936835e-7
0.08938665561822454	2.64801442038703e-7
0.09053358889631567	2.65161018355634e-7
0.09168625684079722	2.655233694714964e-7
0.09284468812500112	2.6588852296235356e-7
0.09400891156562617	2.662565067588654e-7
0.0951789561234543	2.666273491519806e-7
0.09635485090407148	2.670010787987318e-7
0.09753662515859184	2.6737772472814293e-7
0.0987243082843847	2.677573163472629e-7
0.09991792982580656	2.6813988344727264e-7
0.10111751947493569	2.6852545620977175e-7
0.10232310707231031	2.6891406521314135e-7
0.1035347226076718	2.6930574143904886e-7
0.10475239622071016	2.6970051627907963e-7
0.10597615820181366	2.700984215415073e-7
0.10720603899282274	2.7049948945816435e-7
0.10844206918778684	2.709037526915139e-7
0.10968427953372567	2.7131124434177517e-7
0.1109327009313943	2.717219979542727e-7
0.11218736443605135	2.721360475268733e-7
0.11344830125823162	2.7255342751760895e-7
0.11471554276452282	2.7297417285244637e-7
0.11598912047834534	2.733983189331709e-7
0.11726906608073695	2.738259016455199e-7
0.11855541141114062	2.742569573673871e-7
0.11984818846819621	2.746915229772349e-7
0.12114742941053713	2.7512963586271354e-7
0.12245316655758978	2.7557133392937455e-7
0.1237654323903777	2.7601665560965e-7
0.12508425955232963	2.764656398719573e-7
0.12640968085009122	2.7691832623001046e-7
0.1277417292543416	2.7737475475234005e-7
0.1290804379006133	2.778349660720003e-7
0.13042584009011637	2.782990013964661e-7
0.1317779692905669	2.7876690251774326e-7
0.13313685913701961	2.7923871182272854e-7
0.13450254343270476	2.7971447230373763e-7
0.13587505614986833	2.801942275692599e-7
0.13725443143061763	2.806780218550026e-7
0.13864070358777073	2.8116590003508064e-7
0.14003390710570945	2.8165790763353054e-7
0.14143407664123803	2.821540908360097e-7
0.1428412470244442	2.8265449650177836e-7
0.1442554532595664	2.8315917217594655e-7
0.14567673052586416	2.8366816610194287e-7
0.1471051141784935	2.841815272343219e-7
0.14854063974938603	2.846993052518053e-7
0.149983342948133	2.852215505706064e-7
0.15143325966287374	2.8574831435807487e-7
0.15289042596118813	2.862796485466348e-7
0.15435487809099402	2.8681560584800615e-7
0.15582665248144906	2.873562397677785e-7
0.1573057857438562	2.8790160462029835e-7
0.15879231467257537	2.884517555438731e-7
0.16028627624593816	2.890067485163315e-7
0.16178770762716785	2.8956664037095046e-7
0.16329664616530362	2.9013148881269287e-7
0.16481312939613008	2.9070135243488097e-7
0.1663371950431107	2.912762907361924e-7
0.16786888101832628	2.918563641380829e-7
0.1694082254234178	2.9244163400258037e-7
0.1709552665505349	2.930321626505122e-7
0.17251004288328747	2.9362801338015316e-7
0.17407259309770393	2.942292504862743e-7
0.17564295606319252	2.948359392796881e-7
0.17722117084350858	2.954481461071965e-7
0.17880727669772617	2.960659383720532e-7
0.18040131308121476	2.9668938455487565e-7
0.18200331964662084	2.973185542350719e-7
0.18361333624485401	2.9795351811275977e-7
0.18523140292607826	2.985943480312189e-7
0.18685755994070874	2.992411169998819e-7
0.1884918477404122	2.998938992178672e-7
0.19013430697911424	3.0055277009808146e-7
0.1917849785140098	3.0121780629191326e-7
0.19344390340657974	3.0188908571452547e-7
0.19511112292361268	3.025666875707298e-7
0.1967866785382308	3.03250692381575e-7
0.19847061193092203	3.0394118201148726e-7
0.20016296499057665	3.0463823969613855e-7
0.20186377981552947	3.053419500710221e-7
0.2035730987146071	3.060523992006729e-7
0.20529096420818022	3.0676967460868743e-7
0.20701741902922113	3.0749386530842704e-7
0.20875250612436722	3.0822506183456275e-7
0.210496268654989	3.089633562753405e-7
0.21224874999826396	3.0970884230574546e-7
0.21400999374825516	3.104616152214254e-7
0.21578004371699644	3.1122177197356196e-7
0.21755894393558148	3.1198941120456567e-7
0.2193467386552594	3.127646332847284e-7
0.22114347234853576	3.1354754034981907e-7
0.22294918971027836	3.143382363396534e-7
0.2247639356588297	3.151368270376406e-7
0.2265877553371239	3.1594342011141403e-7
0.2284206941138094	3.167581251544829e-7
0.23026279758437848	3.175810537290234e-7
0.23211411157230027	3.1841231940975314e-7
0.23397468213016168	3.1925203782901437e-7
0.23584455554081238	3.201003267230471e-7
0.23772377831851643	3.2095730597949275e-7
0.23961239721010893	3.218230976861839e-7
0.24151045919615952	3.2269782618126044e-7
0.24341801149214037	3.2358161810462735e-7
0.24533510154960114	3.2447460245082324e-7
0.24726177705734917	3.253769106233481e-7
0.24919808594263576	3.262886764904591e-7
0.251144076372349	3.2721003644251945e-7
0.2530997967542107	3.281411294509577e-7
0.2550652957379817	3.2908209712882706e-7
0.2570406222166717	3.3003308379305975e-7
0.2590258253277551	3.309942365285342e-7
0.26102095445439405	3.319657052538482e-7
0.2630260592266659	3.329476427890505e-7
0.2650411895227993	3.3394020492522085e-7
0.2670663954704134	3.3494355049608207e-7
0.26910172744776534	3.3595784145166354e-7
0.27114723608500396	3.369832429340675e-7
0.27320297226542917	3.380199233554338e-7
0.27526898712675635	3.390680544781984e-7
0.27734533206239	3.4012781149765104e-7
0.2794320587227019	3.411993731269371e-7
0.2815292190163153	3.4228292168457084e-7
0.2836368651113967	3.433786431845401e-7
0.28575504943695385	3.4448672742904174e-7
0.28788382468413853	3.456073681040703e-7
0.29002324380755934	3.467407628777846e-7
0.29217336002659705	3.478871135019169e-7
0.29433422682673016	3.4904662591618885e-7
0.29650589796086374	3.5021951035594e-7
0.29868842745066804	3.514059814630494e-7
0.30088186958792124	3.526062584002223e-7
0.3030862789358609	3.538205649688377e-7
0.30530171033054027	3.5504912973044274e-7
0.307528218882193	3.562921861320168e-7
0.30976585997660405	3.5754997263515e-7
0.312014689276487	3.5882273284930854e-7
0.31427476272286925	3.601107156692735e-7
0.3165461365364837	3.614141754169678e-7
0.3188288672191662	3.6273337198778544e-7
0.32112301155526213	3.6406857100161456e-7
0.32342862661303834	3.654200439587367e-7
0.3257457697461036	3.667880684007453e-7
0.32807449859483384	3.681729280766901e-7
0.3304148710878078	3.695749131146923e-7
0.33276694544324686	3.7099432019915086e-7
0.33513078017046305	3.724314527537981e-7
0.33750643407131514	3.7388662113085134e-7
0.3398939662416715	3.753601428064481e-7
0.3422934360728799	3.768523425826121e-7
0.34470490325324404	3.7836355279605705e-7
0.3471284277695101	3.798941135339946e-7
0.34956406990835764	3.8144437285737573e-7
0.3520118902578995	3.83014687031628e-7
0.354471949709189	3.846054207654489e-7
0.3569443094577349	3.862169474577594e-7
0.3594290310050235	3.8784964945327837e-7
0.3619261761600484	3.895039183069734e-7
0.3644358070408486	3.9118015505781256e-7
0.36695798607605284	3.9287877051218626e-7
0.36949277600643327	3.946001855373115e-7
0.37204023988646523	3.963448313651799e-7
0.3746004410858973	3.981131499073044e-7
0.3771734432913268	3.9990559408088497e-7
0.3797593105077832	4.0172262814671487e-7
0.3823581070603219	4.035647280594386e-7
0.38496989759562367	4.0543238183062264e-7
0.3875947470836016	4.0732608990516665e-7
0.3902327208190196	4.092463655516876e-7
0.3928838844231145	4.111937352673953e-7
0.39554830384522993	4.1316873919812997e-7
0.3982260453644561	4.1517193157423857e-7
0.4009171755912785	4.1720388116289587e-7
0.40362176146923495	4.1926517173768605e-7
0.40633987027658097	4.2135640256614076e-7
0.4090715696279639	4.2347818891603264e-7
0.4118169274761037	4.2563116258130496e-7
0.4145760121134843	4.2781597242844327e-7
0.4173488921740515	4.3003328496427506e-7
0.4201356366349219	4.3228378492612255e-7
0.42293631481809635	4.345681758953641e-7
0.4257509963921868	4.3688718093542854e-7
0.42857975137414767	4.392415432553703e-7
0.43142265013101855	4.416320269002454e-7
0.43427976338167373	4.4405941746946957e-7
0.43715116219858224	4.465245228645367e-7
0.44003691800957523	4.4902817406739517e-7
0.44293710259962304	4.5157122595106745e-7
0.4458517881126211	4.541545581239198e-7
0.44878104705318417	4.5677907580928315e-7
0.45172495228844983	4.594457107620909e-7
0.45468357704989204	4.621554222243341e-7
0.4576569949351413	4.6490919792133547e-7
0.46064527990981685	4.6770805510063893e-7
0.4636485063093658	4.705530416158654e-7
0.4666667488409128	4.734452370576004e-7
0.4697000825851173	4.7638575393379987e-7
0.4727485829980427	4.793757389021218e-7
0.47581232591303285	4.824163740568932e-7
0.478891387542598	4.855088782734817e-7
0.48198584448031084	4.8865450861303e-7
0.4850957737027124	4.918545617907242e-7
0.48822125257122595	4.951103757108577e-7
0.49136235883408197	4.984233310722517e-7
0.4945191706282523	5.017948530478064e-7
0.4976917664813935	5.052264130419697e-7
0.5008802253138004	5.087195305305787e-7
0.5040846264403696	5.1227577498727e-7
0.5073050495725715	5.158967679013567e-7
0.5105415748204343	5.19584184892118e-7
0.5137942826945365	5.233397579248875e-7
0.517063254108009	5.271652776345798e-7
0.5203485703785492	5.310625957626573e-7
0.5236503132304419	5.350336277140964e-7
0.5269685647965939	5.390803552410334e-7
0.5303034076205766	5.432048292604558e-7
0.5336549246586795	5.47409172813729e-7
0.5370231992819728	5.516955841761812e-7
0.5404083152783826	5.560663401256507e-7
0.5438103568547747	5.605237993793279e-7
0.5472294086390483	5.65070406209089e-7
0.5506655556822436	5.697086942460264e-7
0.5541188834606549	5.744412904857237e-7
0.5575894778779582	5.792709195065238e-7
0.5610774252673477	5.842004079141526e-7
0.5645828123936844	5.892326890266808e-7
0.5681057264556525	5.943708078151099e-7
0.5716462550879309	5.996179261157896e-7
0.5752044863633705	6.049773281322215e-7
0.5787805087951873	6.104524262449795e-7
0.5823744113391631	6.160467671499648e-7
0.5859862833958588	6.217640383468491e-7
0.5896162148128381	6.276080750009792e-7
0.5932642958869024	6.335828672041921e-7
0.5969306173663369	6.396925676617371e-7
0.6006152704531684	6.459414998347495e-7
0.6043183468054344	6.523341665703179e-7
0.6080399385394615	6.588752592534126e-7
0.6117801382321587	6.655696675183173e-7
0.6155390389233192	6.724224895599055e-7
0.6193167341179359	6.794390430890801e-7
0.6231133177885255	6.866248769798925e-7
0.6269288843774683	6.939857836610019e-7
0.6307635287993556	7.015278123077646e-7
0.6346173464433522	7.092572828974403e-7
0.6384904331755688	7.171808011949757e-7
0.6423828853414466	7.253052747437568e-7
0.6462947997681537	7.336379299424791e-7
0.6502262737669944	7.42186330297399e-7
0.6541774051358293	7.509583959481431e-7
0.6581482921615082	7.599624245747117e-7
0.6621390336223156	7.692071138051371e-7
0.6661497287904271	7.787015852548985e-7
0.6701804774343789	7.884554103437645e-7
0.6742313798215507	7.984786380512249e-7
0.6783025367206585	8.087818247893166e-7
0.682394049404262	8.193760665922344e-7
0.6865060196512833	8.30273033844144e-7
0.6906385497495399	8.414850087930931e-7
0.6947917424982876	8.530249261276771e-7
0.6989657012107791	8.649064169269187e-7
0.7031605297168331	8.771438563313293e-7
0.7073763323654171	8.897524153272398e-7
0.7116132140272443	9.027481170851262e-7
0.7158712800973803	9.161478983503634e-7
0.7201506364978669	9.299696764493565e-7
0.724451389680356	9.442324225489106e-7
0.7287736466287575	9.589562418924308e-7
0.7331175148619014	9.741624618352653e-7
0.737483102436211	9.898737286150971e-7
0.7418705179483918	1.0061141139241488e-6
0.7462798705381338	1.0229092325007367e-6
0.7507112698908246	1.0402863721318535e-6
0.7551648262402787	1.058274637658816e-6
0.7596406503714802	1.0769051108105859e-6
0.7641388536233378	1.09621102795577e-6
0.7686595478914543	1.116227978174666e-6
0.7732028456309116	1.1369941244080248e-6
0.777768859859066	1.1585504508525567e-6
0.7823577041583611	1.1809410402475134e-6
0.7869694926791531	1.2042133852459337e-6
0.7916043401425489	1.2284187386966854e-6
0.7962623618432616	1.2536125083930028e-6
0.8009436736524779	1.2798547026828596e-6
0.8056483920207402	1.3072104343048365e-6
0.8103766339808439	1.3357504909249491e-6
0.8151285171507483	1.3655519821295569e-6
0.8199041597365018	1.3966990740987271e-6
0.8247036805351844	1.4292838248705095e-6
0.8295271989378604	1.4634071350403675e-6
0.8343748349325497	1.499179830957532e-6
0.8392467091072124	1.5367239000179079e-6
0.8441429426527486	1.576173900561543e-6
0.8490636573660123	1.6176785722092772e-6
0.8540089756528424	1.6614026762823538e-6
0.8589790205311068	1.7075291003066457e-6
0.8639739156337622	1.7562612655941394e-6
0.868973915633762	1.8076164020803837e-6
0.8739739156337618	1.8617548070713786e-6
0.8789739156337616	1.918907565037681e-6
0.8839739156337615	1.979330630471535e-6
0.8889739156337613	2.043307778262862e-6
0.893973915633761	2.1111539012341616e-6
0.8989739156337608	2.1832186937637337e-6
0.9039739156337606	2.2598907645851237e-6
0.9089739156337604	2.341602226641392e-6
0.9139739156337602	2.4288338172601066e-6
0.91897391563376	2.5221206079787524e-6
0.9239739156337599	2.6220583701785594e-6
0.9289739156337596	2.729310670378222e-6
0.9339739156337594	2.8446167777068355e-6
0.9389739156337592	2.968800475840946e-6
0.943973915633759	3.102779882691865e-6
0.9489739156337588	3.2475783935264326e-6
0.9539739156337586	3.4043368771805535e-6
0.9589739156337583	3.57432727079929e-6
0.9639739156337582	3.758967736366637e-6
0.968973915633758	3.959839562486406e-6
0.9739739156337578	4.178706017825085e-6
0.9789739156337576	4.41753338878135e-6
0.9839739156337574	4.678514463877384e-6
0.9889739156337571	4.964094761748283e-6
0.9939739156337569	5.277001839271302e-6
0.9989739156337567	5.6202780623147715e-6
1.0039739156337566	5.997317274987595e-6
1.0089739156337563	6.411905865538368e-6
1.0139739156337562	6.868268799820421e-6
1.0189739156337558	7.371121278412443e-6
1.0239739156337557	7.925726773180203e-6
1.0289739156337556	8.53796231569156e-6
1.0339739156337553	9.214392045981193e-6
1.0389739156337552	9.9623501884084e-6
1.0439739156337549	1.0790034804317892e-5
1.0489739156337547	1.17066138813156e-5
1.0539739156337544	1.2722345557868975e-5
1.0589739156337543	1.3848714550377277e-5
1.0639739156337542	1.5098587146752833e-5
1.0689739156337539	1.6486387452333466e-5
1.0739739156337538	1.80282979132975e-5
1.0789739156337534	1.9742487487206935e-5
1.0839739156337533	2.1649371160381125e-5
1.088973915633753	2.3771904798601595e-5
1.093973915633753	2.6135919520223862e-5
1.0989739156337526	2.8770499842559382e-5
1.1039739156337525	3.170840969772902e-5
1.1089739156337524	3.498656994425394e-5
1.113973915633752	3.864659008985091e-5
1.118973915633752	4.273535543446374e-5
1.1239739156337516	4.730566855646925e-5
1.1289739156337515	5.2416940791037834e-5
1.1339739156337512	5.813592486803234e-5
1.138973915633751	6.453747398190469e-5
1.143973915633751	7.170530510906161e-5
1.1489739156337506	7.973273534459765e-5
1.1539739156337505	8.872334959472848e-5
1.1589739156337502	9.879154667175715e-5
1.16397391563375	0.00011006289971982626
1.1689739156337497	0.00012267425760335602
1.1739739156337496	0.00013677350877992417
1.1789739156337493	0.00015251893128911113
1.1839739156337492	0.00017007806525017657
1.187980436725312	0.00018557484947010503
1.1919869578168745	0.0002024415019765122
1.1959934789084372	0.0002207720361303574
1.2	0.00024066111790348025
