0.0006999999999999628	1.0023341785694736e-6
0.001403500000000035	1.0030338008921827e-6
0.0021105174999999296	1.0037377922717014e-6
0.0028210700874998964	1.0044461852959635e-6
0.003535175437937438	1.0051590125915012e-6
0.004252851315127062	1.0058763070633232e-6
0.004974115571702636	1.0065981019064392e-6
0.005698986149561044	1.007324430611589e-6
0.006427481080308875	1.0080553269703636e-6
0.007159618485710418	1.0087908250798905e-6
0.007895416578138905	1.0095309593471541e-6
0.008634893661029494	1.0102757644933114e-6
0.00937806812933463	1.0110252755577596e-6
0.010124958469981361	1.011779527902328e-6
0.010875583262331262	1.0125385572153107e-6
0.01162996117864295	1.0133023995155252e-6
0.012388110984536127	1.0140710911564434e-6
0.013150051539458866	1.0148446688302488e-6
0.013915801797156208	1.0156231695719975e-6
0.014685380806142003	1.0164066307637542e-6
0.015458807710172712	1.0171950901387897e-6
0.01623610174872358	1.0179885857858183e-6
0.017017282257467212	1.018787156153288e-6
0.017802368668754516	1.0195908400536955e-6
0.01859138051209827	1.0203996766679711e-6
0.019384337414658823	1.0212137055499373e-6
0.020181259101732015	1.0220329666307345e-6
0.020982165397240727	1.0228575002234157e-6
0.02178707622422691	1.023687347027545e-6
0.02259601160534814	1.0245225481338305e-6
0.02340899166337483	1.0253631450288605e-6
0.024226036621691812	1.0262091795999655e-6
0.02504716680480027	1.0270606941399311e-6
0.025872402638824326	1.0279177313520436e-6
0.02670176465201842	1.0287803343550218e-6
0.02753527347527842	1.0296485466881035e-6
0.028372949842654864	1.030522412316166e-6
0.0292148145918682	1.0314019756349203e-6
0.03006088866482743	1.0322872814762066e-6
0.03091119310815165	1.033178375113355e-6
0.0317657490736924	1.0340753022665964e-6
0.03262457781906081	1.0349781091086152e-6
0.03348770070815601	1.0358868422700744e-6
0.034355139211696875	1.0368015488453328e-6
0.035226914907755424	1.0377222763982223e-6
0.03610304948229413	1.0386490729678485e-6
0.03698356472970569	1.0395819870745232e-6
0.03786848255335419	1.0405210677258282e-6
0.038757824966120964	1.0414663644226246e-6
0.03965161409095162	1.042417927165363e-6
0.04054987216140643	1.043375806460291e-6
0.04145262152221345	1.0443400533258676e-6
0.04235988462982453	1.0453107192992478e-6
0.04327168405297366	1.046287856442837e-6
0.0441880424732386	1.0472715173510001e-6
0.04510898268560485	1.0482617551568335e-6
0.046034527599032954	1.0492586235390105e-6
0.04696470023702812	1.0502621767288407e-6
0.04789952373821329	1.051272469517285e-6
0.048839021356904266	1.0522895572622194e-6
0.04978321646368884	1.0533134958957361e-6
0.05073213254600732	1.0543443419315527e-6
0.05168579320873729	1.0553821524725677e-6
0.052644222174780875	1.056426985218548e-6
0.05360744328565471	1.057478898473867e-6
0.054575480502083065	1.0585379511554274e-6
0.055548357904593434	1.0596042028006992e-6
0.056526099694116344	1.0606777135758473e-6
0.0575087301925869	1.0617585442840221e-6
0.05849627384354973	1.062846756373808e-6
0.05948875521276744	1.0639424119477002e-6
0.06048619898883127	1.065045573770813e-6
0.061488629983775384	1.066156305279752e-6
0.06249607313369419	1.0672746705915078e-6
0.06350855349936275	1.0684007345125766e-6
0.06452609626685958	1.0695345625482324e-6
0.06554872674819387	1.0706762209119115e-6
0.06657647038193484	1.0718257765347653e-6
0.06760935273384447	1.072983297075358e-6
0.06864739949751365	1.0741488509295545e-6
0.0696906364950013	1.0753225072405204e-6
0.07073908967747639	1.0765043359089141e-6
0.07179278512586384	1.0776944076032738e-6
0.07285174905149322	1.0788927937705075e-6
0.0739160077967507	1.080099566646597e-6
0.07498558783573436	1.0813147992674542e-6
0.07606051577491299	1.0825385654800623e-6
0.07714081835378758	1.0837709399535952e-6
0.07822652244555647	1.0850119981909431e-6
0.07931765505778425	1.0862618165402697e-6
0.0804142433330731	1.0875204722068547e-6
0.08151631454973848	1.0887880432650804e-6
0.08262389612248718	1.0900646086706753e-6
0.0837370156030995	1.0913502482730828e-6
0.0848557006811149	1.0926450428281755e-6
0.0859799791845205	1.0939490740109703e-6
0.08710987908044313	1.0952624244288407e-6
0.08824542847584534	1.0965851776346622e-6
0.08938665561822454	1.0979174181404342e-6
0.09053358889631567	1.0992592314309242e-6
0.09168625684079722	1.1006107039777793e-6
0.09284468812500112	1.1019719232536016e-6
0.09400891156562617	1.1033429777465075e-6
0.0951789561234543	1.104723956974866e-6
0.09635485090407148	1.1061149515021813e-6
0.09753662515859184	1.1075160529524049e-6
0.0987243082843847	1.1089273540254428e-6
0.09991792982580656	1.1103489485128576e-6
0.10111751947493569	1.111780931314057e-6
0.10232310707231031	1.1132233984525114e-6
0.1035347226076718	1.1146764470924258e-6
0.10475239622071016	1.1161401755556453e-6
0.10597615820181366	1.11761468333894e-6
0.10720603899282274	1.119100071131471e-6
0.10844206918778684	1.1205964408326814e-6
0.10968427953372567	1.1221038955704575e-6
0.1109327009313943	1.1236225397195797e-6
0.11218736443605135	1.1251524789206435e-6
0.11344830125823162	1.1266938200991433e-6
0.11471554276452282	1.1282466714850594e-6
0.11598912047834534	1.1298111426327058e-6
0.11726906608073695	1.1313873444409858e-6
0.11855541141114062	1.1329753891739841e-6
0.11984818846819621	1.1345753904819941e-6
0.12114742941053713	1.1361874634228488e-6
0.12245316655758978	1.1378117244837908e-6
0.1237654323903777	1.1394482916035506e-6
0.12508425955232963	1.1410972841950186e-6
0.12640968085009122	1.1427588231682016e-6
0.1277417292543416	1.1444330309537362e-6
0.1290804379006133	1.1461200315267648e-6
0.13042584009011637	1.1478199504312497e-6
0.1317779692905669	1.1495329148047913e-6
0.13313685913701961	1.1512590534039298e-6
0.13450254343270476	1.152998496629836e-6
0.13587505614986833	1.1547513765547176e-6
0.13725443143061763	1.1565178269483e-6
0.13864070358777073	1.158297983305397e-6
0.14003390710570945	1.1600919828734863e-6
0.14143407664123803	1.1618999646811362e-6
0.1428412470244442	1.1637220695668896e-6
0.1442554532595664	1.1655584402086716e-6
0.14567673052586416	1.1674092211538114e-6
0.1471051141784935	1.169274558849695e-6
0.14854063974938603	1.1711546016749286e-6
0.149983342948133	1.1730494999712028e-6
0.15143325966287374	1.1749594060757166e-6
0.15289042596118813	1.1768844743542784e-6
0.15435487809099402	1.1788248612351288e-6
0.15582665248144906	1.18078072524327e-6
0.1573057857438562	1.182752227035699e-6
0.15879231467257537	1.1847395294371857e-6
0.16028627624593816	1.1867427974768164e-6
0.16178770762716785	1.1887621984253734e-6
0.16329664616530362	1.190797901833234e-6
0.16481312939613008	1.192850079569417e-6
0.1663371950431107	1.1949189058610177e-6
0.16786888101832628	1.1970045573337478e-6
0.1694082254234178	1.199107213053225e-6
0.1709552665505349	1.2012270545669875e-6
0.17251004288328747	1.203364265947643e-6
0.17407259309770393	1.2055190338366776e-6
0.17564295606319252	1.2076915474892414e-6
0.17722117084350858	1.209881998820004e-6
0.17880727669772617	1.2120905824497706e-6
0.18040131308121476	1.2143174957532435e-6
0.18200331964662084	1.2165629389077156e-6
0.18361333624485401	1.2188271149427593e-6
0.18523140292607826	1.2211102297911417e-6
0.18685755994070874	1.2234124923406362e-6
0.1884918477404122	1.2257341144870635e-6
0.19013430697911424	1.228075311188422e-6
0.1917849785140098	1.230436300520203e-6
0.19344390340657974	1.2328173037319771e-6
0.19511112292361268	1.2352185453050474e-6
0.1967866785382308	1.2376402530115612e-6
0.19847061193092203	1.2400826579747336e-6
0.20016296499057665	1.2425459947305517e-6
0.20186377981552947	1.245030501290724e-6
0.2035730987146071	1.2475364192071658e-6
0.20529096420818022	1.2500639936376875e-6
0.20701741902922113	1.2526134734134187e-6
0.20875250612436722	1.2551851111075388e-6
0.210496268654989	1.2577791631057455e-6
0.21224874999826396	1.260395889678021e-6
0.21400999374825516	1.2630355550523828e-6
0.21578004371699644	1.2656984274900324e-6
0.21755894393558148	1.2683847793624022e-6
0.2193467386552594	1.2710948872298002e-6
0.22114347234853576	1.2738290319220463e-6
0.22294918971027836	1.2765874986207963e-6
0.2247639356588297	1.2793705769439547e-6
0.2265877553371239	1.2821785610318574e-6
0.2284206941138094	1.2850117496355887e-6
0.23026279758437848	1.2878704462074616e-6
0.23211411157230027	1.2907549589933012e-6
0.23397468213016168	1.2936656011273131e-6
0.23584455554081238	1.2966026907289329e-6
0.23772377831851643	1.2995665510020008e-6
0.23961239721010893	1.3025575103364562e-6
0.24151045919615952	1.305575902412372e-6
0.24341801149214037	1.3086220663064335e-6
0.24533510154960114	1.3116963466010924e-6
0.24726177705734917	1.3147990934964035e-6
0.24919808594263576	1.3179306629244426e-6
0.251144076372349	1.321091416666644e-6
0.2530997967542107	1.3242817224739926e-6
0.2550652957379817	1.3275019541901353e-6
0.2570406222166717	1.3307524918776282e-6
0.2590258253277551	1.3340337219472248e-6
0.26102095445439405	1.3373460372905263e-6
0.2630260592266659	1.3406898374157348e-6
0.2650411895227993	1.3440655285871e-6
0.2670663954704134	1.3474735239676771e-6
0.26910172744776534	1.3509142437657821e-6
0.27114723608500396	1.3543881153852114e-6
0.27320297226542917	1.357895573579276e-6
0.27526898712675635	1.3614370606087598e-6
0.27734533206239	1.3650130264039785e-6
0.2794320587227019	1.3686239287311102e-6
0.2815292190163153	1.3722702333627462e-6
0.2836368651113967	1.375952414252876e-6
0.28575504943695385	1.3796709537166617e-6
0.28788382468413853	1.3834263426147151e-6
0.29002324380755934	1.3872190805423772e-6
0.29217336002659705	1.3910496760240372e-6
0.29433422682673016	1.394918646712559e-6
0.29650589796086374	1.3988265195941077e-6
0.29868842745066804	1.4027738311985083e-6
0.30088186958792124	1.406761127815257e-6
0.3030862789358609	1.4107889657154282e-6
0.30530171033054027	1.4148579113795503e-6
0.307528218882193	1.4189685417318985e-6
0.30976585997660405	1.4231214443810251e-6
0.312014689276487	1.427317217867132e-6
0.31427476272286925	1.431556471916168e-6
0.3165461365364837	1.4358398277010968e-6
0.3188288672191662	1.4401679181104695e-6
0.32112301155526213	1.4445413880245298e-6
0.32342862661303834	1.4489608945991437e-6
0.3257457697461036	1.4534271075578192e-6
0.32807449859483384	1.4579407094919737e-6
0.3304148710878078	1.4625023961700147e-6
0.33276694544324686	1.4671128768549815e-6
0.33513078017046305	1.4717728746317063e-6
0.33750643407131514	1.4764831267433086e-6
0.3398939662416715	1.4812443849375884e-6
0.3422934360728799	1.4860574158235338e-6
0.34470490325324404	1.4909230012383423e-6
0.3471284277695101	1.4958419386253772e-6
0.34956406990835764	1.5008150414232714e-6
0.3520118902578995	1.5058431394667623e-6
0.354471949709189	1.5109270793995466e-6
0.3569443094577349	1.516067725099496e-6
0.3594290310050235	1.5212659581170169e-6
0.3619261761600484	1.5265226781264114e-6
0.3644358070408486	1.5318388033914473e-6
0.36695798607605284	1.5372152712450167e-6
0.36949277600643327	1.5426530385836766e-6
0.37204023988646523	1.5481530823776036e-6
0.3746004410858973	1.5537164001964973e-6
0.3771734432913268	1.5593440107519186e-6
0.3797593105077832	1.565036954456798e-6
0.3823581070603219	1.5707962940026717e-6
0.38496989759562367	1.5766231149553003e-6
0.3875947470836016	1.5825185263693855e-6
0.3902327208190196	1.5884836614231497e-6
0.3928838844231145	1.594519678073218e-6
0.39554830384522993	1.600627759731094e-6
0.3982260453644561	1.6068091159615085e-6
0.4009171755912785	1.6130649832039035e-6
0.40362176146923495	1.6193966255175598e-6
0.40633987027658097	1.6258053353517043e-6
0.4090715696279639	1.632292434340989e-6
0.4118169274761037	1.638859274127987e-6
0.4145760121134843	1.645507237213253e-6
0.4173488921740515	1.652237737834178e-6
0.4201356366349219	1.659052222873882e-6
0.42293631481809635	1.6659521728012582e-6
0.4257509963921868	1.6729391026433042e-6
0.42857975137414767	1.6800145629911644e-6
0.43142265013101855	1.6871801410412873e-6
0.43427976338167373	1.6944374616728972e-6
0.43715116219858224	1.7017881885634248e-6
0.44003691800957523	1.7092340253434972e-6
0.44293710259962304	1.7167767167929538e-6
0.4458517881126211	1.7244180500795853e-6
0.44878104705318417	1.7321598560425483e-6
0.45172495228844983	1.740004010522189e-6
0.45468357704989204	1.747952435738145e-6
0.4576569949351413	1.7560071017179682e-6
0.46064527990981685	1.7641700277782204e-6
0.4636485063093658	1.7724432840604138e-6
0.4666667488409128	1.7808289931239461e-6
0.4697000825851173	1.7893293315988978e-6
0.4727485829980427	1.7979465319006227e-6
0.47581232591303285	1.8066828840095746e-6
0.478891387542598	1.8155407373186052e-6
0.48198584448031084	1.8245225025511353e-6
0.4850957737027124	1.8336306537530619e-6
0.48822125257122595	1.8428677303616945e-6
0.49136235883408197	1.8522363393553689e-6
0.4945191706282523	1.8617391574873435e-6
0.4976917664813935	1.8713789336073033e-6
0.5008802253138004	1.8811584910752883e-6
0.5040846264403696	1.891080730271571e-6
0.5073050495725715	1.9011486312070106e-6
0.5105415748204343	1.91136525623903e-6
0.5137942826945365	1.9217337528973503e-6
0.517063254108009	1.932257356825272e-6
0.5203485703785492	1.942939394841436e-6
0.5236503132304419	1.953783288128006e-6
0.5269685647965939	1.9647925555514113e-6
0.5303034076205766	1.975970817121439e-6
0.5336549246586795	1.987321797595822e-6
0.5370231992819728	1.998849330237133e-6
0.5404083152783826	2.0105573607294256e-6
0.5438103568547747	2.022449951262087e-6
0.5472294086390483	2.034531284789644e-6
0.5506655556822436	2.0468056694757832e-6
0.5541188834606549	2.0592775433306324e-6
0.5575894778779582	2.071951479051172e-6
0.5610774252673477	2.0848321890750684e-6
0.5645828123936844	2.0979245308579225e-6
0.5681057264556525	2.1112335123862964e-6
0.5716462550879309	2.124764297937536e-6
0.5752044863633705	2.1385222140996643e-6
0.5787805087951873	2.1525127560645124e-6
0.5823744113391631	2.166741594208162e-6
0.5859862833958588	2.1812145809738756e-6
0.5896162148128381	2.195937758073171e-6
0.5932642958869024	2.2109173640220984e-6
0.5969306173663369	2.2261598420303778e-6
0.6006152704531684	2.2416718482624765e-6
0.6043183468054344	2.2574602604904217e-6
0.6080399385394615	2.273532187160162e-6
0.6117801382321587	2.2898949768938348e-6
0.6155390389233192	2.3065562284520197e-6
0.6193167341179359	2.323523801182231e-6
0.6231133177885255	2.340805825980486e-6
0.6269288843774683	2.3584107167955952e-6
0.6307635287993556	2.3763471827073757e-6
0.6346173464433522	2.394624240612224e-6
0.6384904331755688	2.413251228551999e-6
0.6423828853414466	2.4322378197245103e-6
0.6462947997681537	2.4515940372170236e-6
0.6502262737669944	2.4713302695071203e-6
0.6541774051358293	2.491457286778875e-6
0.6581482921615082	2.5119862581055985e-6
0.6621390336223156	2.5329287695555177e-6
0.6661497287904271	2.554296843280246e-6
0.6701804774343789	2.576102957652088e-6
0.6742313798215507	2.5983600685212268e-6
0.6783025367206585	2.6210816316707274e-6
0.682394049404262	2.644281626554561e-6
0.6865060196512833	2.667974581411649e-6
0.6906385497495399	2.6921755998587757e-6
0.6947917424982876	2.7169003890753637e-6
0.6989657012107791	2.742165289705261e-6
0.7031605297168331	2.7679873076152363e-6
0.7073763323654171	2.7943841476644195e-6
0.7116132140272443	2.8213742496588013e-6
0.7158712800973803	2.848976826685855e-6
0.7201506364978669	2.877211906048706e-6
0.724451389680356	2.9061003730487857e-6
0.7287736466287575	2.9356640178995625e-6
0.7331175148619014	2.9659255860932563e-6
0.737483102436211	2.9969088325889783e-6
0.7418705179483918	3.0286385802437336e-6
0.7462798705381338	3.061140782972604e-6
0.7507112698908246	3.094442594196423e-6
0.7551648262402787	3.1285724412228153e-6
0.7596406503714802	3.1635601063066636e-6
0.7641388536233378	3.1994368152540663e-6
0.7686595478914543	3.2362353345697708e-6
0.7732028456309116	3.273990078307942e-6
0.777768859859066	3.3127372259699458e-6
0.7823577041583611	3.352514853005369e-6
0.7869694926791531	3.39336307571998e-6
0.7916043401425489	3.435324212674999e-6
0.7962623618432616	3.4784429649885815e-6
0.8009436736524779	3.5227666183183474e-6
0.8056483920207402	3.568345269727113e-6
0.8103766339808439	3.6152320831089417e-6
0.8151285171507483	3.66348357739142e-6
0.8199041597365018	3.713159952331751e-6
0.8247036805351844	3.7643254573955284e-6
0.8295271989378604	3.81704880995264e-6
0.8343748349325497	3.871403669845725e-6
0.8392467091072124	3.927469178288879e-6
0.8441429426527486	3.985330570042253e-6
0.8490636573660123	4.0450798688862275e-6
0.8540089756528424	4.106816677598885e-6
0.8589790205311068	4.170649074934994e-6
0.8639739156337622	4.236694633536552e-6
0.868973915633762	4.3048067876260565e-6
0.8739739156337618	4.375025217289741e-6
0.8789739156337616	4.4474655261912455e-6
0.8839739156337615	4.522253767312566e-6
0.8889739156337613	4.5995275848166675e-6
0.893973915633761	4.679437472181936e-6
0.8989739156337608	4.762148158219572e-6
0.9039739156337606	4.8478401341792174e-6
0.9089739156337604	4.936711337441499e-6
0.9139739156337602	5.028979010092538e-6
0.91897391563376	5.124881754013373e-6
0.9239739156337599	5.224681808058104e-6
0.9289739156337596	5.3286675774835016e-6
0.9339739156337594	5.4371564510918894e-6
0.9389739156337592	5.550497947627383e-6
0.943973915633759	5.669077239928705e-6
0.9489739156337588	5.7933191133048745e-6
0.9539739156337586	5.9236924237397925e-6
0.9589739156337583	6.060715132053008e-6
0.9639739156337582	6.204960002314865e-6
0.968973915633758	6.357061066961749e-6
0.9739739156337578	6.5177209775731834e-6
0.9789739156337576	6.687719379627488e-6
0.9839739156337574	6.867922472314091e-6
0.9889739156337571	7.059293941300293e-6
0.9939739156337569	7.262907484030897e-6
0.9989739156337567	7.479961184598986e-6
1.0039739156337566	7.711794039574111e-6
1.0089739156337563	7.959904988722954e-6
1.0139739156337562	8.225974866843028e-6
1.0189739156337558	8.511891766795786e-6
1.0239739156337557	8.819780391429629e-6
1.0289739156337556	9.152036075967702e-6
1.0339739156337553	9.511364285622556e-6
1.0389739156337552	9.90082653917025e-6
1.0439739156337549	1.032389388211452e-5
1.0489739156337547	1.0784509237664802e-5
1.0539739156337544	1.1287160205577754e-5
1.0589739156337543	1.1836964164405355e-5
1.0639739156337542	1.243976786915232e-5
1.0689739156337539	1.3102264132173416e-5
1.0739739156337538	1.3832128639707343e-5
1.0789739156337534	1.4638180500217753e-5
1.0839739156337533	1.553057075500402e-5
1.088973915633753	1.652100381823688e-5
1.093973915633753	1.7622997664586857e-5
1.0989739156337526	1.8852189558844026e-5
1.1039739156337525	2.022669523192748e-5
1.1089739156337524	2.1767530655403883e-5
1.113973915633752	2.349910694836971e-5
1.118973915633752	2.5449810450505754e-5
1.1239739156337516	2.7652681579173108e-5
1.1289739156337515	3.0146207695767122e-5
1.1339739156337512	3.297524673765122e-5
1.138973915633751	3.619209967376769e-5
1.143973915633751	3.9857750687290787e-5
1.1489739156337506	4.4043294052031956e-5
1.1539739156337505	4.883156549791525e-5
1.1589739156337502	5.431899284334219e-5
1.16397391563375	6.0617675009588995e-5
1.1689739156337497	6.785768921963666e-5
1.1739739156337496	7.618961201749266e-5
1.1789739156337493	8.578721937873357e-5
1.1839739156337492	9.685030327340998e-5
1.187980436725312	0.00010692568846694458
1.1919869578168745	0.00011822053782586444
1.1959934789084372	0.00013088066735280918
1.2	0.00014506654062522708
