0.0006999999999999628	2.2877361393433313e-6
0.001403500000000035	2.289167744479204e-6
0.0021105174999999296	2.29060813990568e-6
0.0028210700874998964	2.292057389499519e-6
0.003535175437937438	2.2935155573114105e-6
0.004252851315127062	2.2949827079210773e-6
0.004974115571702636	2.296458906455292e-6
0.005698986149561044	2.2979442186002513e-6
0.006427481080308875	2.2994387106115506e-6
0.007159618485710418	2.3009424493234963e-6
0.007895416578138905	2.3024555021576164e-6
0.008634893661029494	2.303977937130977e-6
0.00937806812933463	2.305509822863897e-6
0.010124958469981361	2.307051228587897e-6
0.010875583262331262	2.30860222415346e-6
0.01162996117864295	2.3101628800374587e-6
0.012388110984536127	2.3117332673510497e-6
0.013150051539458866	2.3133134578472332e-6
0.013915801797156208	2.314903523928533e-6
0.014685380806142003	2.316503538654751e-6
0.015458807710172712	2.3181135757507788e-6
0.01623610174872358	2.3197337096144095e-6
0.017017282257467212	2.3213640153243115e-6
0.017802368668754516	2.323004568648017e-6
0.01859138051209827	2.3246554460499507e-6
0.019384337414658823	2.326316724699721e-6
0.020181259101732015	2.3279884824802553e-6
0.020982165397240727	2.3296707979963726e-6
0.02178707622422691	2.3313637505829825e-6
0.02259601160534814	2.333067420313988e-6
0.02340899166337483	2.334781888010562e-6
0.024226036621691812	2.336507235250356e-6
0.02504716680480027	2.33824354437623e-6
0.025872402638824326	2.3399908985052592e-6
0.02670176465201842	2.341749381537918e-6
0.02753527347527842	2.3435190781673365e-6
0.028372949842654864	2.345300073888812e-6
0.0292148145918682	2.3470924550091532e-6
0.03006088866482743	2.348896308656533e-6
0.03091119310815165	2.3507117227901193e-6
0.0317657490736924	2.352538786210127e-6
0.03262457781906081	2.3543775885678813e-6
0.03348770070815601	2.356228220375938e-6
0.034355139211696875	2.3580907730185663e-6
0.035226914907755424	2.3599653387621286e-6
0.03610304948229413	2.3618520107658922e-6
0.03698356472970569	2.36375088309267e-6
0.03786848255335419	2.365662050719905e-6
0.038757824966120964	2.3675856095507584e-6
0.03965161409095162	2.3695216564253775e-6
0.04054987216140643	2.371470289132361e-6
0.04145262152221345	2.373431606420379e-6
0.04235988462982453	2.3754057080098816e-6
0.04327168405297366	2.3773926946052993e-6
0.0441880424732386	2.37939266790681e-6
0.04510898268560485	2.3814057306229385e-6
0.046034527599032954	2.383431986483004e-6
0.04696470023702812	2.385471540249636e-6
0.04789952373821329	2.387524497731923e-6
0.048839021356904266	2.3895909657981305e-6
0.04978321646368884	2.391671052389348e-6
0.05073213254600732	2.3937648665325276e-6
0.05168579320873729	2.395872518354702e-6
0.052644222174780875	2.3979941190961227e-6
0.05360744328565471	2.4001297811249704e-6
0.054575480502083065	2.402279617951341e-6
0.055548357904593434	2.4044437442418386e-6
0.056526099694116344	2.40662227583429e-6
0.0575087301925869	2.4088153297526736e-6
0.05849627384354973	2.411023024222308e-6
0.05948875521276744	2.4132454786852933e-6
0.06048619898883127	2.41548281381632e-6
0.061488629983775384	2.41773515153819e-6
0.06249607313369419	2.4200026150383185e-6
0.06350855349936275	2.4222853287850206e-6
0.06452609626685958	2.424583418544096e-6
0.06554872674819387	2.4268970113958344e-6
0.06657647038193484	2.429226235752159e-6
0.06760935273384447	2.4315712213740784e-6
0.06864739949751365	2.4339320993894126e-6
0.0696906364950013	2.4363090023108832e-6
0.07073908967747639	2.438702064054184e-6
0.07179278512586384	2.4411114199568358e-6
0.07285174905149322	2.443537206796883e-6
0.0739160077967507	2.4459795628122234e-6
0.07498558783573436	2.4484386277199075e-6
0.07606051577491299	2.450914542736089e-6
0.07714081835378758	2.4534074505961056e-6
0.07822652244555647	2.4559174955749906e-6
0.07931765505778425	2.4584448235081077e-6
0.0804142433330731	2.4609895818123974e-6
0.08151631454973848	2.4635519195078905e-6
0.08262389612248718	2.466131987239203e-6
0.0837370156030995	2.4687299372981508e-6
0.0848557006811149	2.4713459236459806e-6
0.0859799791845205	2.473980101936466e-6
0.08710987908044313	2.47663262953896e-6
0.08824542847584534	2.4793036655622984e-6
0.08938665561822454	2.4819933708787395e-6
0.09053358889631567	2.4847019081484237e-6
0.09168625684079722	2.4874294418444716e-6
0.09284468812500112	2.4901761382779356e-6
0.09400891156562617	2.4929421656237227e-6
0.0951789561234543	2.495727693946695e-6
0.09635485090407148	2.4985328952283646e-6
0.09753662515859184	2.5013579433937753e-6
0.0987243082843847	2.5042030143390514e-6
0.09991792982580656	2.5070682859595402e-6
0.10111751947493569	2.5099539381780816e-6
0.10232310707231031	2.5128601529738795e-6
0.1035347226076718	2.5157871144122486e-6
0.10475239622071016	2.518735008674286e-6
0.10597615820181366	2.5217040240874275e-6
0.10720603899282274	2.524694351156492e-6
0.10844206918778684	2.5277061825950383e-6
0.10968427953372567	2.530739713357789e-6
0.1109327009313943	2.5337951406728355e-6
0.11218736443605135	2.5368726640752324e-6
0.11344830125823162	2.5399724854405756e-6
0.11471554276452282	2.5430948090194805e-6
0.11598912047834534	2.5462398414726387e-6
0.11726906608073695	2.5494077919063508e-6
0.11855541141114062	2.5525988719088483e-6
0.11984818846819621	2.5558132955871787e-6
0.12114742941053713	2.5590512796048313e-6
0.12245316655758978	2.56231304321988e-6
0.1237654323903777	2.565598808324086e-6
0.12508425955232963	2.5689087994823623e-6
0.12640968085009122	2.5722432439732828e-6
0.1277417292543416	2.5756023718301755e-6
0.1290804379006133	2.578986415882724e-6
0.13042584009011637	2.5823956117999823e-6
0.1317779692905669	2.5858301981334364e-6
0.13313685913701961	2.5892904163613234e-6
0.13450254343270476	2.592776510933715e-6
0.13587505614986833	2.5962887293182266e-6
0.13725443143061763	2.599827322046781e-6
0.13864070358777073	2.6033925427631925e-6
0.14003390710570945	2.606984648271608e-6
0.14143407664123803	2.6106038985858122e-6
0.1428412470244442	2.6142505569796282e-6
0.1442554532595664	2.617924890038143e-6
0.14567673052586416	2.6216271677098238e-6
0.1471051141784935	2.625357663359902e-6
0.14854063974938603	2.6291166538243444e-6
0.149983342948133	2.6329044194653754e-6
0.15143325966287374	2.6367212442276664e-6
0.15289042596118813	2.640567415695729e-6
0.15435487809099402	2.6444432251525227e-6
0.15582665248144906	2.6483489676388843e-6
0.1573057857438562	2.652284942014622e-6
0.15879231467257537	2.6562514510203187e-6
0.16028627624593816	2.6602488013405617e-6
0.16178770762716785	2.6642773036684475e-6
0.16329664616530362	2.668337272771156e-6
0.16481312939613008	2.6724290275571626e-6
0.1663371950431107	2.6765528911444083e-6
0.16786888101832628	2.6807091909300995e-6
0.1694082254234178	2.68489825866168e-6
0.1709552665505349	2.6891204305094763e-6
0.17251004288328747	2.693376047140632e-6
0.17407259309770393	2.697665453794369e-6
0.17564295606319252	2.7019890003594207e-6
0.17722117084350858	2.7063470414520514e-6
0.17880727669772617	2.7107399364965915e-6
0.18040131308121476	2.7151680498069936e-6
0.18200331964662084	2.7196317506703677e-6
0.18361333624485401	2.7241314134322873e-6
0.18523140292607826	2.7286674175834474e-6
0.18685755994070874	2.733240147848757e-6
0.1884918477404122	2.73784999427744e-6
0.19013430697911424	2.7424973523361037e-6
0.1917849785140098	2.7471826230025257e-6
0.19344390340657974	2.7519062128625713e-6
0.19511112292361268	2.756668534208198e-6
0.1967866785382308	2.7614700051382676e-6
0.19847061193092203	2.766311049660996e-6
0.20016296499057665	2.7711920977988684e-6
0.20186377981552947	2.77611358569569e-6
0.2035730987146071	2.7810759557258357e-6
0.20529096420818022	2.786079656606081e-6
0.20701741902922113	2.7911251435098318e-6
0.20875250612436722	2.7962128781834046e-6
0.210496268654989	2.801343329065555e-6
0.21224874999826396	2.8065169714089344e-6
0.21400999374825516	2.811734287404674e-6
0.21578004371699644	2.8169957663094613e-6
0.21755894393558148	2.8223019045755667e-6
0.2193467386552594	2.8276532059836103e-6
0.22114347234853576	2.8330501817784797e-6
0.22294918971027836	2.8384933508081006e-6
0.2247639356588297	2.843983239665333e-6
0.2265877553371239	2.849520382833263e-6
0.2284206941138094	2.855105322833512e-6
0.23026279758437848	2.86073861037816e-6
0.23211411157230027	2.866420804524866e-6
0.23397468213016168	2.872152472835685e-6
0.23584455554081238	2.877934191539665e-6
0.23772377831851643	2.8837665456987974e-6
0.23961239721010893	2.8896501293782073e-6
0.24151045919615952	2.8955855458201933e-6
0.24341801149214037	2.9015734076220484e-6
0.24533510154960114	2.907614336918346e-6
0.24726177705734917	2.913708965567539e-6
0.24919808594263576	2.9198579353426674e-6
0.251144076372349	2.926061898126771e-6
0.2530997967542107	2.9323215161130014e-6
0.2550652957379817	2.9386374620094515e-6
0.2570406222166717	2.9450104192486253e-6
0.2590258253277551	2.951441082202538e-6
0.26102095445439405	2.9579301564024196e-6
0.2630260592266659	2.9644783587640824e-6
0.2650411895227993	2.9710864178186425e-6
0.2670663954704134	2.9777550739490683e-6
0.26910172744776534	2.9844850796321256e-6
0.27114723608500396	2.9912771996867176e-6
0.27320297226542917	2.9981322115283506e-6
0.27526898712675635	3.005050905429449e-6
0.27734533206239	3.012034084786786e-6
0.2794320587227019	3.019082566395126e-6
0.2815292190163153	3.0261971807280658e-6
0.2836368651113967	3.0333787722259246e-6
0.28575504943695385	3.0406281995906967e-6
0.28788382468413853	3.0479463360889436e-6
0.29002324380755934	3.0553340698619344e-6
0.29217336002659705	3.062792304244291e-6
0.29433422682673016	3.0703219580903897e-6
0.29650589796086374	3.0779239661096036e-6
0.29868842745066804	3.0855992792099293e-6
0.30088186958792124	3.0933488648509944e-6
0.3030862789358609	3.1011737074058394e-6
0.30530171033054027	3.109074808532762e-6
0.307528218882193	3.1170531875567737e-6
0.30976585997660405	3.12510988186106e-6
0.312014689276487	3.1332459472890964e-6
0.31427476272286925	3.1414624585576394e-6
0.3165461365364837	3.149760509680725e-6
0.3188288672191662	3.158141214405032e-6
0.32112301155526213	3.1666057066573696e-6
0.32342862661303834	3.1751551410042927e-6
0.3257457697461036	3.183790693124068e-6
0.32807449859483384	3.1925135602922784e-6
0.3304148710878078	3.201324961880146e-6
0.33276694544324686	3.210226139867378e-6
0.33513078017046305	3.219218359368912e-6
0.33750643407131514	3.2283029091765457e-6
0.3398939662416715	3.237481102316252e-6
0.3422934360728799	3.2467542766204895e-6
0.34470490325324404	3.256123795317805e-6
0.3471284277695101	3.2655910476383117e-6
0.34956406990835764	3.2751574494375735e-6
0.3520118902578995	3.2848244438376784e-6
0.354471949709189	3.2945935018872456e-6
0.3569443094577349	3.3044661232410117e-6
0.3594290310050235	3.3144438368586565e-6
0.3619261761600484	3.3245282017248178e-6
0.3644358070408486	3.3347208075901497e-6
0.36695798607605284	3.3450232757343174e-6
0.36949277600643327	3.3554372597520202e-6
0.37204023988646523	3.365964446362447e-6
0.3746004410858973	3.3766065562432904e-6
0.3771734432913268	3.3873653448898416e-6
0.3797593105077832	3.3982426035006536e-6
0.3823581070603219	3.409240159889643e-6
0.38496989759562367	3.420359879427172e-6
0.3875947470836016	3.4316036660094417e-6
0.3902327208190196	3.442973463058458e-6
0.3928838844231145	3.4544712545530027e-6
0.39554830384522993	3.466099066092297e-6
0.3982260453644561	3.477858965992958e-6
0.4009171755912785	3.489753066420628e-6
0.40362176146923495	3.501783524558205e-6
0.40633987027658097	3.5139525438110582e-6
0.4090715696279639	3.526262375051243e-6
0.4118169274761037	3.538715317901982e-6
0.4145760121134843	3.5513137220640054e-6
0.4173488921740515	3.564059988685283e-6
0.4201356366349219	3.5769565717756106e-6
0.42293631481809635	3.5900059796686064e-6
0.4257509963921868	3.6032107765314244e-6
0.42857975137414767	3.616573583925769e-6
0.43142265013101855	3.630097082420786e-6
0.43427976338167373	3.6437840132606033e-6
0.43715116219858224	3.6576371800888577e-6
0.44003691800957523	3.671659450731513e-6
0.44293710259962304	3.6858537590415396e-6
0.4458517881126211	3.7002231068066616e-6
0.44878104705318417	3.7147705657238157e-6
0.45172495228844983	3.729499279442238e-6
0.45468357704989204	3.7444124656785436e-6
0.4576569949351413	3.759513418406125e-6
0.46064527990981685	3.7748055101222566e-6
0.4636485063093658	3.7902921941966144e-6
0.4666667488409128	3.805977007303457e-6
0.4697000825851173	3.821863571941702e-6
0.4727485829980427	3.8379555990467426e-6
0.47581232591303285	3.854256890697372e-6
0.478891387542598	3.870771342922096e-6
0.48198584448031084	3.887502948608805e-6
0.4850957737027124	3.904455800522794e-6
0.48822125257122595	3.921634094437151e-6
0.49136235883408197	3.939042132380886e-6
0.4945191706282523	3.956684326009476e-6
0.4976917664813935	3.9745652001035074e-6
0.5008802253138004	3.992689396200885e-6
0.5040846264403696	4.011061676368736e-6
0.5073050495725715	4.029686927120456e-6
0.5105415748204343	4.048570163485735e-6
0.5137942826945365	4.067716533238558e-6
0.517063254108009	4.087131321292685e-6
0.5203485703785492	4.106819954269462e-6
0.5236503132304419	4.126788005248039e-6
0.5269685647965939	4.147041198705198e-6
0.5303034076205766	4.167585415653563e-6
0.5336549246586795	4.188426698987918e-6
0.5370231992819728	4.20957125904853e-6
0.5404083152783826	4.231025479411706e-6
0.5438103568547747	4.252795922919161e-6
0.5472294086390483	4.2748893379555075e-6
0.5506655556822436	4.297312664987733e-6
0.5541188834606549	4.320073043376948e-6
0.5575894778779582	4.343177818477282e-6
0.5610774252673477	4.3666345490340555e-6
0.5645828123936844	4.3904510148962304e-6
0.5681057264556525	4.414635225058355e-6
0.5716462550879309	4.439195426047768e-6
0.5752044863633705	4.464140110673477e-6
0.5787805087951873	4.489478027154668e-6
0.5823744113391631	4.515218188647086e-6
0.5859862833958588	4.541369883187488e-6
0.5896162148128381	4.567942684075388e-6
0.5932642958869024	4.594946460715018e-6
0.5969306173663369	4.622391389939807e-6
0.6006152704531684	4.650287967843127e-6
0.6043183468054344	4.678647022141239e-6
0.6080399385394615	4.707479725094334e-6
0.6117801382321587	4.7367976070151056e-6
0.6155390389233192	4.7666125703930986e-6
0.6193167341179359	4.79693690466718e-6
0.6231133177885255	4.827783301679379e-6
0.6269288843774683	4.85916487184422e-6
0.6307635287993556	4.891095161071506e-6
0.6346173464433522	4.923588168481079e-6
0.6384904331755688	4.956658364951019e-6
0.6423828853414466	4.990320712543426e-6
0.6462947997681537	5.024590684853819e-6
0.6502262737669944	5.05948428833329e-6
0.6541774051358293	5.095018084635707e-6
0.6581482921615082	5.131209214045998e-6
0.6621390336223156	5.168075420046899e-6
0.6661497287904271	5.205635075088736e-6
0.6701804774343789	5.2439072076274645e-6
0.6742313798215507	5.282911530503853e-6
0.6783025367206585	5.322668470739688e-6
0.682394049404262	5.363199200833365e-6
0.6865060196512833	5.4045256716429795e-6
0.6906385497495399	5.4466706469537315e-6
0.6947917424982876	5.489657739831914e-6
0.6989657012107791	5.5335114508800785e-6
0.7031605297168331	5.578257208515738e-6
0.7073763323654171	5.6239214114107495e-6
0.7116132140272443	5.67053147324178e-6
0.7158712800973803	5.7181158699184745e-6
0.7201506364978669	5.7667041894792945e-6
0.724451389680356	5.816327184863954e-6
0.7287736466287575	5.8670168298040425e-6
0.7331175148619014	5.91880637810456e-6
0.737483102436211	5.971730426629574e-6
0.7418705179483918	6.025824982354619e-6
0.7462798705381338	6.081127533903064e-6
0.7507112698908246	6.137677128055151e-6
0.7551648262402787	6.195514451797006e-6
0.7596406503714802	6.254681920576196e-6
0.7641388536233378	6.315223773544831e-6
0.7686595478914543	6.377186176709308e-6
0.7732028456309116	6.440617335066956e-6
0.777768859859066	6.505567615003267e-6
0.7823577041583611	6.572089678450855e-6
0.7869694926791531	6.640238630574432e-6
0.7916043401425489	6.710072183061642e-6
0.7962623618432616	6.781650835461463e-6
0.8009436736524779	6.8550380774352584e-6
0.8056483920207402	6.930300615274137e-6
0.8103766339808439	7.007508626599741e-6
0.8151285171507483	7.086736047803176e-6
0.8199041597365018	7.168060899509729e-6
0.8247036805351844	7.251565656172698e-6
0.8295271989378604	7.337337666811576e-6
0.8343748349325497	7.425469634921851e-6
0.8392467091072124	7.516060166686988e-6
0.8441429426527486	7.609214397813677e-6
0.8490636573660123	7.705044710598567e-6
0.8540089756528424	7.803671554189275e-6
0.8589790205311068	7.90522438244017e-6
0.8639739156337622	8.009842725267162e-6
0.868973915633762	8.117245127127596e-6
0.8739739156337618	8.227444085847484e-6
0.8789739156337616	8.34056743282812e-6
0.8839739156337615	8.45675386935578e-6
0.8889739156337613	8.576154207451445e-6
0.893973915633761	8.698932735862478e-6
0.8989739156337608	8.825268720810858e-6
0.9039739156337606	8.955358052047136e-6
0.9089739156337604	9.089415046603948e-6
0.9139739156337602	9.227674425131344e-6
0.91897391563376	9.370393478898286e-6
0.9239739156337599	9.517854449529096e-6
0.9289739156337596	9.670367148376404e-6
0.9339739156337594	9.828271848137708e-6
0.9389739156337592	9.991942485952358e-6
0.943973915633759	1.016179022480242e-5
0.9489739156337588	1.033826742867221e-5
0.9539739156337586	1.0521872116681973e-5
0.9589739156337583	1.0713152972470258e-5
0.9639739156337582	1.0912714997686268e-5
0.968973915633758	1.1121225912841752e-5
0.9739739156337578	1.1339423425364137e-5
0.9789739156337576	1.1568123503939882e-5
0.9839739156337574	1.1808229820724642e-5
0.9889739156337571	1.2060744549391504e-5
0.9939739156337569	1.2326780738111551e-5
0.9989739156337567	1.2607576513349961e-5
1.0039739156337566	1.2904511413952799e-5
1.0089739156337563	1.3219125206697698e-5
1.0139739156337562	1.3553139595856954e-5
1.0189739156337558	1.3908483312184661e-5
1.0239739156337557	1.4287321153267163e-5
1.0289739156337556	1.4692087649883241e-5
1.0339739156337553	1.5125526154879275e-5
1.0389739156337552	1.5590734295586383e-5
1.0439739156337549	1.6091216902007625e-5
1.0489739156337547	1.6630947725671485e-5
1.0539739156337544	1.721444150361963e-5
1.0589739156337543	1.7846838204830484e-5
1.0639739156337542	1.853400162972063e-5
1.0689739156337539	1.928263492545925e-5
1.0739739156337538	2.0100416040007428e-5
1.0789739156337534	2.0996156676327992e-5
1.0839739156337533	2.1979988936366585e-5
1.088973915633753	2.3063584573874353e-5
1.093973915633753	2.4260412617813765e-5
1.0989739156337526	2.5586042094728262e-5
1.1039739156337525	2.705849767769259e-5
1.1089739156337524	2.8698677325274933e-5
1.113973915633752	3.0530842343001734e-5
1.118973915633752	3.258319178679102e-5
1.1239739156337516	3.488853469967975e-5
1.1289739156337515	3.748507527051084e-5
1.1339739156337512	4.0417327529100923e-5
1.138973915633751	4.3737177497136636e-5
1.143973915633751	4.750511157573379e-5
1.1489739156337506	5.179163005101657e-5
1.1539739156337505	5.6678863495279906e-5
1.1589739156337502	6.22624069349805e-5
1.16397391563375	6.86533811653993e-5
1.1689739156337497	7.598072153056979e-5
1.1739739156337496	8.43936806752268e-5
1.1789739156337493	9.406451189075239e-5
1.1839739156337492	0.00010519127239273318
1.187980436725312	0.00011530948393344524
1.1919869578168745	0.00012663867173619923
1.1959934789084372	0.00013932346243586194
1.2	0.00015352305454170313
