0.0006999999999999628	8.008081354203798e-7
0.001403500000000035	8.013886146526761e-7
0.0021105174999999296	8.01972740012103e-7
0.0028210700874998964	8.02560539880362e-7
0.003535175437937438	8.031520417432738e-7
0.004252851315127062	8.037472733138279e-7
0.004974115571702636	8.043462625523289e-7
0.005698986149561044	8.049490376714396e-7
0.006427481080308875	8.055556271404319e-7
0.007159618485710418	8.061660596890491e-7
0.007895416578138905	8.067803643112668e-7
0.008634893661029494	8.073985702688496e-7
0.00937806812933463	8.080207070949002e-7
0.010124958469981361	8.086468045973677e-7
0.010875583262331262	8.09276892862541e-7
0.01162996117864295	8.09911002258503e-7
0.012388110984536127	8.105491634386742e-7
0.013150051539458866	8.111914073452774e-7
0.013915801797156208	8.11837765212992e-7
0.014685380806142003	8.124882685723894e-7
0.015458807710172712	8.131429492536743e-7
0.01623610174872358	8.138018393902338e-7
0.017017282257467212	8.144649714223957e-7
0.017802368668754516	8.1513237810113e-7
0.01859138051209827	8.158040924917875e-7
0.019384337414658823	8.164801479780076e-7
0.020181259101732015	8.171605782654897e-7
0.020982165397240727	8.17845417386005e-7
0.02178707622422691	8.185346997012899e-7
0.02259601160534814	8.192284599070974e-7
0.02340899166337483	8.199267330372856e-7
0.024226036621691812	8.206295544679571e-7
0.02504716680480027	8.213369599216041e-7
0.025872402638824326	8.220489854713787e-7
0.02670176465201842	8.227656675454676e-7
0.02753527347527842	8.234870429313133e-7
0.028372949842654864	8.242131487802238e-7
0.0292148145918682	8.249440226116938e-7
0.03006088866482743	8.25679702318115e-7
0.03091119310815165	8.264202261693032e-7
0.0317657490736924	8.271656328172187e-7
0.03262457781906081	8.279159613007237e-7
0.03348770070815601	8.28671251050477e-7
0.034355139211696875	8.294315418937223e-7
0.035226914907755424	8.301968740593653e-7
0.03610304948229413	8.309672881829732e-7
0.03698356472970569	8.31742825311909e-7
0.03786848255335419	8.325235269105351e-7
0.038757824966120964	8.333094348655365e-7
0.03965161409095162	8.341005914911971e-7
0.04054987216140643	8.348970395349028e-7
0.04145262152221345	8.356988221826599e-7
0.04235988462982453	8.365059830647036e-7
0.04327168405297366	8.373185662611548e-7
0.0441880424732386	8.381366163078624e-7
0.04510898268560485	8.389601782022348e-7
0.046034527599032954	8.397892974092097e-7
0.04696470023702812	8.406240198673204e-7
0.04789952373821329	8.414643919948217e-7
0.048839021356904266	8.423104606959502e-7
0.04978321646368884	8.431622733672528e-7
0.05073213254600732	8.440198779040392e-7
0.05168579320873729	8.448833227069175e-7
0.052644222174780875	8.457526566884486e-7
0.05360744328565471	8.466279292798488e-7
0.054575480502083065	8.475091904379136e-7
0.055548357904593434	8.483964906519405e-7
0.056526099694116344	8.492898809507913e-7
0.0575087301925869	8.501894129101201e-7
0.05849627384354973	8.510951386596507e-7
0.05948875521276744	8.520071108905923e-7
0.06048619898883127	8.529253828631912e-7
0.061488629983775384	8.538500084143631e-7
0.06249607313369419	8.547810419655253e-7
0.06350855349936275	8.557185385304728e-7
0.06452609626685958	8.566625537234126e-7
0.06554872674819387	8.576131437671432e-7
0.06657647038193484	8.585703655013573e-7
0.06760935273384447	8.595342763910796e-7
0.06864739949751365	8.605049345352594e-7
0.0696906364950013	8.61482398675439e-7
0.07073908967747639	8.624667282046946e-7
0.07179278512586384	8.634579831765443e-7
0.07285174905149322	8.64456224314201e-7
0.0739160077967507	8.654615130198517e-7
0.07498558783573436	8.664739113840721e-7
0.07606051577491299	8.674934821955381e-7
0.07714081835378758	8.685202889507354e-7
0.07822652244555647	8.695543958639684e-7
0.07931765505778425	8.705958678774475e-7
0.0804142433330731	8.716447706715626e-7
0.08151631454973848	8.727011706754122e-7
0.08262389612248718	8.737651350773535e-7
0.0837370156030995	8.748367318359192e-7
0.0848557006811149	8.759160296907666e-7
0.0859799791845205	8.770030981738741e-7
0.08710987908044313	8.780980076209679e-7
0.08824542847584534	8.792008291831071e-7
0.08938665561822454	8.803116348384235e-7
0.09053358889631567	8.814304974041665e-7
0.09168625684079722	8.825574905488823e-7
0.09284468812500112	8.8369268880481e-7
0.09400891156562617	8.848361675805599e-7
0.0951789561234543	8.859880031739117e-7
0.09635485090407148	8.871482727849414e-7
0.09753662515859184	8.883170545292769e-7
0.0987243082843847	8.894944274517138e-7
0.09991792982580656	8.906804715399422e-7
0.10111751947493569	8.91875267738583e-7
0.10232310707231031	8.93078897963515e-7
0.1035347226076718	8.942914451163634e-7
0.10475239622071016	8.955129930993234e-7
0.10597615820181366	8.967436268302043e-7
0.10720603899282274	8.97983432257808e-7
0.10844206918778684	8.992324963774861e-7
0.10968427953372567	9.004909072470883e-7
0.1109327009313943	9.01758754003121e-7
0.11218736443605135	9.030361268772558e-7
0.11344830125823162	9.043231172130994e-7
0.11471554276452282	9.056198174832796e-7
0.11598912047834534	9.069263213068845e-7
0.11726906608073695	9.082427234671694e-7
0.11855541141114062	9.095691199296525e-7
0.11984818846819621	9.109056078604437e-7
0.12114742941053713	9.122522856450761e-7
0.12245316655758978	9.136092529075303e-7
0.1237654323903777	9.149766105297304e-7
0.12508425955232963	9.163544606713133e-7
0.12640968085009122	9.177429067898581e-7
0.1277417292543416	9.191420536614715e-7
0.1290804379006133	9.205520074016937e-7
0.13042584009011637	9.219728754869223e-7
0.1317779692905669	9.234047667761848e-7
0.13313685913701961	9.248477915332848e-7
0.13450254343270476	9.263020614494702e-7
0.13587505614986833	9.27767689666454e-7
0.13725443143061763	9.2924479079995e-7
0.13864070358777073	9.307334809636131e-7
0.14003390710570945	9.322338777934498e-7
0.14143407664123803	9.337461004727842e-7
0.1428412470244442	9.352702697575618e-7
0.1442554532595664	9.368065080023394e-7
0.14567673052586416	9.383549391866138e-7
0.1471051141784935	9.399156889417809e-7
0.14854063974938603	9.414888845786244e-7
0.149983342948133	9.43074655115259e-7
0.15143325966287374	9.446731313057775e-7
0.15289042596118813	9.462844456693444e-7
0.15435487809099402	9.479087325199402e-7
0.15582665248144906	9.495461279967132e-7
0.1573057857438562	9.511967700948814e-7
0.15879231467257537	9.528607986973828e-7
0.16028627624593816	9.545383556070054e-7
0.16178770762716785	9.562295845793678e-7
0.16329664616530362	9.579346313563672e-7
0.16481312939613008	9.596536437005208e-7
0.1663371950431107	9.613867714298756e-7
0.16786888101832628	9.631341664536696e-7
0.1694082254234178	9.648959828088346e-7
0.1709552665505349	9.666723766970824e-7
0.17251004288328747	9.684635065229555e-7
0.17407259309770393	9.702695329325446e-7
0.17564295606319252	9.720906188530694e-7
0.17722117084350858	9.739269295333238e-7
0.17880727669772617	9.757786325849159e-7
0.18040131308121476	9.776458980244985e-7
0.18200331964662084	9.795288983167422e-7
0.18361333624485401	9.814278084184022e-7
0.18523140292607826	9.833428058232029e-7
0.18685755994070874	9.852740706077718e-7
0.1884918477404122	9.87221785478526e-7
0.19013430697911424	9.891861358196253e-7
0.1917849785140098	9.911673097419065e-7
0.19344390340657974	9.931654981329902e-7
0.19511112292361268	9.951808947083675e-7
0.1967866785382308	9.97213696063718e-7
0.19847061193092203	9.992641017283687e-7
0.20016296499057665	1.0013323142198916e-6
0.20186377981552947	1.0034185390999514e-6
0.2035730987146071	1.0055229850314647e-6
0.20529096420818022	1.0076458638369146e-6
0.20701741902922113	1.009787390558148e-6
0.20875250612436722	1.0119477835173563e-6
0.210496268654989	1.0141272643795677e-6
0.21224874999826396	1.0163260582165596e-6
0.21400999374825516	1.0185443935721556e-6
0.21578004371699644	1.020782502529065e-6
0.21755894393558148	1.023040620777346e-6
0.2193467386552594	1.0253189876843451e-6
0.22114347234853576	1.0276178463662726e-6
0.22294918971027836	1.0299374437615987e-6
0.2247639356588297	1.0322780307059223e-6
0.2265877553371239	1.0346398620088233e-6
0.2284206941138094	1.0370231965324642e-6
0.23026279758437848	1.0394282972719766e-6
0.23211411157230027	1.0418554314378817e-6
0.23397468213016168	1.0443048705404246e-6
0.23584455554081238	1.046776890475892e-6
0.23772377831851643	1.0492717716151478e-6
0.23961239721010893	1.05178979889412e-6
0.24151045919615952	1.0543312619066806e-6
0.24341801149214037	1.0568964549996662e-6
0.24533510154960114	1.0594856773702214e-6
0.24726177705734917	1.0620992331656308e-6
0.24919808594263576	1.064737431585541e-6
0.251144076372349	1.0674005869867542e-6
0.2530997967542107	1.070089018990563e-6
0.2550652957379817	1.072803052592885e-6
0.2570406222166717	1.0755430182770703e-6
0.2590258253277551	1.0783092521295573e-6
0.26102095445439405	1.0811020959584754e-6
0.2630260592266659	1.0839218974153414e-6
0.2650411895227993	1.0867690101196152e-6
0.2670663954704134	1.0896437937867878e-6
0.26910172744776534	1.0925466143595075e-6
0.27114723608500396	1.0954778441421417e-6
0.27320297226542917	1.0984378619389245e-6
0.27526898712675635	1.1014270531956504e-6
0.27734533206239	1.1044458101449933e-6
0.2794320587227019	1.1074945319557578e-6
0.2815292190163153	1.110573624886069e-6
0.2836368651113967	1.1136835024404928e-6
0.28575504943695385	1.1168245855315227e-6
0.28788382468413853	1.119997302645202e-6
0.29002324380755934	1.1232020900113185e-6
0.29217336002659705	1.1264393917781196e-6
0.29433422682673016	1.1297096601918477e-6
0.29650589796086374	1.1330133557809752e-6
0.29868842745066804	1.1363509475457127e-6
0.30088186958792124	1.1397229131524982e-6
0.3030862789358609	1.1431297391340062e-6
0.30530171033054027	1.1465719210945978e-6
0.307528218882193	1.150049963921487e-6
0.30976585997660405	1.1535643820018766e-6
0.312014689276487	1.15711569944614e-6
0.31427476272286925	1.1607044503172066e-6
0.3165461365364837	1.1643311788666365e-6
0.3188288672191662	1.167996439777219e-6
0.32112301155526213	1.1717007984125725e-6
0.32342862661303834	1.175444831073969e-6
0.3257457697461036	1.1792291252644297e-6
0.32807449859483384	1.183054279960573e-6
0.3304148710878078	1.186920905892378e-6
0.33276694544324686	1.1908296258310159e-6
0.33513078017046305	1.1947810748852597e-6
0.33750643407131514	1.19877590080653e-6
0.3398939662416715	1.2028147643031098e-6
0.3422934360728799	1.2068983393635938e-6
0.34470490325324404	1.2110273135900616e-6
0.3471284277695101	1.215202388541323e-6
0.34956406990835764	1.2194242800864593e-6
0.3520118902578995	1.223693718769122e-6
0.354471949709189	1.2280114501829659e-6
0.3569443094577349	1.2323782353585437e-6
0.3594290310050235	1.236794851162188e-6
0.3619261761600484	1.241262090707206e-6
0.3644358070408486	1.2457807637778318e-6
0.36695798607605284	1.250351697266474e-6
0.36949277600643327	1.2549757356246917e-6
0.37204023988646523	1.2596537413284379e-6
0.3746004410858973	1.2643865953580602e-6
0.3771734432913268	1.2691751976935048e-6
0.3797593105077832	1.2740204678255505e-6
0.3823581070603219	1.278923345283522e-6
0.38496989759562367	1.2838847901799087e-6
0.3875947470836016	1.2889057837728324e-6
0.3902327208190196	1.293987329047045e-6
0.3928838844231145	1.2991304513138136e-6
0.39554830384522993	1.304336198830716e-6
0.3982260453644561	1.309605643442184e-6
0.4009171755912785	1.3149398812412232e-6
0.40362176146923495	1.3203400332534949e-6
0.40633987027658097	1.3258072461444656e-6
0.4090715696279639	1.3313426929506034e-6
0.4118169274761037	1.3369475738354243e-6
0.4145760121134843	1.3426231168716357e-6
0.4173488921740515	1.3483705788501624e-6
0.4201356366349219	1.3541912461171225e-6
0.42293631481809635	1.3600864354403408e-6
0.4257509963921868	1.366057494905789e-6
0.42857975137414767	1.3721058048460983e-6
0.43142265013101855	1.378232778801459e-6
0.43427976338167373	1.3844398645153963e-6
0.43715116219858224	1.3907285449655605e-6
0.44003691800957523	1.3971003394322767e-6
0.44293710259962304	1.4035568046053308e-6
0.4458517881126211	1.4100995357313606e-6
0.44878104705318417	1.4167301678032451e-6
0.45172495228844983	1.4234503767932025e-6
0.45468357704989204	1.4302618809316804e-6
0.4576569949351413	1.4371664420339226e-6
0.46064527990981685	1.4441658668760709e-6
0.4636485063093658	1.4512620086233805e-6
0.4666667488409128	1.4584567683122381e-6
0.4697000825851173	1.46575209638899e-6
0.4727485829980427	1.473149994307435e-6
0.47581232591303285	1.4806525161881603e-6
0.478891387542598	1.4882617705420929e-6
0.48198584448031084	1.4959799220611327e-6
0.4850957737027124	1.5038091934792882e-6
0.48822125257122595	1.5117518675069529e-6
0.49136235883408197	1.5198102888421169e-6
0.4945191706282523	1.5279868662617518e-6
0.4976917664813935	1.5362840747971942e-6
0.5008802253138004	1.5447044579973118e-6
0.5040846264403696	1.5532506302837553e-6
0.5073050495725715	1.5619252794022798e-6
0.5105415748204343	1.570731168975027e-6
0.5137942826945365	1.5796711411582024e-6
0.517063254108009	1.588748119410554e-6
0.5203485703785492	1.5979651113776216e-6
0.5236503132304419	1.6073252118974618e-6
0.5269685647965939	1.6168316061340351e-6
0.5303034076205766	1.6264875728438545e-6
0.5336549246586795	1.6362964877833009e-6
0.5370231992819728	1.6462618272625863e-6
0.5404083152783826	1.6563871718547036e-6
0.5438103568547747	1.666676210266218e-6
0.5472294086390483	1.677132743378597e-6
0.5506655556822436	1.687760688468622e-6
0.5541188834606549	1.6985640836168968e-6
0.5575894778779582	1.7095470923141817e-6
0.5610774252673477	1.7207140082758207e-6
0.5645828123936844	1.732069260474987e-6
0.5681057264556525	1.743617418406317e-6
0.5716462550879309	1.7553631975918757e-6
0.5752044863633705	1.767311465342505e-6
0.5787805087951873	1.7794672467879444e-6
0.5823744113391631	1.7918357311904349e-6
0.5859862833958588	1.8044222785567587e-6
0.5896162148128381	1.8172324265652925e-6
0.5932642958869024	1.8302718978252848e-6
0.5969306173663369	1.8435466074863161e-6
0.6006152704531684	1.8570626712180205e-6
0.6043183468054344	1.870826413580494e-6
0.6080399385394615	1.8848443768074398e-6
0.6117801382321587	1.8991233300257715e-6
0.6155390389233192	1.9136702789368802e-6
0.6193167341179359	1.928492475986003e-6
0.6231133177885255	1.943597431049059e-6
0.6269288843774683	1.9589929226670848e-6
0.6307635287993556	1.9746870098614208e-6
0.6346173464433522	1.9906880445651837e-6
0.6384904331755688	2.0070046847087295e-6
0.6423828853414466	2.0236459079999997e-6
0.6462947997681537	2.0406210264440585e-6
0.6502262737669944	2.057939701648982e-6
0.6541774051358293	2.0756119609699606e-6
0.6581482921615082	2.0936482145468444e-6
0.6621390336223156	2.1120592732962087e-6
0.6661497287904271	2.130856367922829e-6
0.6701804774343789	2.150051169023244e-6
0.6742313798215507	2.1696558083585045e-6
0.6783025367206585	2.1896829013829344e-6
0.682394049404262	2.2101455711216416e-6
0.6865060196512833	2.231057473500853e-6
0.6906385497495399	2.2524328242448686e-6
0.6947917424982876	2.2742864274648144e-6
0.6989657012107791	2.2966337060795663e-6
0.7031605297168331	2.3194907342230005e-6
0.7073763323654171	2.342874271811183e-6
0.7116132140272443	2.366801801461181e-6
0.7158712800973803	2.3912915679796684e-6
0.7201506364978669	2.416362620662757e-6
0.724451389680356	2.4420348586828798e-6
0.7287736466287575	2.468329079871635e-6
0.7331175148619014	2.4952670332512408e-6
0.737483102436211	2.522871475714053e-6
0.7418705179483918	2.5511662333066925e-6
0.7462798705381338	2.580176267639828e-6
0.7507112698908246	2.6099277480219526e-6
0.7551648262402787	2.6404481300028707e-6
0.7596406503714802	2.6717662411173647e-6
0.7641388536233378	2.7039123747395265e-6
0.7686595478914543	2.7369183930992017e-6
0.7732028456309116	2.7708178406752324e-6
0.777768859859066	2.8056460693710877e-6
0.7823577041583611	2.841440377099236e-6
0.7869694926791531	2.878240161655047e-6
0.7916043401425489	2.9160870920585796e-6
0.7962623618432616	2.9550252998798797e-6
0.8009436736524779	2.995101593455605e-6
0.8056483920207402	3.0363656983487693e-6
0.8103766339808439	3.078870527912369e-6
0.8151285171507483	3.122672488391474e-6
0.8199041597365018	3.1678318236475888e-6
0.8247036805351844	3.2144130053173305e-6
0.8295271989378604	3.2624851750315365e-6
0.8343748349325497	3.312122646226573e-6
0.8392467091072124	3.3634054740838783e-6
0.8441429426527486	3.4164201032442803e-6
0.8490636573660123	3.471260104167931e-6
0.8540089756528424	3.52802701036594e-6
0.8589790205311068	3.5868312702243535e-6
0.8639739156337622	3.647793328808993e-6
0.868973915633762	3.7107904426478514e-6
0.8739739156337618	3.775872020181163e-6
0.8789739156337616	3.843158820268652e-6
0.8839739156337615	3.9127827379258074e-6
0.8889739156337613	3.984888037767835e-6
0.893973915633761	4.059632717096805e-6
0.8989739156337608	4.137190011674909e-6
0.9039739156337606	4.217750058888998e-6
0.9089739156337604	4.30152173532537e-6
0.9139739156337602	4.38873468859331e-6
0.91897391563376	4.479641586617662e-6
0.9239739156337599	4.5745206116382295e-6
0.9289739156337596	4.6736782308635304e-6
0.9339739156337594	4.777452281208115e-6
0.9389739156337592	4.8862154118793075e-6
0.943973915633759	5.0003789358708125e-6
0.9489739156337588	5.120397149809996e-6
0.9539739156337586	5.246772191250924e-6
0.9589739156337583	5.380059513631366e-6
0.9639739156337582	5.520874071982117e-6
0.968973915633758	5.6698973274256746e-6
0.9739739156337578	5.827885195933211e-6
0.9789739156337576	5.995677087210232e-6
0.9839739156337574	6.174206203539873e-6
0.9889739156337571	6.364511296612258e-6
0.9939739156337569	6.567750113647324e-6
0.9989739156337567	6.785214803425864e-6
1.0039739156337566	7.018349599345095e-6
1.0089739156337563	7.268771151647385e-6
1.0139739156337562	7.538291946131439e-6
1.0189739156337558	7.828947323820676e-6
1.0239739156337557	8.143026707444395e-6
1.0289739156337556	8.483109748793461e-6
1.0339739156337553	8.852108239106477e-6
1.0389739156337552	9.253314776236228e-6
1.0439739156337549	9.690459361631575e-6
1.0489739156337547	1.0167775312063876e-5
1.0539739156337544	1.0690076121174745e-5
1.0589739156337543	1.1262845200801377e-5
1.0639739156337542	1.1892340779026948e-5
1.0689739156337539	1.2585718639214882e-5
1.0739739156337538	1.335117586104788e-5
1.0789739156337534	1.4198119280572871e-5
1.0839739156337533	1.5137363031797844e-5
1.088973915633753	1.618136027771986e-5
1.093973915633753	1.73444750934561e-5
1.0989739156337526	1.864330143604271e-5
1.1039739156337525	2.0097037228604518e-5
1.1089739156337524	2.1727922798879273e-5
1.113973915633752	2.3561754231561392e-5
1.118973915633752	2.562848359351542e-5
1.1239739156337516	2.7962919421227948e-5
1.1289739156337515	3.0605542239358946e-5
1.1339739156337512	3.3603451081128894e-5
1.138973915633751	3.701145781699558e-5
1.143973915633751	4.089334629596268e-5
1.1489739156337506	4.532331248483595e-5
1.1539739156337505	5.038759944046437e-5
1.1589739156337502	5.6186336392672676e-5
1.16397391563375	6.283558359477612e-5
1.1689739156337497	7.046957287820508e-5
1.1739739156337496	7.924311685197142e-5
1.1789739156337493	8.933413620852918e-5
1.1839739156337492	0.0001009462236118821
1.187980436725312	0.00011150377298807335
1.1919869578168745	0.00012331957429450026
1.1959934789084372	0.00013653984193309044
1.2	0.00015132451662517798
