1.1993	352.85064369665656
1.1985965	347.80669876728564
1.1978894825	342.80097725140456
1.1971789299125	337.83430801556483
1.1964648245620626	332.90695786316996
1.1957471486848728	328.0191778879228
1.195025884428297	323.1712117518911
1.1943010138504386	318.3632956583573
1.1935725189196909	313.59565819366946
1.1928403815142892	308.86852017079013
1.1921045834218607	304.18209447698626
1.1913651063389699	299.53658592594195
1.1906219318706648	294.93219111464106
1.189875041530018	290.36909828524466
1.1891244167376682	285.84748719214144
1.1883700388213565	281.3675289745635
1.1876118890154634	276.92938603482486
1.1868499484605408	272.5332119225468
1.1860841982028434	268.1791512249551
1.1853146191938577	263.8673394635256
1.184541192289827	259.5979029971151
1.1837638982512761	255.37095893180637
1.1829827177425325	251.1866150375457
1.182197631331245	247.04496967177198
1.1814086194879014	242.94611171020057
1.180615662585341	238.89012048480274
1.1798187408982677	234.87706572914053
1.1790178346027589	230.90700753113916
1.1782129237757728	226.9799962934234
1.1774039883946517	223.09607270112966
1.1765910083366249	219.2552676974652
1.175773963378308	215.45760246686663
1.1749528331951995	211.70308842586653
1.1741275973611756	207.99172722167114
1.1732982353479815	204.3235107383987
1.1724647265247214	200.6984211110187
1.1716270501573451	197.11643074691526
1.170785185408132	193.5775023550086
1.1699391113351725	190.08158898243815
1.1690888068918484	186.62863405867753
1.1682342509263077	183.21857144701286
1.1673754221809391	179.85132550324624
1.1665122992918437	176.52681114160487
1.165644860788303	173.24493390761953
1.1647730850922446	170.0055900579103
1.163896950517706	166.80866664672274
1.1630164352702943	163.65404161902276
1.1621315174466458	160.54158391002537
1.161242175033879	157.4711535509727
1.1603483859090487	154.4426017809812
1.1594501278385938	151.45577116472052
1.1585473784777867	148.5104957158368
1.1576401153701756	145.606601025794
1.1567283159470265	142.7439043980091
1.1558119575267616	139.9222149870327
1.1548910173143956	137.14133394255066
1.1539654724009676	134.40105455802788
1.1530352997629725	131.7011624237043
1.1521004762617872	129.04143558377595
1.151160978643096	126.4216446974882
1.1502167835363117	123.84155320393708
1.1492678674539931	121.30091749033731
1.148314206791263	118.79948706351784
1.1473557778252195	116.33700472442226
1.1463925567143454	113.9132067453846
1.1454245194979171	111.52782304994743
1.144451642095407	109.1805773949864
1.143473900305884	106.87118755492465
1.1424912698074134	104.5993655078168
1.1415037261564505	102.3648176230811
1.1405112447872328	100.16724485063632
1.139513801011169	98.00634291128215
1.1385113700162248	95.88180248805172
1.1375039268663059	93.79330941839916
1.1364914465006375	91.7405448869545
1.1354739037331405	89.72318561869359
1.1344512732518064	87.74090407232266
1.1334235296180653	85.79336863367898
1.1323906472661558	83.88024380898139
1.1313526005024865	82.00119041774548
1.130309363504999	80.15586578520625
1.129260910322524	78.34392393405906
1.1282072148741367	76.56501577539518
1.1271482509485073	74.8187892986349
1.12608399220325	73.10488976035849
1.1250144121642662	71.42295987185852
1.1239394842250876	69.77263998527845
1.122859181646213	68.15356827823507
1.1217734775544441	66.56538093676366
1.1206823449422163	65.00771233648987
1.1195857566669274	63.480195221900956
1.118483685450262	61.98246088362584
1.1173761038775132	60.514139333585206
1.1162629843969007	59.074859477959755
1.1151442993188851	57.66424928783418
1.1140200208154796	56.281935967470226
1.112890120919557	54.92754612010211
1.1117545715241548	53.60070591116918
1.1106133443817756	52.301041228940406
1.1094664111036845	51.02817784243134
1.108313743159203	49.781741556558565
1.1071553118749988	48.561358364482565
1.105991088434374	47.36665459705413
1.1048210438765458	46.19725706934785
1.1036451490959287	45.052793224193564
1.1024633748414083	43.93289127270124
1.1012756917156152	42.83718033170116
1.1000820701741933	41.76529055808679
1.0988824805250643	40.71685328001871
1.0976768929276897	39.69150112494854
1.0964652773923282	38.68886814445566
1.09524760377929	37.708589935854654
1.0940238417981865	36.750303760557394
1.0927939610071773	35.81364865917865
1.0915579308122132	34.898265563361825
1.0903157204662743	34.00379740431548
1.0890672990686057	33.1298892180489
1.0878126355639488	32.276188247310905
1.0865516987417685	31.442344040209548
1.0852844572354774	30.628008545530307
1.0840108795216548	29.832836204739944
1.082730933919263	29.056484040690425
1.0814445885888593	28.298611743019922
1.0801518115318036	27.558881750270825
1.0788525705894627	26.836959328720756
1.0775468334424099	26.13251264795528
1.076234567609622	25.44521285319201
1.0749157404476701	24.774734134367502
1.0735903191499085	24.12075379201822
1.072258270745658	23.482952299969984
1.0709195620993865	22.86101336486303
1.0695741599098834	22.25462398253987
1.0682220307094328	21.663474491317235
1.0668631408629798	21.087258622185992
1.0654974565672948	20.525673545953094
1.0641249438501312	19.978419917375128
1.0627455685693818	19.445201916309365
1.061359296412229	18.92572728592304
1.05996609289429	18.419707367997916
1.0585659233587614	17.926857135373716
1.0571587529755553	17.446895221567715
1.055744546740433	16.979543947617106
1.0543232694741351	16.524529346188217
1.0528948858215057	16.081581182997752
1.0514593602506135	15.650432975596056
1.0500166570518665	15.2308220095557
1.048566740337126	14.822489352122517
1.0471095740388114	14.42517986337415
1.0456451219090057	14.038642204939661
1.0441733475185506	13.66262884633546
1.0426942142561435	13.29689606896825
1.0412076853274241	12.941203967860988
1.0397137237540612	12.595316451157759
1.0382122923728316	12.259001237463687
1.0367033538346957	11.932029851075093
1.0351868706038692	11.6141776151592
1.0336628049568886	11.305223642941709
1.032131118981673	11.004950826957124
1.0305917745765814	10.71314582642508
1.0290447334494643	10.42959905280723
1.0274899571167115	10.154104653608062
1.0259274069022952	9.886460494475886
1.0243570439368066	9.626468139664121
1.0227788291564908	9.373932830914189
1.021192723302273	9.128663464816174
1.0195986869187845	8.89047256871046
1.0179966803533784	8.659176275185947
1.0163866637551453	8.434594295235694
1.014768597073921	8.216549890128347
1.0131424400592908	8.004869842054477
1.0115081522595872	7.799384423602725
1.0098656930208854	7.599927366127454
1.0082150214859897	7.40633582706085
1.0065560965934197	7.218450356229101
1.0048888770763869	7.036114861225754
1.0032133214617687	6.859176571898532
1.0015293880690777	6.687486004004247
0.999837035009423	6.520896922084472
0.9981362201844701	6.359266301614659
0.9964269012853926	6.202454290479695
0.9947090357918196	6.050324169825694
0.9929825809707786	5.902742314338048
0.9912474938756325	5.7595781519956315
0.9895037313450108	5.620704123348353
0.9877512500017358	5.485995640365019
0.9859900062517445	5.35533104489769
0.9842199562830032	5.2285915668072125
0.9824410560644183	5.105661281792858
0.9806532613447403	4.986427068969323
0.978856527651464	4.870778568231665
0.9770508102897215	4.758608137447744
0.9752360643411702	4.649810809518009
0.9734122446628759	4.5442842493387285
0.9715793058861903	4.44192871070524
0.9697372024156213	4.342646993190254
0.9678858884276995	4.246344399029784
0.9660253178698379	4.152928690049833
0.9641554444591871	4.062310044663518
0.9622762216814831	3.974401014968435
0.9603876027898905	3.8891164839723307
0.9584895408038401	3.8063736229730907
0.9565819885078594	3.7260918491188955
0.9546648984503987	3.6481927831717087
0.9527382229426506	3.5726002074971848
0.950801914057364	3.499240024301035
0.9488559236276508	3.4280402141329227
0.9469002032457892	3.3589307946748037
0.9449347042620182	3.2918437798319484
0.9429593777833283	3.2267131391415393
0.940974174672245	3.1634747575138245
0.9389790455456062	3.1020663953186536
0.9369739407733343	3.0424276488297353
0.934958810477201	2.9844999110373993
0.932933604529587	2.9282263328392197
0.930898272552235	2.8735517846177734
0.9288527639149962	2.820422818212517
0.9267970277345712	2.768787629292911
0.924731012873244	2.7185960201381865
0.9226546679376103	2.6697993628288823
0.9205679412772985	2.622350562853963
0.918470780983685	2.5762040231374064
0.9163631348886034	2.5313156084862247
0.9142449505630464	2.487642610463009
0.9121161753158618	2.445143712683892
0.909976756192441	2.403778956543558
0.9078266399734032	2.363509707368336
0.9056657731732702	2.3242986209975918
0.9034941020391367	2.286109610794355
0.9013115725493324	2.248907815085219
0.899118130412079	2.2126595650298526
0.8969137210641396	2.177332352920464
0.8946982896694602	2.1428948009116033
0.8924717811178076	2.1093166301807558
0.8902341400233966	2.076568630520515
0.8879853107235137	2.044622630363102
0.8857252372771314	2.0134514672385877
0.8834538634635171	1.9830289586683711
0.8811711327808347	1.9533298734954083
0.8788769884447389	1.9243299036536519
0.8765713733869627	1.8960056363791118
0.8742542302538975	1.8683345268653628
0.871925501405167	1.8412948713666466
0.8695851289121928	1.8148657807520259
0.8672330545567538	1.7890271545145129
0.8648692198295376	1.7637596552389876
0.8624935659286854	1.7390446835333186
0.8601060337583288	1.714864353426936
0.8577065639271205	1.691201468241567
0.8552950967467561	1.668039496938495
0.8528715722304898	1.6453625509470888
0.8504359300916424	1.6231553614790952
0.8479881097421007	1.6014032573330175
0.8455280502908111	1.5800921431927892
0.8430556905422653	1.5592084784247666
0.8405709689949765	1.5387392563767368
0.8380738238399514	1.518671984181738
0.8355641929591513	1.498994663070208
0.833042013923947	1.4796957691922212
0.8305072239935668	1.4607642349517624
0.8279597601135347	1.4421894308542016
0.8253995589141023	1.4239611478677154
0.8228265567086728	1.406069580298205
0.8202406894922163	1.3885053091771262
0.8176418929396774	1.3712592861609247
0.8150301024043758	1.3543228179392777
0.8124052529163976	1.3376875511499635
0.8097672791809798	1.321345457795982
0.8071161155768848	1.305288821161042
0.8044516961547693	1.2895102222180075
0.8017739546355431	1.2740025265245964
0.7990828244087209	1.2587588715999698
0.7963782385307645	1.2437726547748864
0.7936601297234185	1.2290375215078766
0.7909284303720356	1.2145473541590213
0.7881830725238959	1.200296261212618
0.7854239878865152	1.1862785669392057
0.7826511078259479	1.1724888014874664
0.7798643633650778	1.1589216913954181
0.7770636851819032	1.1455721505107304
0.7742490036078127	1.1324352713090169
0.7714202486258519	1.1195063165990942
0.7685773498689812	1.1067807116038926
0.7657202366183261	1.094254036405268
0.7628488378014178	1.0819220187414111
0.759963081990425	1.0697805271447165
0.7570628974003771	1.0578255644086407
0.754148211887379	1.0460532613715203
0.7512189529468161	1.034459871005779
0.7482750477115501	1.0230417628006157
0.7453164229501079	1.0117954174268144
0.7423430050648585	1.0007174216719839
0.7393547200901829	0.989804463635106
0.7363514936906338	0.9790533281692145
0.7333332511590871	0.9684608925612157
0.7302999174148825	0.9580241224383436
0.727251417001957	0.947740067890699
0.7241876740869668	0.9376058597996919
0.7211086124574018	0.9276187063626598
0.7180141555196888	0.9177758898038619
0.7149042262972873	0.9080747632627363
0.7117787474287738	0.8985127478503132
0.7086376411659178	0.889087329865114
0.7054808293717474	0.8797960581602948
0.7023082335186062	0.8706365416537523
0.6991197746861993	0.8616064469737472
0.6959153735596304	0.8527034962323776
0.6926949504274287	0.8439254649199474
0.6894584251795659	0.8352701799134271
0.6862057173054639	0.8267355175924614
0.6829367458919912	0.8183194020567753
0.6796514296214512	0.8100198034391113
0.6763496867695585	0.8018347363080742
0.6730314352034062	0.793762258155566
0.6696965923794234	0.7858004679637063
0.6663450753413205	0.7779475048466098
0.6629768007180271	0.7702015467623569
0.6595916847216173	0.762560809290855
0.6561896431452254	0.7550235444736911
0.6527705913609516	0.7475880397120303
0.6493344443177563	0.7402526167190464
0.6458811165393451	0.7330156305234234
0.642410522122042	0.7258754685208383
0.6389225747326522	0.7188305495703268
0.6354171876063156	0.7118793231328405
0.6318942735443472	0.7050202684492376
0.6283537449120691	0.6982518937553381
0.6247955136366294	0.6915727355316678
0.6212194912048127	0.684981357785768
0.6176255886608368	0.6784763513649777
0.6140137166041412	0.67205633329792
0.6103837851871621	0.6657199461627622
0.606735704113098	0.6594658574807513
0.6030693826336635	0.6532927591333905
0.5993847295468318	0.6471993668018616
0.595681653194566	0.6411844194273469
0.5919600614605388	0.6352466786910058
0.5882198617678417	0.6293849285124483
0.584460961076681	0.6235979745656396
0.5806832658820645	0.6178846438112116
0.5768866822114749	0.6122437840442463
0.5730711156225323	0.6066742634567165
0.569236471200645	0.601174970213666
0.5653826535566484	0.5957448120425374
0.5615095668244319	0.5903827158347952
0.557617114658554	0.585087627259282
0.5537052002318468	0.5798585103867229
0.5497737262330062	0.5746943473247288
0.5458225948641713	0.5695941378629
0.5418517078384922	0.5645568991274178
0.5378609663776848	0.559581665244774
0.5338502712095733	0.5546674870141871
0.5298195225656213	0.5498134315882923
0.5257686201784495	0.5450185821617697
0.5216974632793419	0.5402820376675681
0.5176059505957387	0.5356029124803998
0.5134939803487175	0.5309803361272232
0.5093614502504612	0.5264134530044132
0.5052082575017136	0.5219014221014141
0.5010342987892222	0.5174434167305597
0.4968394702831683	0.5130386242629249
0.4926236676345843	0.5086862458698875
0.4883867859727574	0.5043854962703297
0.4841287199026212	0.5001356034831597
0.47984936350213436	0.4959358085851154
0.475548610319645	0.49178536547353835
0.4712263533712433	0.4876835406341008
0.4668824851380995	0.48362961291324275
0.4625168975637901	0.4796228732952119
0.4581294820516092	0.4756626246835831
0.45372012946186746	0.4717481816871297
0.4492887301091769	0.46787887040990445
0.4448351737597228	0.46405402824545317
0.4403593496285215	0.46027300367502727
0.4358611463766642	0.45653515606968775
0.43134045210854755	0.4528398554962384
0.4267971543690905	0.4491864825268589
0.422231140140936	0.4455744280523632
0.4176422958416407	0.442003093098981
0.413030507320849	0.4384718886486267
0.4083956598574532	0.434980235462509
0.4037376381567406	0.4315275639080536
0.3990563263475244	0.4281133137890618
0.39435160797926205	0.4247369341790021
0.38962336601915837	0.42139788325740807
0.3848714828492543	0.4180956281492727
0.3800958402635005	0.41482964476743844
0.3752963194648181	0.4115994176578346
0.3704728010621424	0.4084044398475853
0.36562516506745313	0.4052442126958798
0.3607532908927905	0.40211824574756333
0.3558570573472546	0.39902605658939144
0.350936342633991	0.39596717070891807
0.345991024347161	0.39294112135590864
0.341020979468897	0.3899474494062983
0.3360260843662414	0.3869857032285924
0.33102608436624137	0.3840669464881387
0.32602608436624136	0.38119319160709153
0.32102608436624136	0.3783634302693608
0.31602608436624136	0.37557668308786174
0.31102608436624135	0.3728319986096907
0.30602608436624135	0.37012845235988373
0.30102608436624134	0.3674651459229776
0.2960260843662412	0.36484120606072695
0.2910260843662412	0.3622557838643457
0.2860260843662412	0.35970805393974103
0.2810260843662412	0.35719721362432455
0.2760260843662412	0.3547224822339829
0.2710260843662412	0.35228310033891475
0.2660260843662412	0.3498783290670894
0.2610260843662412	0.34750744943412365
0.2560260843662412	0.3451697616984463
0.2510260843662412	0.3428645847407074
0.24602608436624118	0.34059125546632657
0.24102608436624118	0.33834912823030006
0.23602608436624117	0.3361375742832455
0.23102608436624106	0.333955981237869
0.22602608436624105	0.33180375255494193
0.22102608436624105	0.32968030704801493
0.21602608436624104	0.327585078406113
0.21102608436624104	0.32551751473361573
0.20602608436624104	0.32347707810669185
0.20102608436624103	0.32146324414556005
0.19602608436624092	0.31947550160197274
0.19102608436624102	0.31751335196128594
0.1860260843662409	0.3155763090585394
0.181026084366241	0.3136638987080117
0.1760260843662409	0.31177565834566157
0.171026084366241	0.30991113668401415
0.1660260843662409	0.3080698933789382
0.161026084366241	0.3062514987078974
0.15602608436624088	0.3044555332592145
0.151026084366241	0.30268158763189534
0.14602608436624087	0.30092926214565885
0.14102608436624098	0.29919816656071285
0.13602608436624086	0.29748791980698475
0.13102608436624075	0.2957981497223504
0.12602608436624085	0.2941284927996185
0.12102608436624074	0.29247859394186837
0.11602608436624084	0.29084810622585267
0.11102608436624073	0.28923669067317154
0.10602608436624084	0.28764401602892264
0.10102608436624072	0.2860697585475275
0.09602608436624083	0.2845136017855177
0.09102608436624071	0.28297523640097727
0.08602608436624082	0.2814543599594218
0.0810260843662407	0.2799506767458793
0.07602608436624081	0.2784638975829386
0.0710260843662407	0.27699373965455404
0.06602608436624058	0.2755399263354166
0.061026084366240685	0.27410218702564365
0.05602608436624057	0.27268025699066245
0.051026084366240676	0.271273877206056
0.04602608436624056	0.2698827942072097
0.04102608436624067	0.2685067599435867
0.03602608436624055	0.2671455316374854
0.031026084366240658	0.26579887164710486
0.026026084366240543	0.26446654733376646
0.02102608436624065	0.263148330933168
0.016026084366240534	0.26184399943050635
0.012019563274680456	0.260808697251503
0.009014672456010286	0.2600379060409733
0.006009781637340117	0.259271943109682
0.0030048908186699474	0.25851076310444454
0.0	0.2577543213053485
