0.0006999999999999628	2.1320080370970286e-7
0.001403500000000035	2.1335699032479533e-7
0.0021105174999999296	2.135142000942502e-7
0.0028210700874998964	2.1367243543069693e-7
0.003535175437937438	2.1383170433296316e-7
0.004252851315127062	2.1399201495442198e-7
0.004974115571702636	2.141533755301551e-7
0.005698986149561044	2.1431579437695893e-7
0.006427481080308875	2.1447927989436007e-7
0.007159618485710418	2.1464384056565654e-7
0.007895416578138905	2.148094849589528e-7
0.008634893661029494	2.1497622172822984e-7
0.00937806812933463	2.1514405961442657e-7
0.010124958469981361	2.153130074465237e-7
0.010875583262331262	2.154830741426646e-7
0.01162996117864295	2.1565426871126135e-7
0.012388110984536127	2.15826600252151e-7
0.013150051539458866	2.1600007795775986e-7
0.013915801797156208	2.161747111142537e-7
0.014685380806142003	2.163505091027674e-7
0.015458807710172712	2.1652748140058042e-7
0.01623610174872358	2.1670563758237553e-7
0.017017282257467212	2.1688498732147701e-7
0.017802368668754516	2.1706554039110986e-7
0.01859138051209827	2.1724730666570997e-7
0.019384337414658823	2.1743029612220467e-7
0.020181259101732015	2.1761451884137133e-7
0.020982165397240727	2.1779998500915407e-7
0.02178707622422691	2.179867049180604e-7
0.02259601160534814	2.1817468896853846e-7
0.02340899166337483	2.183639476703885e-7
0.024226036621691812	2.1855449164420458e-7
0.02504716680480027	2.1874633162283175e-7
0.025872402638824326	2.18939478452842e-7
0.02670176465201842	2.191339430960444e-7
0.02753527347527842	2.193297366310079e-7
0.028372949842654864	2.1952687025461695e-7
0.0292148145918682	2.1972535528364845e-7
0.03006088866482743	2.1992520315637128e-7
0.03091119310815165	2.2012642543418345e-7
0.0317657490736924	2.203290338032528e-7
0.03262457781906081	2.2053304007621303e-7
0.03348770070815601	2.2073845619385764e-7
0.034355139211696875	2.2094529422688887e-7
0.035226914907755424	2.211535663776811e-7
0.03610304948229413	2.2136328498205836e-7
0.03698356472970569	2.2157446251113867e-7
0.03786848255335419	2.2178711157316925e-7
0.038757824966120964	2.2200124491542648e-7
0.03965161409095162	2.222168754261116e-7
0.04054987216140643	2.224340161363064e-7
0.04145262152221345	2.226526802219534e-7
0.04235988462982453	2.2287288100586486e-7
0.04327168405297366	2.2309463195976254e-7
0.0441880424732386	2.2331794670636463e-7
0.04510898268560485	2.2354283902148865e-7
0.046034527599032954	2.2376932283621051e-7
0.04696470023702812	2.2399741223904824e-7
0.04789952373821329	2.2422712147817702e-7
0.048839021356904266	2.2445846496369895e-7
0.04978321646368884	2.2469145726993508e-7
0.05073213254600732	2.2492611313776527e-7
0.05168579320873729	2.251624474770062e-7
0.052644222174780875	2.254004753688263e-7
0.05360744328565471	2.256402120682114e-7
0.054575480502083065	2.2588167300646402e-7
0.055548357904593434	2.261248737937492e-7
0.056526099694116344	2.2636983022168088e-7
0.0575087301925869	2.2661655826596182e-7
0.05849627384354973	2.268650740890667e-7
0.05948875521276744	2.2711539404295696e-7
0.06048619898883127	2.2736753467187067e-7
0.061488629983775384	2.276215127151388e-7
0.06249607313369419	2.2787734511006148e-7
0.06350855349936275	2.2813504899483439e-7
0.06452609626685958	2.2839464171151564e-7
0.06554872674819387	2.286561408090738e-7
0.06657647038193484	2.2891956404645104e-7
0.06760935273384447	2.2918492939572173e-7
0.06864739949751365	2.29452255045265e-7
0.0696906364950013	2.297215594030435e-7
0.07073908967747639	2.299928610998919e-7
0.07179278512586384	2.302661789928985e-7
0.07285174905149322	2.30541532168837e-7
0.0739160077967507	2.308189399476627e-7
0.07498558783573436	2.310984218860651e-7
0.07606051577491299	2.3137999778109976e-7
0.07714081835378758	2.3166368767387035e-7
0.07822652244555647	2.319495118532894e-7
0.07931765505778425	2.322374908599146e-7
0.0804142433330731	2.325276454898318e-7
0.08151631454973848	2.3281999679864246e-7
0.08262389612248718	2.3311456610549207e-7
0.0837370156030995	2.3341137499720843e-7
0.0848557006811149	2.3371044533248054e-7
0.0859799791845205	2.3401179924615103e-7
0.08710987908044313	2.3431545915356815e-7
0.08824542847584534	2.346214477550241e-7
0.08938665561822454	2.3492978804027922e-7
0.09053358889631567	2.3524050329317423e-7
0.09168625684079722	2.3555361709632962e-7
0.09284468812500112	2.3586915333592806e-7
0.09400891156562617	2.361871362066027e-7
0.0951789561234543	2.3650759021640097e-7
0.09635485090407148	2.3683054019187118e-7
0.09753662515859184	2.3715601128321346e-7
0.0987243082843847	2.3748402896955815e-7
0.09991792982580656	2.378146190643404e-7
0.10111751947493569	2.3814780772077004e-7
0.10232310707231031	2.3848362143741645e-7
0.1035347226076718	2.388220870639181e-7
0.10475239622071016	2.3916323180676463e-7
0.10597615820181366	2.395070832352428e-7
0.10720603899282274	2.3985366928745756e-7
0.10844206918778684	2.4020301827650934e-7
0.10968427953372567	2.405551588967672e-7
0.1109327009313943	2.4091012023027805e-7
0.11218736443605135	2.412679317533121e-7
0.11344830125823162	2.4162862334302755e-7
0.11471554276452282	2.419922252842815e-7
0.11598912047834534	2.423587682765726e-7
0.11726906608073695	2.427282834411268e-7
0.11855541141114062	2.431008023281277e-7
0.11984818846819621	2.4347635692410053e-7
0.12114742941053713	2.4385497965944115e-7
0.12245316655758978	2.442367034160983e-7
0.1237654323903777	2.4462156153542623e-7
0.12508425955232963	2.450095878262031e-7
0.12640968085009122	2.4540081657278603e-7
0.1277417292543416	2.457952825434794e-7
0.1290804379006133	2.4619302099904625e-7
0.13042584009011637	2.465940677014263e-7
0.1317779692905669	2.4699845892260665e-7
0.13313685913701961	2.474062314537059e-7
0.13450254343270476	2.478174226142463e-7
0.13587505614986833	2.482320702616207e-7
0.13725443143061763	2.4865021280075977e-7
0.13864070358777073	2.4907188919400275e-7
0.14003390710570945	2.494971389712126e-7
0.14143407664123803	2.49926002240069e-7
0.1428412470244442	2.503585196965988e-7
0.1442554532595664	2.5079473263595927e-7
0.14567673052586416	2.512346829634194e-7
0.1471051141784935	2.5167841320561344e-7
0.14854063974938603	2.5212596652202535e-7
0.149983342948133	2.525773867167304e-7
0.15143325966287374	2.5303271825040734e-7
0.15289042596118813	2.5349200625260434e-7
0.15435487809099402	2.5395529653428045e-7
0.15582665248144906	2.5442263560063906e-7
0.1573057857438562	2.5489407066424914e-7
0.15879231467257537	2.553696496584435e-7
0.16028627624593816	2.558494212510504e-7
0.16178770762716785	2.563334348584026e-7
0.16329664616530362	2.5682174065970945e-7
0.16481312939613008	2.573143896117221e-7
0.1663371950431107	2.578114334637406e-7
0.16786888101832628	2.583129247729984e-7
0.1694082254234178	2.5881891692035405e-7
0.1709552665505349	2.593294641264006e-7
0.17251004288328747	2.598446214679031e-7
0.17407259309770393	2.6036444489465257e-7
0.17564295606319252	2.608889912467101e-7
0.17722117084350858	2.6141831827203893e-7
0.17880727669772617	2.6195248464458995e-7
0.18040131308121476	2.6249154998277635e-7
0.18200331964662084	2.6303557486843635e-7
0.18361333624485401	2.6358462086619126e-7
0.18523140292607826	2.64138750543326e-7
0.18685755994070874	2.646980274901063e-7
0.1884918477404122	2.65262516340625e-7
0.19013430697911424	2.6583228279412495e-7
0.1917849785140098	2.664073936368501e-7
0.19344390340657974	2.669879167644512e-7
0.19511112292361268	2.675739212049162e-7
0.1967866785382308	2.6816547714208496e-7
0.19847061193092203	2.687626559397313e-7
0.20016296499057665	2.693655301662705e-7
0.20186377981552947	2.6997417362004413e-7
0.2035730987146071	2.705886613552847e-7
0.20529096420818022	2.7120906970870317e-7
0.20701741902922113	2.718354763267476e-7
0.20875250612436722	2.7246796019357817e-7
0.210496268654989	2.7310660165973326e-7
0.21224874999826396	2.737514824715427e-7
0.21400999374825516	2.7440268580126963e-7
0.21578004371699644	2.7506029627807874e-7
0.21755894393558148	2.757244000197557e-7
0.2193467386552594	2.763950846652735e-7
0.22114347234853576	2.7707243940823826e-7
0.22294918971027836	2.7775655503112816e-7
0.2247639356588297	2.7844752394053376e-7
0.2265877553371239	2.791454402032644e-7
0.2284206941138094	2.798503995834365e-7
0.23026279758437848	2.805624995805308e-7
0.23211411157230027	2.812818394684902e-7
0.23397468213016168	2.8200852033586794e-7
0.23584455554081238	2.8274264512703934e-7
0.23772377831851643	2.8348431868453427e-7
0.23961239721010893	2.8423364779254315e-7
0.24151045919615952	2.849907412215786e-7
0.24341801149214037	2.857557097744063e-7
0.24533510154960114	2.8652866633317e-7
0.24726177705734917	2.873097259079063e-7
0.24919808594263576	2.8809900568634686e-7
0.251144076372349	2.8889662508512457e-7
0.2530997967542107	2.8970270580242684e-7
0.2550652957379817	2.9051737187212686e-7
0.2570406222166717	2.9134074971942413e-7
0.2590258253277551	2.9217296821809846e-7
0.26102095445439405	2.9301415874936613e-7
0.2630260592266659	2.938644552624503e-7
0.2650411895227993	2.947239943368582e-7
0.2670663954704134	2.95592915246503e-7
0.26910172744776534	2.9647136002563023e-7
0.27114723608500396	2.973594735367266e-7
0.27320297226542917	2.9825740354037206e-7
0.27526898712675635	2.9916530076715504e-7
0.27734533206239	3.0008331899173724e-7
0.2794320587227019	3.010116151090924e-7
0.2815292190163153	3.019503492130152e-7
0.2836368651113967	3.028996846769953e-7
0.28575504943695385	3.038597882375184e-7
0.28788382468413853	3.0483083007988834e-7
0.29002324380755934	3.058129839266639e-7
0.29217336002659705	3.068064271287529e-7
0.29433422682673016	3.078113407593469e-7
0.29650589796086374	3.0882790971073394e-7
0.29868842745066804	3.098563227940757e-7
0.30088186958792124	3.108967728423413e-7
0.3030862789358609	3.119494568163976e-7
0.30530171033054027	3.130145759144767e-7
0.307528218882193	3.1409233568504216e-7
0.30976585997660405	3.151829461432944e-7
0.312014689276487	3.1628662189132775e-7
0.31427476272286925	3.1740358224216385e-7
0.3165461365364837	3.185340513477497e-7
0.3188288672191662	3.1967825833110295e-7
0.32112301155526213	3.208364374227513e-7
0.32342862661303834	3.22008828101582e-7
0.3257457697461036	3.2319567524038045e-7
0.32807449859483384	3.243972292560728e-7
0.3304148710878078	3.256137462650163e-7
0.33276694544324686	3.268454882434083e-7
0.33513078017046305	3.280927231930803e-7
0.33750643407131514	3.293557253128485e-7
0.3398939662416715	3.306347751756783e-7
0.3422934360728799	3.319301599118034e-7
0.34470490325324404	3.332421733981621e-7
0.3471284277695101	3.3457111645427963e-7
0.34956406990835764	3.359172970449163e-7
0.3520118902578995	3.3728103048975423e-7
0.354471949709189	3.3866263968033573e-7
0.3569443094577349	3.400624553046639e-7
0.3594290310050235	3.4148081607963873e-7
0.3619261761600484	3.429180689917725e-7
0.3644358070408486	3.443745695464188e-7
0.36695798607605284	3.458506820259558e-7
0.36949277600643327	3.473467797571897e-7
0.37204023988646523	3.4886324538849254e-7
0.3746004410858973	3.504004711769481e-7
0.3771734432913268	3.5195885928600647e-7
0.3797593105077832	3.535388220940969e-7
0.3823581070603219	3.5514078251457095e-7
0.38496989759562367	3.5676517432759253e-7
0.3875947470836016	3.5841244252436793e-7
0.3902327208190196	3.6008304366434404e-7
0.3928838844231145	3.6177744624583273e-7
0.39554830384522993	3.6349613109074797e-7
0.3982260453644561	3.6523959174400235e-7
0.4009171755912785	3.6700833488827243e-7
0.40362176146923495	3.6880288077472814e-7
0.40633987027658097	3.706237636705035e-7
0.4090715696279639	3.724715323236577e-7
0.4118169274761037	3.743467504463693e-7
0.4145760121134843	3.762499972172367e-7
0.4173488921740515	3.7818186780351325e-7
0.4201356366349219	3.8014297390423763e-7
0.42293631481809635	3.8213394431516614e-7
0.4257509963921868	3.8415542551657675e-7
0.42857975137414767	3.8620808228495257e-7
0.43142265013101855	3.8829259832971164e-7
0.43427976338167373	3.904096769561475e-7
0.43715116219858224	3.92560041755805e-7
0.44003691800957523	3.947444373256443e-7
0.44293710259962304	3.9696363001730993e-7
0.4458517881126211	3.9921840871806566e-7
0.44878104705318417	4.015095856647794e-7
0.45172495228844983	4.0383799729275336e-7
0.45468357704989204	4.0620450512096605e-7
0.4576569949351413	4.086099966756147e-7
0.46064527990981685	4.1105538645382985e-7
0.4636485063093658	4.1354161692959915e-7
0.4666667488409128	4.1606965960403066e-7
0.4697000825851173	4.186405161021666e-7
0.4727485829980427	4.212552193188121e-7
0.47581232591303285	4.239148346158096e-7
0.478891387542598	4.2662046107349787e-7
0.48198584448031084	4.293732327991239e-7
0.4850957737027124	4.321743202952937e-7
0.48822125257122595	4.3502493189150216e-7
0.49136235883408197	4.3792631524222525e-7
0.4945191706282523	4.408797588950562e-7
0.4976917664813935	4.438865939327588e-7
0.5008802253138004	4.469481956931683e-7
0.5040846264403696	4.5006598557123764e-7
0.5073050495725715	4.5324143290780683e-7
0.5105415748204343	4.564760569698526e-7
0.5137942826945365	4.597714290273583e-7
0.517063254108009	4.631291745322856e-7
0.5203485703785492	4.665509754054261e-7
0.5236503132304419	4.700385724373089e-7
0.5269685647965939	4.7359376780974635e-7
0.5303034076205766	4.772184277450878e-7
0.5336549246586795	4.809144852905547e-7
0.5370231992819728	4.846839432458269e-7
0.5404083152783826	4.885288772421808e-7
0.5438103568547747	4.924514389825373e-7
0.5472294086390483	4.964538596519508e-7
0.5506655556822436	5.005384535091208e-7
0.5541188834606549	5.047076216700088e-7
0.5575894778779582	5.089638560954955e-7
0.5610774252673477	5.133097437959479e-7
0.5645828123936844	5.177479712664378e-7
0.5681057264556525	5.222813291672175e-7
0.5716462550879309	5.269127172655455e-7
0.5752044863633705	5.316451496556172e-7
0.5787805087951873	5.364817602751166e-7
0.5823744113391631	5.414258087380279e-7
0.5859862833958588	5.464806865049775e-7
0.5896162148128381	5.51649923413972e-7
0.5932642958869024	5.56937194596409e-7
0.5969306173663369	5.623463278049747e-7
0.6006152704531684	5.678813111824131e-7
0.6043183468054344	5.735463015023787e-7
0.6080399385394615	5.793456329165674e-7
0.6117801382321587	5.852838262445778e-7
0.6155390389233192	5.91365598846803e-7
0.6193167341179359	5.975958751236923e-7
0.6231133177885255	6.039797976888176e-7
0.6269288843774683	6.105227392672639e-7
0.6307635287993556	6.172303153758241e-7
0.6346173464433522	6.24108397846502e-7
0.6384904331755688	6.311631292607479e-7
0.6423828853414466	6.384009383683056e-7
0.6462947997681537	6.458285565718257e-7
0.6502262737669944	6.534530355662821e-7
0.6541774051358293	6.612817662315303e-7
0.6581482921615082	6.693224988860744e-7
0.6621390336223156	6.775833650217606e-7
0.6661497287904271	6.860729006516029e-7
0.6701804774343789	6.948000714175149e-7
0.6742313798215507	7.037742996206358e-7
0.6783025367206585	7.13005493355459e-7
0.682394049404262	7.225040779495723e-7
0.6865060196512833	7.322810299342101e-7
0.6906385497495399	7.423479137977636e-7
0.6947917424982876	7.527169218043431e-7
0.6989657012107791	7.634009171946308e-7
0.7031605297168331	7.74413481125131e-7
0.7073763323654171	7.857689637476078e-7
0.7116132140272443	7.974825398819265e-7
0.7158712800973803	8.095702697948701e-7
0.7201506364978669	8.220491656653503e-7
0.724451389680356	8.34937264394953e-7
0.7287736466287575	8.482537075122415e-7
0.7331175148619014	8.620188290229594e-7
0.737483102436211	8.762542521777176e-7
0.7418705179483918	8.909829962659563e-7
0.7462798705381338	9.06229594704043e-7
0.7507112698908246	9.220202258685793e-7
0.7551648262402787	9.383828583374559e-7
0.7596406503714802	9.553474124463735e-7
0.7641388536233378	9.72945940350279e-7
0.7686595478914543	9.912128271070563e-7
0.7732028456309116	1.0101850156766788e-6
0.777768859859066	1.029902259166651e-6
0.7823577041583611	1.0504074041569058e-6
0.7869694926791531	1.0717467095193559e-6
0.7916043401425489	1.0939702058179059e-6
0.7962623618432616	1.1171321011483508e-6
0.8009436736524779	1.1412912401688433e-6
0.8056483920207402	1.1665116240979545e-6
0.8103766339808439	1.1928630006385492e-6
0.8151285171507483	1.220421534142669e-6
0.8199041597365018	1.2492705678917246e-6
0.8247036805351844	1.2795014921560888e-6
0.8295271989378604	1.3112147337490673e-6
0.8343748349325497	1.3445208851419242e-6
0.8392467091072124	1.3795419938996844e-6
0.8441429426527486	1.4164130362803454e-6
0.8490636573660123	1.4552836023701137e-6
0.8540089756528424	1.4963198241680152e-6
0.8589790205311068	1.5397065826612644e-6
0.8639739156337622	1.585650035236048e-6
0.868973915633762	1.63418230342778e-6
0.8739739156337618	1.6854716190715566e-6
0.8789739156337616	1.7397552082757952e-6
0.8839739156337615	1.7972963585577736e-6
0.8889739156337613	1.8583875407104605e-6
0.893973915633761	1.9233539000137585e-6
0.8989739156337608	1.9925571586054473e-6
0.9039739156337606	2.0663999754225198e-6
0.9089739156337604	2.145330815409437e-6
0.9139739156337602	2.229849385632348e-6
0.91897391563376	2.3205127026163136e-6
0.9239739156337599	2.4179418627207338e-6
0.9289739156337596	2.522829595777311e-6
0.9339739156337594	2.635948691632661e-6
0.9389739156337592	2.7581613997745227e-6
0.943973915633759	2.8904299139931392e-6
0.9489739156337588	3.033828067179221e-6
0.9539739156337586	3.189554376038395e-6
0.9589739156337583	3.358946591899659e-6
0.9639739156337582	3.543497932131409e-6
0.968973915633758	3.7448751872146282e-6
0.9739739156337578	3.964938921590687e-6
0.9789739156337576	4.205766012384472e-6
0.9839739156337574	4.469674799492013e-6
0.9889739156337571	4.759253153892594e-6
0.9939739156337569	5.0773898091218775e-6
0.9989739156337567	5.427309344474476e-6
1.0039739156337566	5.812611258737708e-6
1.0089739156337563	6.237313631319407e-6
1.0139739156337562	6.705901934978869e-6
1.0189739156337558	7.223383642680639e-6
1.0239739156337557	7.795349362299831e-6
1.0289739156337556	8.428041339149427e-6
1.0339739156337553	9.128430289899002e-6
1.0389739156337552	9.904301674816165e-6
1.0439739156337549	1.0764352680700866e-5
1.0489739156337547	1.1718301376442028e-5
1.0539739156337544	1.277700971812491e-5
1.0589739156337543	1.3952622321255829e-5
1.0639739156337542	1.5258723182229321e-5
1.0689739156337539	1.671051281515596e-5
1.0739739156337538	1.8325008565062096e-5
1.0789739156337534	2.0121271150156052e-5
1.0839739156337533	2.2120660752753336e-5
1.088973915633753	2.4347126189034373e-5
1.093973915633753	2.6827530798090275e-5
1.0989739156337526	2.9592018640883685e-5
1.1039739156337525	3.2674424311136505e-5
1.1089739156337524	3.611272903210849e-5
1.113973915633752	3.9949564620680085e-5
1.118973915633752	4.42327651934595e-5
1.1239739156337516	4.901596399712697e-5
1.1289739156337515	5.435922928229102e-5
1.1339739156337512	6.032972852598617e-5
1.138973915633751	6.700240439694247e-5
1.143973915633751	7.446063858579506e-5
1.1489739156337506	8.279687107725868e-5
1.1539739156337505	9.211313295391238e-5
1.1589739156337502	0.0001025214410783061
1.16397391563375	0.0001141439941613631
1.1689739156337497	0.0001271131035170781
1.1739739156337496	0.00014157079053880986
1.1789739156337493	0.00015766798937976578
1.1839739156337492	0.0001755633103430222
1.187980436725312	0.0001913111621496647
1.1919869578168745	0.00020840594244911457
1.1959934789084372	0.00022693485939990216
1.2	0.0002469852310252728
