0.0006999999999999628	5.143168861847465e-7
0.001403500000000035	5.147087698106853e-7
0.0021105174999999296	5.151031434092305e-7
0.0028210700874998964	5.155000271148164e-7
0.003535175437937438	5.158994400196456e-7
0.004252851315127062	5.163014013717539e-7
0.004974115571702636	5.167059305956802e-7
0.005698986149561044	5.171130472958946e-7
0.006427481080308875	5.17522771259673e-7
0.007159618485710418	5.179351224597551e-7
0.007895416578138905	5.183501210569368e-7
0.008634893661029494	5.187677874025826e-7
0.00937806812933463	5.191881420410804e-7
0.010124958469981361	5.196112057123769e-7
0.010875583262331262	5.200369993544004e-7
0.01162996117864295	5.204655441055585e-7
0.012388110984536127	5.208968613072622e-7
0.013150051539458866	5.21330972506408e-7
0.013915801797156208	5.217678994579413e-7
0.014685380806142003	5.222076641274366e-7
0.015458807710172712	5.226502886936654e-7
0.01623610174872358	5.230957955512456e-7
0.017017282257467212	5.23544207313317e-7
0.017802368668754516	5.239955468141743e-7
0.01859138051209827	5.24449837112078e-7
0.019384337414658823	5.249071014919478e-7
0.020181259101732015	5.253673634682039e-7
0.020982165397240727	5.258306467876036e-7
0.02178707622422691	5.262969754320959e-7
0.02259601160534814	5.267663736217644e-7
0.02340899166337483	5.27238865817774e-7
0.024226036621691812	5.27714476725382e-7
0.02504716680480027	5.281932312969826e-7
0.025872402638824326	5.286751547351777e-7
0.02670176465201842	5.291602724959335e-7
0.02753527347527842	5.296486102917419e-7
0.028372949842654864	5.3014019409486e-7
0.0292148145918682	5.306350501405792e-7
0.03006088866482743	5.311332049305328e-7
0.03091119310815165	5.316346852360794e-7
0.0317657490736924	5.321395181017438e-7
0.03262457781906081	5.3264773084864e-7
0.03348770070815601	5.331593510780456e-7
0.034355139211696875	5.336744066749576e-7
0.035226914907755424	5.341929258117167e-7
0.03610304948229413	5.347149369517057e-7
0.03698356472970569	5.352404688531135e-7
0.03786848255335419	5.357695505726856e-7
0.038757824966120964	5.363022114696386e-7
0.03965161409095162	5.368384812095441e-7
0.04054987216140643	5.373783897683265e-7
0.04145262152221345	5.379219674362946e-7
0.04235988462982453	5.384692448222412e-7
0.04327168405297366	5.390202528576336e-7
0.0441880424732386	5.395750228008276e-7
0.04510898268560485	5.401335862413627e-7
0.046034527599032954	5.406959751043704e-7
0.04696470023702812	5.412622216549527e-7
0.04789952373821329	5.418323585027292e-7
0.048839021356904266	5.424064186064073e-7
0.04978321646368884	5.429844352784245e-7
0.05073213254600732	5.435664421896845e-7
0.05168579320873729	5.441524733743532e-7
0.052644222174780875	5.447425632347275e-7
0.05360744328565471	5.453367465462189e-7
0.054575480502083065	5.459350584623576e-7
0.055548357904593434	5.465375345199408e-7
0.056526099694116344	5.47144210644206e-7
0.0575087301925869	5.477551231541377e-7
0.05849627384354973	5.483703087678154e-7
0.05948875521276744	5.489898046079089e-7
0.06048619898883127	5.496136482071984e-7
0.061488629983775384	5.502418775142154e-7
0.06249607313369419	5.508745308990033e-7
0.06350855349936275	5.515116471589057e-7
0.06452609626685958	5.52153265524517e-7
0.06554872674819387	5.527994256657065e-7
0.06657647038193484	5.534501676977256e-7
0.06760935273384447	5.541055321874539e-7
0.06864739949751365	5.547655601596998e-7
0.0696906364950013	5.554302931036765e-7
0.07073908967747639	5.560997729795086e-7
0.07179278512586384	5.567740422249198e-7
0.07285174905149322	5.574531437619666e-7
0.0739160077967507	5.581371210039585e-7
0.07498558783573436	5.58826017862416e-7
0.07606051577491299	5.595198787542463e-7
0.07714081835378758	5.602187486089192e-7
0.07822652244555647	5.609226728758933e-7
0.07931765505778425	5.616316975320661e-7
0.0804142433330731	5.623458690894283e-7
0.08151631454973848	5.630652346027864e-7
0.08262389612248718	5.637898416776832e-7
0.0837370156030995	5.645197384783912e-7
0.0848557006811149	5.65254973736114e-7
0.0859799791845205	5.659955967572861e-7
0.08710987908044313	5.66741657431999e-7
0.08824542847584534	5.674932062426378e-7
0.08938665561822454	5.682502942726478e-7
0.09053358889631567	5.690129732154069e-7
0.09168625684079722	5.697812953833299e-7
0.09284468812500112	5.70555313717093e-7
0.09400891156562617	5.713350817949967e-7
0.0951789561234543	5.721206538425979e-7
0.09635485090407148	5.729120847423895e-7
0.09753662515859184	5.737094300437443e-7
0.0987243082843847	5.745127459729882e-7
0.09991792982580656	5.753220894436839e-7
0.10111751947493569	5.761375180671174e-7
0.10232310707231031	5.76959090162886e-7
0.1035347226076718	5.777868647698202e-7
0.10475239622071016	5.786209016569911e-7
0.10597615820181366	5.794612613349674e-7
0.10720603899282274	5.803080050672702e-7
0.10844206918778684	5.81161194882043e-7
0.10968427953372567	5.820208935839598e-7
0.1109327009313943	5.828871647662975e-7
0.11218736443605135	5.8376007282331e-7
0.11344830125823162	5.846396829627616e-7
0.11471554276452282	5.855260612187372e-7
0.11598912047834534	5.864192744647023e-7
0.11726906608073695	5.873193904267825e-7
0.11855541141114062	5.882264776972869e-7
0.11984818846819621	5.891406057485435e-7
0.12114742941053713	5.900618449469271e-7
0.12245316655758978	5.909902665672385e-7
0.1237654323903777	5.919259428072483e-7
0.12508425955232963	5.928689468026549e-7
0.12640968085009122	5.938193526422088e-7
0.1277417292543416	5.947772353832189e-7
0.1290804379006133	5.957426710672861e-7
0.13042584009011637	5.967157367364445e-7
0.1317779692905669	5.976965104494919e-7
0.13313685913701961	5.986850712987457e-7
0.13450254343270476	5.99681499427083e-7
0.13587505614986833	6.006858760453089e-7
0.13725443143061763	6.016982834499008e-7
0.13864070358777073	6.027188050410896e-7
0.14003390710570945	6.037475253412722e-7
0.14143407664123803	6.047845300138653e-7
0.1428412470244442	6.058299058824749e-7
0.1442554532595664	6.068837409504486e-7
0.14567673052586416	6.079461244208692e-7
0.1471051141784935	6.090171467169384e-7
0.14854063974938603	6.100968995027387e-7
0.149983342948133	6.111854757044707e-7
0.15143325966287374	6.122829695320937e-7
0.15289042596118813	6.133894765014302e-7
0.15435487809099402	6.145050934566905e-7
0.15582665248144906	6.156299185934927e-7
0.1573057857438562	6.167640514823966e-7
0.15879231467257537	6.179075930928438e-7
0.16028627624593816	6.190606458176345e-7
0.16178770762716785	6.202233134979803e-7
0.16329664616530362	6.213957014489632e-7
0.16481312939613008	6.225779164856428e-7
0.1663371950431107	6.237700669496585e-7
0.16786888101832628	6.249722627363837e-7
0.1694082254234178	6.261846153227291e-7
0.1709552665505349	6.274072377954789e-7
0.17251004288328747	6.286402448802447e-7
0.17407259309770393	6.298837529710578e-7
0.17564295606319252	6.311378801606025e-7
0.17722117084350858	6.324027462710971e-7
0.17880727669772617	6.336784728858668e-7
0.18040131308121476	6.3496518338153e-7
0.18200331964662084	6.362630029610515e-7
0.18361333624485401	6.375720586873362e-7
0.18523140292607826	6.388924795176805e-7
0.18685755994070874	6.402243963389774e-7
0.1884918477404122	6.415679420036718e-7
0.19013430697911424	6.429232513665138e-7
0.1917849785140098	6.442904613222045e-7
0.19344390340657974	6.45669710843775e-7
0.19511112292361268	6.47061141021986e-7
0.1967866785382308	6.484648951054397e-7
0.19847061193092203	6.498811185417509e-7
0.20016296499057665	6.513099590195786e-7
0.20186377981552947	6.527515665116765e-7
0.2035730987146071	6.542060933188634e-7
0.20529096420818022	6.556736941150928e-7
0.20701741902922113	6.571545259934595e-7
0.20875250612436722	6.58648748513402e-7
0.210496268654989	6.601565237488942e-7
0.21224874999826396	6.616780163378706e-7
0.21400999374825516	6.632133935327081e-7
0.21578004371699644	6.647628252519821e-7
0.21755894393558148	6.663264841334074e-7
0.2193467386552594	6.679045455880428e-7
0.22114347234853576	6.694971878558197e-7
0.22294918971027836	6.711045920623715e-7
0.2247639356588297	6.727269422772454e-7
0.2265877553371239	6.743644255735017e-7
0.2284206941138094	6.760172320887749e-7
0.23026279758437848	6.776855550878619e-7
0.23211411157230027	6.793695910267408e-7
0.23397468213016168	6.810695396182673e-7
0.23584455554081238	6.827856038994322e-7
0.23772377831851643	6.845179903002674e-7
0.23961239721010893	6.862669087145237e-7
0.24151045919615952	6.880325725720998e-7
0.24341801149214037	6.898151989132077e-7
0.24533510154960114	6.916150084644967e-7
0.24726177705734917	6.93432225717076e-7
0.24919808594263576	6.952670790065022e-7
0.251144076372349	6.971198005947348e-7
0.2530997967542107	6.989906267543947e-7
0.2550652957379817	7.00879797854907e-7
0.2570406222166717	7.027875584511102e-7
0.2590258253277551	7.04714157373978e-7
0.26102095445439405	7.066598478238372e-7
0.2630260592266659	7.086248874659035e-7
0.2650411895227993	7.106095385284309e-7
0.2670663954704134	7.126140679033305e-7
0.26910172744776534	7.146387472495476e-7
0.27114723608500396	7.166838530991283e-7
0.27320297226542917	7.187496669661013e-7
0.27526898712675635	7.208364754583689e-7
0.27734533206239	7.22944570392457e-7
0.2794320587227019	7.250742489114994e-7
0.2815292190163153	7.272258136063469e-7
0.2836368651113967	7.293995726400066e-7
0.28575504943695385	7.315958398754659e-7
0.28788382468413853	7.338149350070465e-7
0.29002324380755934	7.360571836953627e-7
0.29217336002659705	7.383229177060548e-7
0.29433422682673016	7.406124750523586e-7
0.29650589796086374	7.429262001416515e-7
0.29868842745066804	7.452644439261501e-7
0.30088186958792124	7.4762756405786e-7
0.3030862789358609	7.500159250478721e-7
0.30530171033054027	7.524298984302411e-7
0.307528218882193	7.548698629305425e-7
0.30976585997660405	7.573362046392863e-7
0.312014689276487	7.598293171902582e-7
0.31427476272286925	7.62349601944177e-7
0.3165461365364837	7.648974681775674e-7
0.3188288672191662	7.67473333277254e-7
0.32112301155526213	7.700776229404978e-7
0.32342862661303834	7.727107713811338e-7
0.3257457697461036	7.753732215417595e-7
0.32807449859483384	7.780654253123123e-7
0.3304148710878078	7.807878437551121e-7
0.33276694544324686	7.835409473367493e-7
0.33513078017046305	7.863252161670435e-7
0.33750643407131514	7.891411402450951e-7
0.3398939662416715	7.919892197130569e-7
0.3422934360728799	7.948699651175415e-7
0.34470490325324404	7.977838976791763e-7
0.3471284277695101	8.007315495705122e-7
0.34956406990835764	8.037134642025391e-7
0.3520118902578995	8.067301965202833e-7
0.354471949709189	8.097823133075497e-7
0.3569443094577349	8.128703935014556e-7
0.3594290310050235	8.159950285168932e-7
0.3619261761600484	8.191568225813276e-7
0.3644358070408486	8.223563930804377e-7
0.36695798607605284	8.25594370914844e-7
0.36949277600643327	8.288714008684142e-7
0.37204023988646523	8.321881419886302e-7
0.3746004410858973	8.35545267979357e-7
0.3771734432913268	8.389434676066292e-7
0.3797593105077832	8.423834451178385e-7
0.3823581070603219	8.458659206748479e-7
0.38496989759562367	8.493916308017027e-7
0.3875947470836016	8.529613288473119e-7
0.3902327208190196	8.565757854638727e-7
0.3928838844231145	8.602357891015118e-7
0.39554830384522993	8.639421465198631e-7
0.3982260453644561	8.676956833172443e-7
0.4009171755912785	8.714972444781782e-7
0.40362176146923495	8.753476949398567e-7
0.40633987027658097	8.792479201785062e-7
0.4090715696279639	8.831988268163272e-7
0.4118169274761037	8.872013432498655e-7
0.4145760121134843	8.912564203008431e-7
0.4173488921740515	8.953650318900613e-7
0.4201356366349219	8.995281757357732e-7
0.42293631481809635	9.037468740771122e-7
0.4257509963921868	9.080221744239629e-7
0.42857975137414767	9.123551503341777e-7
0.43142265013101855	9.167469022194753e-7
0.43427976338167373	9.211985581811185e-7
0.43715116219858224	9.257112748766508e-7
0.44003691800957523	9.302862384191643e-7
0.44293710259962304	9.349246653104733e-7
0.4458517881126211	9.396278034094201e-7
0.44878104705318417	9.443969329374181e-7
0.45172495228844983	9.492333675222469e-7
0.45468357704989204	9.541384552822487e-7
0.4576569949351413	9.591135799526142e-7
0.46064527990981685	9.641601620554941e-7
0.4636485063093658	9.692796601162583e-7
0.4666667488409128	9.744735719275999e-7
0.4697000825851173	9.797434358640128e-7
0.4727485829980427	9.850908322488419e-7
0.47581232591303285	9.905173847762602e-7
0.478891387542598	9.96024761990841e-7
0.48198584448031084	1.0016146788274798e-6
0.4850957737027124	1.0072888982143189e-6
0.48822125257122595	1.0130492327418208e-6
0.49136235883408197	1.0188975464011077e-6
0.4945191706282523	1.0248357563949044e-6
0.4976917664813935	1.0308658350245205e-6
0.5008802253138004	1.0369898116566678e-6
0.5040846264403696	1.0432097747739468e-6
0.5073050495725715	1.0495278741130566e-6
0.5105415748204343	1.0559463228952995e-6
0.5137942826945365	1.0624674001536307e-6
0.517063254108009	1.0690934531612473e-6
0.5203485703785492	1.0758268999671162e-6
0.5236503132304419	1.0826702320432138e-6
0.5269685647965939	1.0896260170497218e-6
0.5303034076205766	1.0966969017240498e-6
0.5336549246586795	1.1038856149000316e-6
0.5370231992819728	1.111194970664066e-6
0.5404083152783826	1.118627871655435e-6
0.5438103568547747	1.1261873125183457e-6
0.5472294086390483	1.1338763835137543e-6
0.5506655556822436	1.1416982742994612e-6
0.5541188834606549	1.1496562778876093e-6
0.5575894778779582	1.157753794789121e-6
0.5610774252673477	1.1659943373553035e-6
0.5645828123936844	1.1743815343275348e-6
0.5681057264556525	1.182919135606386e-6
0.5716462550879309	1.191611017252676e-6
0.5752044863633705	1.200461186733323e-6
0.5787805087951873	1.209473788426022e-6
0.5823744113391631	1.2186531093974369e-6
0.5859862833958588	1.228003585470967e-6
0.5896162148128381	1.2375298076006743e-6
0.5932642958869024	1.2472365285695194e-6
0.5969306173663369	1.2571286700312716e-6
0.6006152704531684	1.267211329916471e-6
0.6043183468054344	1.2774897902246948e-6
0.6080399385394615	1.2879695252267082e-6
0.6117801382321587	1.2986562101017294e-6
0.6155390389233192	1.3095557300372886e-6
0.6193167341179359	1.3206741898206142e-6
0.6231133177885255	1.3320179239532033e-6
0.6269288843774683	1.3435935073225188e-6
0.6307635287993556	1.3554077664671035e-6
0.6346173464433522	1.3674677914748983e-6
0.6384904331755688	1.3797809485571097e-6
0.6423828853414466	1.392354893344214e-6
0.6462947997681537	1.4051975849539506e-6
0.6502262737669944	1.4183173008858483e-6
0.6541774051358293	1.4317226528015494e-6
0.6581482921615082	1.445422603255746e-6
0.6621390336223156	1.459426483448037e-6
0.6661497287904271	1.4737440120731233e-6
0.6701804774343789	1.4883853153541947e-6
0.6742313798215507	1.5033609483523192e-6
0.6783025367206585	1.5186819176547316e-6
0.682394049404262	1.5343597055548525e-6
0.6865060196512833	1.5504062958492057e-6
0.6906385497495399	1.5668342013902277e-6
0.6947917424982876	1.5836564935484231e-6
0.6989657012107791	1.6008868337554469e-6
0.7031605297168331	1.6185395073193735e-6
0.7073763323654171	1.6366294597255269e-6
0.7116132140272443	1.6551723356618239e-6
0.7158712800973803	1.6741845210374938e-6
0.7201506364978669	1.693683188296493e-6
0.724451389680356	1.7136863453654546e-6
0.7287736466287575	1.7342128886204425e-6
0.7331175148619014	1.7552826603057625e-6
0.737483102436211	1.7769165108971022e-6
0.7418705179483918	1.7991363669667753e-6
0.7462798705381338	1.821965305186343e-6
0.7507112698908246	1.8454276331891883e-6
0.7551648262402787	1.8695489781188547e-6
0.7596406503714802	1.8943563838057251e-6
0.7641388536233378	1.9198784176520654e-6
0.7686595478914543	1.9461452884621774e-6
0.7732028456309116	1.9731889766375764e-6
0.777768859859066	2.0010433783679524e-6
0.7823577041583611	2.029744465692017e-6
0.7869694926791531	2.0593304645851455e-6
0.7916043401425489	2.0898420535548145e-6
0.7962623618432616	2.1213225855994685e-6
0.8009436736524779	2.1538183368170904e-6
0.8056483920207402	2.1873787854434603e-6
0.8103766339808439	2.222056925665412e-6
0.8151285171507483	2.2579096211996953e-6
0.8199041597365018	2.2949980043616462e-6
0.8247036805351844	2.333387927182385e-6
0.8295271989378604	2.3731504720739937e-6
0.8343748349325497	2.414362530605465e-6
0.8392467091072124	2.457107460147517e-6
0.8441429426527486	2.5014758294833674e-6
0.8490636573660123	2.547566265985675e-6
0.8540089756528424	2.595486418639288e-6
0.8589790205311068	2.6453540530716173e-6
0.8639739156337622	2.6972982968668444e-6
0.868973915633762	2.7512426493957508e-6
0.8739739156337618	2.8072580848790027e-6
0.8789739156337616	2.865479302613128e-6
0.8839739156337615	2.926053892550983e-6
0.8889739156337613	2.9891437734064705e-6
0.893973915633761	3.0549267870390288e-6
0.8989739156337608	3.123598465270881e-6
0.9039739156337606	3.1953739871934794e-6
0.9089739156337604	3.2704903475032973e-6
0.9139739156337602	3.3492087593927007e-6
0.91897391563376	3.4318173190904963e-6
0.9239739156337599	3.5186339633769925e-6
0.9289739156337596	3.6100097563858125e-6
0.9339739156337594	3.7063325478384203e-6
0.9389739156337592	3.8080310516520425e-6
0.943973915633759	3.915579401738247e-6
0.9489739156337588	4.0295022509221584e-6
0.9539739156337586	4.150380489444041e-6
0.9589739156337583	4.278857671684765e-6
0.9639739156337582	4.415647253864856e-6
0.968973915633758	4.561540761852965e-6
0.9739739156337578	4.71741702730877e-6
0.9789739156337576	4.884252652694744e-6
0.9839739156337574	5.063133891849403e-6
0.9889739156337571	5.2552701635629565e-6
0.9939739156337569	5.462009451837328e-6
0.9989739156337567	5.684855889283147e-6
1.0039739156337566	5.925489870669465e-6
1.0089739156337563	6.18579110343619e-6
1.0139739156337562	6.467865072724059e-6
1.0189739156337558	6.774073482164476e-6
1.0239739156337557	7.107069330615789e-6
1.0289739156337556	7.469837401950668e-6
1.0339739156337553	7.865741083014054e-6
1.0389739156337552	8.298576587628851e-6
1.0439739156337549	8.772635856212542e-6
1.0489739156337547	9.292779625998195e-6
1.0539739156337544	9.86452243153992e-6
1.0589739156337543	1.0494131605316686e-5
1.0639739156337542	1.1188742710786236e-5
1.0689739156337539	1.1956494262760437e-5
1.0739739156337538	1.2806685080570441e-5
1.0789739156337534	1.374995818646217e-5
1.0839739156337533	1.4798515812996607e-5
1.088973915633753	1.596637082574468e-5
1.093973915633753	1.7269640705816045e-5
1.0989739156337526	1.8726891170987597e-5
1.1039739156337525	2.0359537537994022e-5
1.1089739156337524	2.2192313024926072e-5
1.113973915633752	2.425381432922986e-5
1.118973915633752	2.6577135938553925e-5
1.1239739156337516	2.9200605652204243e-5
1.1289739156337515	3.216863458040492e-5
1.1339739156337512	3.553269525877504e-5
1.138973915633751	3.9352441202511976e-5
1.143973915633751	4.369697986846435e-5
1.1489739156337506	4.86463081168578e-5
1.1539739156337505	5.4292914257454555e-5
1.1589739156337502	6.0743542877307335e-5
1.16397391563375	6.812110700616175e-5
1.1689739156337497	7.656671584431523e-5
1.1739739156337496	8.62417643831288e-5
1.1789739156337493	9.73300032091359e-5
1.1839739156337492	0.00011003947267706027
1.187980436725312	0.00012155024992384586
1.1919869578168745	0.00013438476611225798
1.1959934789084372	0.00014868713953219975
1.2	0.00016461294265089057
