0.0006999999999999628	2.348517324193634e-7
0.001403500000000035	2.3501440198421379e-7
0.0021105174999999296	2.351781161645214e-7
0.0028210700874998964	2.3534288047844924e-7
0.003535175437937438	2.3550870295483854e-7
0.004252851315127062	2.3567559173124198e-7
0.004974115571702636	2.358435550238773e-7
0.005698986149561044	2.3601260112813286e-7
0.006427481080308875	2.3618273841950296e-7
0.007159618485710418	2.363539753545566e-7
0.007895416578138905	2.3652632047188717e-7
0.008634893661029494	2.3669978239311048e-7
0.00937806812933463	2.3687436982386916e-7
0.010124958469981361	2.370500915548402e-7
0.010875583262331262	2.372269564627709e-7
0.01162996117864295	2.3740497351152747e-7
0.012388110984536127	2.3758415175315828e-7
0.013150051539458866	2.3776450032897057e-7
0.013915801797156208	2.3794602847062633e-7
0.014685380806142003	2.3812874550125862e-7
0.015458807710172712	2.3831266083658885e-7
0.01623610174872358	2.384977839860816e-7
0.017017282257467212	2.38684124554107e-7
0.017802368668754516	2.3887169224111816e-7
0.01859138051209827	2.3906049684484297e-7
0.019384337414658823	2.392505482615133e-7
0.020181259101732015	2.3944185648708284e-7
0.020982165397240727	2.396344316184966e-7
0.02178707622422691	2.398282838549572e-7
0.02259601160534814	2.400234234992025e-7
0.02340899166337483	2.4021986095884054e-7
0.024226036621691812	2.404176067476667e-7
0.02504716680480027	2.4061667148701646e-7
0.025872402638824326	2.408170659071336e-7
0.02670176465201842	2.410188008485808e-7
0.02753527347527842	2.412218872636335e-7
0.028372949842654864	2.4142633621773036e-7
0.0292148145918682	2.4163215889093013e-7
0.03006088866482743	2.4183936657939005e-7
0.03091119310815165	2.4204797069687774e-7
0.0317657490736924	2.42257982776286e-7
0.03262457781906081	2.4246941447121053e-7
0.03348770070815601	2.4268227755749353e-7
0.034355139211696875	2.428965839348592e-7
0.035226914907755424	2.431123456285164e-7
0.03610304948229413	2.43329574790824e-7
0.03698356472970569	2.435482837029636e-7
0.03786848255335419	2.4376848477665147e-7
0.038757824966120964	2.4399019055587067e-7
0.03965161409095162	2.442134137186183e-7
0.04054987216140643	2.4443816707872563e-7
0.04145262152221345	2.4466446358763907e-7
0.04235988462982453	2.4489231633629543e-7
0.04327168405297366	2.451217385569826e-7
0.0441880424732386	2.4535274362525686e-7
0.04510898268560485	2.4558534506187646e-7
0.046034527599032954	2.4581955653477657e-7
0.04696470023702812	2.4605539186105847e-7
0.04789952373821329	2.462928650090439e-7
0.048839021356904266	2.46531990100326e-7
0.04978321646368884	2.467727814118904e-7
0.05073213254600732	2.470152533782339e-7
0.05168579320873729	2.4725942059354735e-7
0.052644222174780875	2.475052978139201e-7
0.05360744328565471	2.4775289995959856e-7
0.054575480502083065	2.480022421172445e-7
0.055548357904593434	2.4825333954228543e-7
0.056526099694116344	2.485062076612528e-7
0.0575087301925869	2.487608620741919e-7
0.05849627384354973	2.4901731855710104e-7
0.05948875521276744	2.4927559306441783e-7
0.06048619898883127	2.495357017315316e-7
0.061488629983775384	2.4979766087736356e-7
0.06249607313369419	2.500614870069719e-7
0.06350855349936275	2.503271968142074e-7
0.06452609626685958	2.5059480718442416e-7
0.06554872674819387	2.5086433519720045e-7
0.06657647038193484	2.5113579812917206e-7
0.06760935273384447	2.514092134568484e-7
0.06864739949751365	2.516845988595123e-7
0.0696906364950013	2.5196197222217086e-7
0.07073908967747639	2.522413516385477e-7
0.07179278512586384	2.525227554141172e-7
0.07285174905149322	2.5280620206923175e-7
0.0739160077967507	2.530917103422512e-7
0.07498558783573436	2.5337929919276634e-7
0.07606051577491299	2.536689878048777e-7
0.07714081835378758	2.53960795590497e-7
0.07822652244555647	2.542547421927614e-7
0.07931765505778425	2.5455084748945435e-7
0.0804142433330731	2.5484913159653715e-7
0.08151631454973848	2.5514961487169784e-7
0.08262389612248718	2.5545231791800617e-7
0.0837370156030995	2.5575726158760473e-7
0.0848557006811149	2.560644669854779e-7
0.0859799791845205	2.5637395547329963e-7
0.08710987908044313	2.566857486733271e-7
0.08824542847584534	2.569998684723854e-7
0.08938665561822454	2.573163370259243e-7
0.09053358889631567	2.576351767621375e-7
0.09168625684079722	2.5795641038617816e-7
0.09284468812500112	2.582800608844218e-7
0.09400891156562617	2.5860615152883753e-7
0.0951789561234543	2.5893470588143585e-7
0.09635485090407148	2.592657477987843e-7
0.09753662515859184	2.5959930143661687e-7
0.0987243082843847	2.599353912545365e-7
0.09991792982580656	2.6027404202080354e-7
0.10111751947493569	2.6061527881720054e-7
0.10232310707231031	2.6095912704400816e-7
0.1035347226076718	2.613056124250705e-7
0.10475239622071016	2.616547610129552e-7
0.10597615820181366	2.62006599194203e-7
0.10720603899282274	2.623611536947038e-7
0.10844206918778684	2.627184515851513e-7
0.10968427953372567	2.630785202866082e-7
0.1109327009313943	2.6344138757619563e-7
0.11218736443605135	2.6380708159287735e-7
0.11344830125823162	2.6417563084335773e-7
0.11471554276452282	2.645470642081047e-7
0.11598912047834534	2.6492141094748073e-7
0.11726906608073695	2.6529870070800416e-7
0.11855541141114062	2.656789635287285e-7
0.11984818846819621	2.6606222984774925e-7
0.12114742941053713	2.6644853050884437e-7
0.12245316655758978	2.668378967682394e-7
0.1237654323903777	2.6723036030152263e-7
0.12508425955232963	2.676259532106701e-7
0.12640968085009122	2.6802470803126803e-7
0.1277417292543416	2.6842665773980257e-7
0.1290804379006133	2.68831835761184e-7
0.13042584009011637	2.692402759763494e-7
0.1317779692905669	2.6965201273007133e-7
0.13313685913701961	2.700670808388954e-7
0.13450254343270476	2.704855155992726e-7
0.13587505614986833	2.709073527958293e-7
0.13725443143061763	2.713326287098218e-7
0.13864070358777073	2.717613801277733e-7
0.14003390710570945	2.7219364435028003e-7
0.14143407664123803	2.726294592010053e-7
0.1428412470244442	2.730688630358679e-7
0.1442554532595664	2.735118947524199e-7
0.14567673052586416	2.739585937994195e-7
0.1471051141784935	2.744090001866207e-7
0.14854063974938603	2.7486315449474836e-7
0.149983342948133	2.7532109788571113e-7
0.15143325966287374	2.7578287211302785e-7
0.15289042596118813	2.762485195324561e-7
0.15435487809099402	2.7671808311289164e-7
0.15582665248144906	2.771916064474581e-7
0.1573057857438562	2.776691337648825e-7
0.15879231467257537	2.7815070994108867e-7
0.16028627624593816	2.7863638051104754e-7
0.16178770762716785	2.7912619168091167e-7
0.16329664616530362	2.796201903403901e-7
0.16481312939613008	2.801184240754134e-7
0.1663371950431107	2.8062094118107876e-7
0.16786888101832628	2.811277906748712e-7
0.1694082254234178	2.8163902231021324e-7
0.1709552665505349	2.8215468659027055e-7
0.17251004288328747	2.8267483478212067e-7
0.17407259309770393	2.831995189312105e-7
0.17564295606319252	2.8372879187614237e-7
0.17722117084350858	2.842627072638229e-7
0.17880727669772617	2.848013195649322e-7
0.18040131308121476	2.853446840897686e-7
0.18200331964662084	2.8589285700444016e-7
0.18361333624485401	2.864458953474456e-7
0.18523140292607826	2.870038570466442e-7
0.18685755994070874	2.875668009366068e-7
0.1884918477404122	2.8813478677638645e-7
0.19013430697911424	2.887078752677002e-7
0.1917849785140098	2.892861280735471e-7
0.19344390340657974	2.898696078372614e-7
0.19511112292361268	2.9045837820201727e-7
0.1967866785382308	2.91052503830825e-7
0.19847061193092203	2.916520504269496e-7
0.20016296499057665	2.9225708475490155e-7
0.20186377981552947	2.9286767466186104e-7
0.2035730987146071	2.9348388909966584e-7
0.20529096420818022	2.941057981473148e-7
0.20701741902922113	2.9473347303404405e-7
0.20875250612436722	2.953669861629469e-7
0.210496268654989	2.960064111351855e-7
0.21224874999826396	2.966518227748114e-7
0.21400999374825516	2.9730329715417566e-7
0.21578004371699644	2.979609116200256e-7
0.21755894393558148	2.986247448201801e-7
0.2193467386552594	2.992948767309703e-7
0.22114347234853576	2.999713886852747e-7
0.22294918971027836	3.0065436340134934e-7
0.2247639356588297	3.0134388501233326e-7
0.2265877553371239	3.0204003909656346e-7
0.2284206941138094	3.0274291270861193e-7
0.23026279758437848	3.034525944111639e-7
0.23211411157230027	3.041691743077097e-7
0.23397468213016168	3.048927440760908e-7
0.23584455554081238	3.056233970029138e-7
0.23772377831851643	3.063612280188784e-7
0.23961239721010893	3.071063337350392e-7
0.24151045919615952	3.078588124800027e-7
0.24341801149214037	3.086187643381535e-7
0.24533510154960114	3.093862911888578e-7
0.24726177705734917	3.1016149674676187e-7
0.24919808594263576	3.10944486603152e-7
0.251144076372349	3.1173536826841573e-7
0.2530997967542107	3.1253425121570014e-7
0.2550652957379817	3.133412469257324e-7
0.2570406222166717	3.1415646893287974e-7
0.2590258253277551	3.1498003287246267e-7
0.26102095445439405	3.1581205652940926e-7
0.2630260592266659	3.1665265988823335e-7
0.2650411895227993	3.1750196518440417e-7
0.2670663954704134	3.183600969571916e-7
0.26910172744776534	3.1922718210396443e-7
0.27114723608500396	3.201033499360401e-7
0.27320297226542917	3.2098873223611935e-7
0.27526898712675635	3.218834633173664e-7
0.27734533206239	3.227876800841834e-7
0.2794320587227019	3.2370152209473384e-7
0.2815292190163153	3.246251316252603e-7
0.2836368651113967	3.25558653736326e-7
0.28575504943695385	3.2650223634092163e-7
0.28788382468413853	3.2745603027463545e-7
0.29002324380755934	3.2842018936786394e-7
0.29217336002659705	3.2939487052015e-7
0.29433422682673016	3.303802337767928e-7
0.29650589796086374	3.3137644240767977e-7
0.29868842745066804	3.32383662988538e-7
0.30088186958792124	3.3340206548464227e-7
0.3030862789358609	3.344318233370404e-7
0.30530171033054027	3.3547311355143437e-7
0.307528218882193	3.3652611678977426e-7
0.30976585997660405	3.3759101746468786e-7
0.312014689276487	3.3866800383683447e-7
0.31427476272286925	3.397572681152892e-7
0.3165461365364837	3.4085900656108007e-7
0.3188288672191662	3.4197341959394347e-7
0.32112301155526213	3.4310071190252973e-7
0.32342862661303834	3.4424109255804395e-7
0.3257457697461036	3.453947751315298e-7
0.32807449859483384	3.465619778149817e-7
0.3304148710878078	3.477429235462686e-7
0.33276694544324686	3.4893784013819835e-7
0.33513078017046305	3.5014696041172935e-7
0.33750643407131514	3.5137052233361233e-7
0.3398939662416715	3.526087691585065e-7
0.3422934360728799	3.5386194957585296e-7
0.34470490325324404	3.551303178616337e-7
0.3471284277695101	3.564141340351911e-7
0.34956406990835764	3.577136640213647e-7
0.3520118902578995	3.5902917981808273e-7
0.354471949709189	3.6036095966971207e-7
0.3569443094577349	3.6170928824627995e-7
0.3594290310050235	3.630744568289031e-7
0.3619261761600484	3.644567635016605e-7
0.3644358070408486	3.658565133500889e-7
0.36695798607605284	3.672740186666669e-7
0.36949277600643327	3.6870959916352484e-7
0.37204023988646523	3.7016358219267114e-7
0.3746004410858973	3.7163630297410593e-7
0.3771734432913268	3.731281048320425e-7
0.3797593105077832	3.746393394396762e-7
0.3823581070603219	3.7617036707282336e-7
0.38496989759562367	3.7772155687277264e-7
0.3875947470836016	3.792932871187987e-7
0.3902327208190196	3.8088594551071986e-7
0.3928838844231145	3.824999294619134e-7
0.39554830384522993	3.841356464033002e-7
0.3982260453644561	3.857935140986761e-7
0.4009171755912785	3.8747396097203535e-7
0.40362176146923495	3.8917742644723554e-7
0.40633987027658097	3.9090436130072145e-7
0.4090715696279639	3.926552280277544e-7
0.4118169274761037	3.944305012228431e-7
0.4145760121134843	3.962306679749544e-7
0.4173488921740515	3.980562282782369e-7
0.4201356366349219	3.999076954589106e-7
0.42293631481809635	4.017855966190758e-7
0.4257509963921868	4.036904730982766e-7
0.42857975137414767	4.056228809535494e-7
0.43142265013101855	4.0758339145891114e-7
0.43427976338167373	4.0957259162517115e-7
0.43715116219858224	4.1159108474099867e-7
0.44003691800957523	4.136394909363072e-7
0.44293710259962304	4.157184477690131e-7
0.4458517881126211	4.178286108363009e-7
0.44878104705318417	4.1997065441153785e-7
0.45172495228844983	4.2214527210821334e-7
0.45468357704989204	4.243531775720784e-7
0.4576569949351413	4.265951052030417e-7
0.46064527990981685	4.2887181090818873e-7
0.4636485063093658	4.3118407288754757e-7
0.4666667488409128	4.335326924542711e-7
0.4697000825851173	4.3591849489092455e-7
0.4727485829980427	4.3834233034382664e-7
0.47581232591303285	4.4080507475735197e-7
0.478891387542598	4.433076308502458e-7
0.48198584448031084	4.458509291362679e-7
0.4850957737027124	4.4843592899136764e-7
0.48822125257122595	4.510636197699968e-7
0.49136235883408197	4.537350219730839e-7
0.4945191706282523	4.564511884705082e-7
0.4976917664813935	4.592132057810881e-7
0.5008802253138004	4.6202219541312176e-7
0.5040846264403696	4.648793152689044e-7
0.5073050495725715	4.677857611167763e-7
0.5105415748204343	4.7074276813443374e-7
0.5137942826945365	4.737516125275905e-7
0.517063254108009	4.7681361322824094e-7
0.5203485703785492	4.799301336770891e-7
0.5236503132304419	4.831025836950364e-7
0.5269685647965939	4.863324214489039e-7
0.5303034076205766	4.896211555168937e-7
0.5336549246586795	4.929703470597876e-7
0.5370231992819728	4.963816121040846e-7
0.5404083152783826	4.998566239439487e-7
0.5438103568547747	5.033971156690522e-7
0.5472294086390483	5.070048828261718e-7
0.5506655556822436	5.106817862226956e-7
0.5541188834606549	5.144297548809844e-7
0.5575894778779582	5.182507891530135e-7
0.5610774252673477	5.221469640056109e-7
0.5645828123936844	5.261204324870793e-7
0.5681057264556525	5.301734293870917e-7
0.5716462550879309	5.343082751025028e-7
0.5752044863633705	5.385273797226102e-7
0.5787805087951873	5.428332473486884e-7
0.5823744113391631	5.472284806634142e-7
0.5859862833958588	5.517157857675076e-7
0.5896162148128381	5.562979773018173e-7
0.5932642958869024	5.609779838749186e-7
0.5969306173663369	5.657588538177937e-7
0.6006152704531684	5.706437612889849e-7
0.6043183468054344	5.75636012755611e-7
0.6080399385394615	5.807390538778334e-7
0.6117801382321587	5.859564768266857e-7
0.6155390389233192	5.912920280680342e-7
0.6193167341179359	5.967496166480924e-7
0.6231133177885255	6.02333323019433e-7
0.6269288843774683	6.080474084499223e-7
0.6307635287993556	6.13896325060973e-7
0.6346173464433522	6.198847265461188e-7
0.6384904331755688	6.260174796257821e-7
0.6423828853414466	6.322996762996209e-7
0.6462947997681537	6.387366469641756e-7
0.6502262737669944	6.453339744704293e-7
0.6541774051358293	6.520975092036561e-7
0.6581482921615082	6.590333852767334e-7
0.6621390336223156	6.661480379379833e-7
0.6661497287904271	6.734482223056507e-7
0.6701804774343789	6.809410335537567e-7
0.6742313798215507	6.886339286882189e-7
0.6783025367206585	6.965347500681385e-7
0.682394049404262	7.046517508454783e-7
0.6865060196512833	7.129936225169031e-7
0.6906385497495399	7.215695248053095e-7
0.6947917424982876	7.303891181149134e-7
0.6989657012107791	7.394625988347216e-7
0.7031605297168331	7.488007377998423e-7
0.7073763323654171	7.584149222596557e-7
0.7116132140272443	7.683172017476106e-7
0.7158712800973803	7.785203382992276e-7
0.7201506364978669	7.890378615246008e-7
0.724451389680356	7.998841291094869e-7
0.7287736466287575	8.110743933979337e-7
0.7331175148619014	8.226248747984207e-7
0.737483102436211	8.345528428588427e-7
0.7418705179483918	8.468767059735113e-7
0.7462798705381338	8.596161108209816e-7
0.7507112698908246	8.72792052786985e-7
0.7551648262402787	8.864269988052624e-7
0.7596406503714802	9.005450242540542e-7
0.7641388536233378	9.151719657807056e-7
0.7686595478914543	9.303355921967702e-7
0.7732028456309116	9.460657958945351e-7
0.777768859859066	9.623948075900302e-7
0.7823577041583611	9.793574376033187e-7
0.7869694926791531	9.969913473504976e-7
0.7916043401425489	1.0153373552532365e-6
0.7962623618432616	1.034439781878669e-6
0.8009436736524779	1.0543468398164063e-6
0.8056483920207402	1.0751110745918668e-6
0.8103766339808439	1.0967898638204156e-6
0.8151285171507483	1.1194459828392396e-6
0.8199041597365018	1.1431482462322973e-6
0.8247036805351844	1.1679722360082469e-6
0.8295271989378604	1.1940011287236672e-6
0.8343748349325497	1.2213266355935353e-6
0.8392467091072124	1.250050071625444e-6
0.8441429426527486	1.2802835720919464e-6
0.8490636573660123	1.312151477255323e-6
0.8540089756528424	1.3457919092316056e-6
0.8589790205311068	1.3813585682802797e-6
0.8639739156337622	1.4190227796995393e-6
0.868973915633762	1.4588133095448493e-6
0.8739739156337618	1.500870510051736e-6
0.8789739156337616	1.545391222063056e-6
0.8839739156337615	1.5925934780328313e-6
0.8889739156337613	1.6427189354690664e-6
0.893973915633761	1.696035585804281e-6
0.8989739156337608	1.7528407692262081e-6
0.9039739156337606	1.8134645294280348e-6
0.9089739156337604	1.8782733462117768e-6
0.9139739156337602	1.947674288381371e-6
0.91897391563376	2.0221196344701507e-6
0.9239739156337599	2.102112014647001e-6
0.9289739156337596	2.1882101337371917e-6
0.9339739156337594	2.281035142795111e-6
0.9389739156337592	2.3812777352138307e-6
0.943973915633759	2.4897060531152358e-6
0.9489739156337588	2.607174500927012e-6
0.9539739156337586	2.73463357585656e-6
0.9589739156337583	2.873140839694695e-6
0.9639739156337582	3.0238731733682136e-6
0.968973915633758	3.1881404753151848e-6
0.9739739156337578	3.3674009875784714e-6
0.9789739156337576	3.5632784600881715e-6
0.9839739156337574	3.7775813946455756e-6
0.9889739156337571	4.012324646466144e-6
0.9939739156337569	4.269753703792826e-6
0.9989739156337567	4.552372016222627e-6
1.0039739156337566	4.862971801382538e-6
1.0089739156337563	5.204668829045666e-6
1.0139739156337562	5.580941763550042e-6
1.0189739156337558	5.995676741582495e-6
1.0239739156337557	6.4532179754295075e-6
1.0289739156337556	6.958425304342023e-6
1.0339739156337553	7.516739771675534e-6
1.0389739156337552	8.134258486128623e-6
1.0439739156337549	8.817820235032312e-6
1.0489739156337547	9.575103559637434e-6
1.0539739156337544	1.04147392798603e-5
1.0589739156337543	1.1346439771745124e-5
1.0639739156337542	1.2381147656784835e-5
1.0689739156337539	1.3531206958513374e-5
1.0739739156337538	1.4810560216347831e-5
1.0789739156337534	1.6234975513819782e-5
1.0839739156337533	1.7822307867210305e-5
1.088973915633753	1.9592799912921306e-5
1.093973915633753	2.1569427299316044e-5
1.0989739156337526	2.3778294589063997e-5
1.1039739156337525	2.6249087750834887e-5
1.1089739156337524	2.9015589380296638e-5
1.113973915633752	3.211626252535129e-5
1.118973915633752	3.5594908247634916e-5
1.1239739156337516	3.950140063552471e-5
1.1289739156337515	4.3892500647833844e-5
1.1339739156337512	4.883274661623697e-5
1.138973915633751	5.4395414130188235e-5
1.143973915633751	6.0663531012493625e-5
1.1489739156337506	6.773092383488429e-5
1.1539739156337505	7.570326069440851e-5
1.1589739156337502	8.469904077597164e-5
1.16397391563375	9.485046497156685e-5
1.1689739156337497	0.00010630410455092097
1.1739739156337496	0.00011922126850501094
1.1789739156337493	0.0001337779577476061
1.1839739156337492	0.0001501642901023155
1.187980436725312	0.00016475140511444382
1.1919869578168745	0.0001807532828853773
1.1959934789084372	0.0001982831031373458
1.2	0.00021745685106891775
