0.0006999999999999628	1.9449911807466718e-7
0.001403500000000035	1.9463795465989138e-7
0.0021105174999999296	1.9477770051286606e-7
0.0028210700874998964	1.949183565563446e-7
0.003535175437937438	1.9505992985369611e-7
0.004252851315127062	1.9520242762500623e-7
0.004974115571702636	1.9534585716324683e-7
0.005698986149561044	1.9549022583392594e-7
0.006427481080308875	1.9563554107592575e-7
0.007159618485710418	1.9578181040240195e-7
0.007895416578138905	1.9592904140167938e-7
0.008634893661029494	1.960772417381815e-7
0.00937806812933463	1.9622641915337592e-7
0.010124958469981361	1.9637658146672127e-7
0.010875583262331262	1.9652773657665425e-7
0.01162996117864295	1.9667989246156992e-7
0.012388110984536127	1.9683305718082154e-7
0.013150051539458866	1.9698723887576042e-7
0.013915801797156208	1.9714244577074909e-7
0.014685380806142003	1.9729868617423788e-7
0.015458807710172712	1.9745596847981873e-7
0.01623610174872358	1.9761430116731706e-7
0.017017282257467212	1.977736928039057e-7
0.017802368668754516	1.979341520452073e-7
0.01859138051209827	1.9809568763644757e-7
0.019384337414658823	1.9825830841361048e-7
0.020181259101732015	1.984220233046095e-7
0.020982165397240727	1.9858684133048627e-7
0.02178707622422691	1.987527716066165e-7
0.02259601160534814	1.9891982334395023e-7
0.02340899166337483	1.9908800585025247e-7
0.024226036621691812	1.9925732853138622e-7
0.02504716680480027	1.994278008925972e-7
0.025872402638824326	1.9959943253982312e-7
0.02670176465201842	1.9977223318103373e-7
0.02753527347527842	1.9994621262758117e-7
0.028372949842654864	2.0012138079557842e-7
0.0292148145918682	2.0029774770728624e-7
0.03006088866482743	2.0047532349255186e-7
0.03091119310815165	2.0065411839024142e-7
0.0317657490736924	2.0083414274971018e-7
0.03262457781906081	2.0101540703228574e-7
0.03348770070815601	2.0119792181279675e-7
0.034355139211696875	2.0138169778109658e-7
0.035226914907755424	2.015667457436459e-7
0.03610304948229413	2.0175307662509105e-7
0.03698356472970569	2.019407014698816e-7
0.03786848255335419	2.0212963144391772e-7
0.038757824966120964	2.0231987783621886e-7
0.03965161409095162	2.025114520606226e-7
0.04054987216140643	2.027043656575121e-7
0.04145262152221345	2.0289863029556953e-7
0.04235988462982453	2.0309425777355671e-7
0.04327168405297366	2.0329126002213737e-7
0.0441880424732386	2.0348964910572136e-7
0.04510898268560485	2.0368943722433047e-7
0.046034527599032954	2.038906367155233e-7
0.04696470023702812	2.0409326005631873e-7
0.04789952373821329	2.0429731986518053e-7
0.048839021356904266	2.0450282890401084e-7
0.04978321646368884	2.047098000802106e-7
0.05073213254600732	2.0491824644873318e-7
0.05168579320873729	2.0512818121421472e-7
0.052644222174780875	2.0533961773310805e-7
0.05360744328565471	2.0555256951588194e-7
0.054575480502083065	2.0576705022922524e-7
0.055548357904593434	2.059830736983204e-7
0.056526099694116344	2.062006539091478e-7
0.0575087301925869	2.0641980501081912e-7
0.05849627384354973	2.066405413179517e-7
0.05948875521276744	2.0686287731311578e-7
0.06048619898883127	2.0708682764927636e-7
0.061488629983775384	2.0731240715231377e-7
0.06249607313369419	2.075396308235858e-7
0.06350855349936275	2.07768513842508e-7
0.06452609626685958	2.0799907156922605e-7
0.06554872674819387	2.082313195472777e-7
0.06657647038193484	2.0846527350636531e-7
0.06760935273384447	2.0870094936512346e-7
0.06864739949751365	2.0893836323397515e-7
0.0696906364950013	2.0917753141801993e-7
0.07073908967747639	2.0941847041997113e-7
0.07179278512586384	2.0966119694317167e-7
0.07285174905149322	2.0990572789462984e-7
0.0739160077967507	2.1015208038813693e-7
0.07498558783573436	2.104002717474386e-7
0.07606051577491299	2.1065031950944978e-7
0.07714081835378758	2.1090224142753807e-7
0.07822652244555647	2.1115605547488548e-7
0.07931765505778425	2.1141177984787588e-7
0.0804142433330731	2.1166943296957166e-7
0.08151631454973848	2.1192903349325786e-7
0.08262389612248718	2.121906003060268e-7
0.0837370156030995	2.1245415253247344e-7
0.0848557006811149	2.1271970953839933e-7
0.0859799791845205	2.129872909346521e-7
0.08710987908044313	2.1325691658098922e-7
0.08824542847584534	2.135286065900466e-7
0.08938665561822454	2.1380238133135244e-7
0.09053358889631567	2.140782614354563e-7
0.09168625684079722	2.1435626779809994e-7
0.09284468812500112	2.1463642158448612e-7
0.09400891156562617	2.1491874423363749e-7
0.0951789561234543	2.1520325746282193e-7
0.09635485090407148	2.154899832720804e-7
0.09753662515859184	2.1577894394883426e-7
0.0987243082843847	2.1607016207257347e-7
0.09991792982580656	2.163636605196677e-7
0.10111751947493569	2.1665946246823387e-7
0.10232310707231031	2.1695759140313035e-7
0.1035347226076718	2.1725807112102692e-7
0.10475239622071016	2.1756092573559723e-7
0.10597615820181366	2.1786617968280148e-7
0.10720603899282274	2.1817385772627034e-7
0.10844206918778684	2.184839849628086e-7
0.10968427953372567	2.1879658682801404e-7
0.1109327009313943	2.1911168910197808e-7
0.11218736443605135	2.1942931791515564e-7
0.11344830125823162	2.1974949975429338e-7
0.11471554276452282	2.200722614685328e-7
0.11598912047834534	2.2039763027559196e-7
0.11726906608073695	2.2072563376812445e-7
0.11855541141114062	2.2105629992015605e-7
0.11984818846819621	2.2138965709369047e-7
0.12114742941053713	2.2172573404544758e-7
0.12245316655758978	2.2206455993371977e-7
0.1237654323903777	2.2240616432540706e-7
0.12508425955232963	2.2275057720316586e-7
0.12640968085009122	2.2309782897272813e-7
0.1277417292543416	2.2344795047036156e-7
0.1290804379006133	2.2380097297051493e-7
0.13042584009011637	2.2415692819358214e-7
0.1317779692905669	2.2451584831386324e-7
0.13313685913701961	2.2487776596770005e-7
0.13450254343270476	2.2524271426175673e-7
0.13587505614986833	2.2561072678150934e-7
0.13725443143061763	2.2598183759989545e-7
0.13864070358777073	2.2635608128616444e-7
0.14003390710570945	2.2673349291492294e-7
0.14143407664123803	2.2711410807536367e-7
0.1428412470244442	2.2749796288070617e-7
0.1442554532595664	2.2788509397784247e-7
0.14567673052586416	2.28275538557208e-7
0.1471051141784935	2.2866933436283772e-7
0.14854063974938603	2.2906651970268291e-7
0.149983342948133	2.2946713345913866e-7
0.15143325966287374	2.2987121509980832e-7
0.15289042596118813	2.3027880468851007e-7
0.15435487809099402	2.3068994289653655e-7
0.15582665248144906	2.3110467101415527e-7
0.1573057857438562	2.3152303096239916e-7
0.15879231467257537	2.3194506530508703e-7
0.16028627624593816	2.3237081726114328e-7
0.16178770762716785	2.3280033071719796e-7
0.16329664616530362	2.332336502404649e-7
0.16481312939613008	2.3367082109194817e-7
0.1663371950431107	2.3411188923989463e-7
0.16786888101832628	2.345569013736314e-7
0.1694082254234178	2.350059049176753e-7
0.1709552665505349	2.354589480461961e-7
0.17251004288328747	2.3591607969780398e-7
0.17407259309770393	2.3637734959070928e-7
0.17564295606319252	2.3684280823821485e-7
0.17722117084350858	2.373125069646041e-7
0.17880727669772617	2.3778649792138414e-7
0.18040131308121476	2.3826483410392287e-7
0.18200331964662084	2.387475693685138e-7
0.18361333624485401	2.3923475844980563e-7
0.18523140292607826	2.397264569787004e-7
0.18685755994070874	2.402227215006485e-7
0.1884918477404122	2.4072360949442077e-7
0.19013430697911424	2.412291793913247e-7
0.1917849785140098	2.4173949059489606e-7
0.19344390340657974	2.4225460350108183e-7
0.19511112292361268	2.4277457951891015e-7
0.1967866785382308	2.432994810916903e-7
0.19847061193092203	2.4382937171874946e-7
0.20016296499057665	2.44364315977682e-7
0.20186377981552947	2.4490437954718967e-7
0.2035730987146071	2.4544962923048417e-7
0.20529096420818022	2.460001329792974e-7
0.20701741902922113	2.465559599184862e-7
0.20875250612436722	2.4711718037127947e-7
0.210496268654989	2.4768386588517076e-7
0.21224874999826396	2.482560892584751e-7
0.21400999374825516	2.488339245675731e-7
0.21578004371699644	2.4941744719488293e-7
0.21755894393558148	2.5000673385751636e-7
0.2193467386552594	2.506018626367502e-7
0.22114347234853576	2.5120291300820744e-7
0.22294918971027836	2.518099658728901e-7
0.2247639356588297	2.5242310358900285e-7
0.2265877553371239	2.53042410004631e-7
0.2284206941138094	2.5366797049130115e-7
0.23026279758437848	2.5429987197843365e-7
0.23211411157230027	2.549382029887391e-7
0.23397468213016168	2.555830536745433e-7
0.23584455554081238	2.5623451585514025e-7
0.23772377831851643	2.56892683055127e-7
0.23961239721010893	2.575576505438256e-7
0.24151045919615952	2.5822951537575635e-7
0.24341801149214037	2.589083764322639e-7
0.24533510154960114	2.595943344642593e-7
0.24726177705734917	2.6028749213620297e-7
0.24919808594263576	2.609879540712853e-7
0.251144076372349	2.616958268978756e-7
0.2530997967542107	2.6241121929732376e-7
0.2550652957379817	2.63134242053049e-7
0.2570406222166717	2.6386500810112667e-7
0.2590258253277551	2.6460363258220425e-7
0.26102095445439405	2.653502328950219e-7
0.2630260592266659	2.661049287514038e-7
0.2650411895227993	2.6686784223287356e-7
0.2670663954704134	2.6763909784891943e-7
0.26910172744776534	2.6841882259695757e-7
0.27114723608500396	2.6920714602406805e-7
0.27320297226542917	2.7000420029054066e-7
0.27526898712675635	2.708101202353123e-7
0.27734533206239	2.7162504344336655e-7
0.2794320587227019	2.7244911031512345e-7
0.2815292190163153	2.7328246413795256e-7
0.2836368651113967	2.74125251159791e-7
0.28575504943695385	2.74977620665083e-7
0.28788382468413853	2.7583972505292905e-7
0.29002324380755934	2.7671171991771434e-7
0.29217336002659705	2.7759376413218636e-7
0.29433422682673016	2.7848601993307954e-7
0.29650589796086374	2.793886530094586e-7
0.29868842745066804	2.8030183259374126e-7
0.30088186958792124	2.8122573155565643e-7
0.3030862789358609	2.821605264990956e-7
0.30530171033054027	2.831063978620768e-7
0.307528218882193	2.840635300198637e-7
0.30976585997660405	2.85032111391391e-7
0.312014689276487	2.860123345491133e-7
0.31427476272286925	2.870043963323898e-7
0.3165461365364837	2.8800849796454887e-7
0.3188288672191662	2.8902484517376344e-7
0.32112301155526213	2.9005364831793597e-7
0.32342862661303834	2.9109512251360017e-7
0.3257457697461036	2.9214948776916724e-7
0.32807449859483384	2.9321696912259086e-7
0.3304148710878078	2.9429779678360604e-7
0.33276694544324686	2.9539220628074855e-7
0.33513078017046305	2.9650043861338144e-7
0.33750643407131514	2.976227404088278e-7
0.3398939662416715	2.9875936408487983e-7
0.3422934360728799	2.9991056801790933e-7
0.34470490325324404	3.0107661671671915e-7
0.3471284277695101	3.022577810024689e-7
0.34956406990835764	3.03454338194825e-7
0.3520118902578995	3.046665723046556e-7
0.354471949709189	3.058947742334837e-7
0.3569443094577349	3.0713924198002097e-7
0.3594290310050235	3.084002808540218e-7
0.3619261761600484	3.096782036977956e-7
0.3644358070408486	3.109733311156846e-7
0.36695798607605284	3.122859917118334e-7
0.36949277600643327	3.1361652233658337e-7
0.37204023988646523	3.1496526834187675e-7
0.3746004410858973	3.163325838460757e-7
0.3771734432913268	3.177188320084796e-7
0.3797593105077832	3.191243853141273e-7
0.3823581070603219	3.2054962586918245e-7
0.38496989759562367	3.2199494570740394e-7
0.3875947470836016	3.2346074710823156e-7
0.3902327208190196	3.2494744292690264e-7
0.3928838844231145	3.2645545693720146e-7
0.39554830384522993	3.2798522418734167e-7
0.3982260453644561	3.2953719136964475e-7
0.4009171755912785	3.3111181720450454e-7
0.40362176146923495	3.3270957283939806e-7
0.40633987027658097	3.3433094226358006e-7
0.4090715696279639	3.359764227390775e-7
0.4118169274761037	3.376465252489463e-7
0.4145760121134843	3.3934177496331564e-7
0.4173488921740515	3.410627117242646e-7
0.4201356366349219	3.428098905502403e-7
0.42293631481809635	3.4458388216104614e-7
0.4257509963921868	3.4638527352431215e-7
0.42857975137414767	3.482146684243919e-7
0.43142265013101855	3.5007268805494064e-7
0.43427976338167373	3.519599716360734e-7
0.43715116219858224	3.538771770574821e-7
0.44003691800957523	3.558249815485962e-7
0.44293710259962304	3.578040823772648e-7
0.4458517881126211	3.598151975781937e-7
0.44878104705318417	3.618590667127546e-7
0.45172495228844983	3.639364516615561e-7
0.45468357704989204	3.660481374515873e-7
0.4576569949351413	3.681949331195038e-7
0.46064527990981685	3.703776726129662e-7
0.4636485063093658	3.725972157319769e-7
0.4666667488409128	3.748544491121786e-7
0.4697000825851173	3.771502872523346e-7
0.4727485829980427	3.7948567358828444e-7
0.47581232591303285	3.818615816157234e-7
0.478891387542598	3.8427901606446305e-7
0.48198584448031084	3.8673901412681307e-7
0.4850957737027124	3.8924264674298186e-7
0.48822125257122595	3.917910199465787e-7
0.49136235883408197	3.9438527627341577e-7
0.4945191706282523	3.9702659623702183e-7
0.4976917664813935	3.9971619987463967e-7
0.5008802253138004	4.0245534836737717e-7
0.5040846264403696	4.0524534573882577e-7
0.5073050495725715	4.080875406364103e-7
0.5105415748204343	4.109833282001122e-7
0.5137942826945365	4.1393415202361266e-7
0.517063254108009	4.1694150621301125e-7
0.5203485703785492	4.2000693754882507e-7
0.5236503132304419	4.2313204775720184e-7
0.5269685647965939	4.263184958967037e-7
0.5303034076205766	4.295680008675737e-7
0.5336549246586795	4.3288234405054015e-7
0.5370231992819728	4.362633720831901e-7
0.5404083152783826	4.3971299978191833e-7
0.5438103568547747	4.43233213218507e-7
0.5472294086390483	4.468260729606656e-7
0.5506655556822436	4.504937174868403e-7
0.5541188834606549	4.542383667859649e-7
0.5575894778779582	4.580623261539354e-7
0.5610774252673477	4.6196799019922534e-7
0.5645828123936844	4.659578470710758e-7
0.5681057264556525	4.7003448292459643e-7
0.5716462550879309	4.742005866383628e-7
0.5752044863633705	4.784589548010193e-7
0.5787805087951873	4.828124969848629e-7
0.5823744113391631	4.872642413257647e-7
0.5859862833958588	4.918173404301288e-7
0.5896162148128381	4.964750776315049e-7
0.5932642958869024	5.012408736209604e-7
0.5969306173663369	5.06118293477635e-7
0.6006152704531684	5.111110541278219e-7
0.6043183468054344	5.162230322633238e-7
0.6080399385394615	5.214582727526084e-7
0.6117801382321587	5.268209975810031e-7
0.6155390389233192	5.323156153593153e-7
0.6193167341179359	5.379467314439865e-7
0.6231133177885255	5.437191587154321e-7
0.6269288843774683	5.496379290658129e-7
0.6307635287993556	5.557083056519459e-7
0.6346173464433522	5.619357959745831e-7
0.6384904331755688	5.683261658509671e-7
0.6423828853414466	5.748854543541835e-7
0.6462947997681537	5.816199898000806e-7
0.6502262737669944	5.885364068707284e-7
0.6541774051358293	5.956416649725496e-7
0.6581482921615082	6.029430679372534e-7
0.6621390336223156	6.104482851856458e-7
0.6661497287904271	6.181653744869502e-7
0.6701804774343789	6.261028064610367e-7
0.6742313798215507	6.342694909877578e-7
0.6783025367206585	6.426748057056103e-7
0.682394049404262	6.513286268040692e-7
0.6865060196512833	6.602413623370951e-7
0.6906385497495399	6.694239883135078e-7
0.6947917424982876	6.788880878505559e-7
0.6989657012107791	6.886458937130708e-7
0.7031605297168331	6.987103346009385e-7
0.7073763323654171	7.09095085594757e-7
0.7116132140272443	7.198146232223355e-7
0.7158712800973803	7.308842856706047e-7
0.7201506364978669	7.423203387377772e-7
0.724451389680356	7.541400482013292e-7
0.7287736466287575	7.66361759371702e-7
0.7331175148619014	7.790049847079032e-7
0.737483102436211	7.920905004965901e-7
0.7418705179483918	8.056404537390068e-7
0.7462798705381338	8.196784805555377e-7
0.7507112698908246	8.342298376097265e-7
0.7551648262402787	8.493215482741247e-7
0.7596406503714802	8.649825655169923e-7
0.7641388536233378	8.812439537842838e-7
0.7686595478914543	8.981390924941651e-7
0.7732028456309116	9.157039041571723e-7
0.777768859859066	9.339771105928711e-7
0.7823577041583611	9.530005212429472e-7
0.7869694926791531	9.72819358192446e-7
0.7916043401425489	9.934826232157197e-7
0.7962623618432616	1.0150435129786999e-6
0.8009436736524779	1.0375598894672237e-6
0.8056483920207402	1.0610948137923136e-6
0.8103766339808439	1.0857171527675258e-6
0.8151285171507483	1.1115022690837861e-6
0.8199041597365018	1.138532807550368e-6
0.8247036805351844	1.1668995917561094e-6
0.8295271989378604	1.1967026476680844e-6
0.8343748349325497	1.2280523731626802e-6
0.8392467091072124	1.261070875324313e-6
0.8441429426527486	1.295893500597828e-6
0.8490636573660123	1.332670586605031e-6
0.8540089756528424	1.3715694687024636e-6
0.8589790205311068	1.4127767792483928e-6
0.8639739156337622	1.4565010831584544e-6
0.868973915633762	1.5027866646910533e-6
0.8739739156337618	1.551808476565245e-6
0.8789739156337616	1.6038091440885178e-6
0.8839739156337615	1.6590584265539232e-6
0.8889739156337613	1.7178564986962855e-6
0.893973915633761	1.7805376230565659e-6
0.8989739156337608	1.8474742580420583e-6
0.9039739156337606	1.919081651539742e-6
0.9089739156337604	1.995822975766219e-6
0.9139739156337602	2.0782150655921927e-6
0.91897391563376	2.166834829942395e-6
0.9239739156337599	2.2623264141252476e-6
0.9289739156337596	2.3654092001778076e-6
0.9339739156337594	2.476886742609766e-6
0.9389739156337592	2.5976567483948312e-6
0.943973915633759	2.728722222794529e-6
0.9489739156337588	2.87120391672644e-6
0.9539739156337586	3.026354227038053e-6
0.9589739156337583	3.195572718379345e-6
0.9639739156337582	3.380423454555405e-6
0.968973915633758	3.5826543485090685e-6
0.9739739156337578	3.8042187636849984e-6
0.9789739156337576	4.047299625775266e-6
0.9839739156337574	4.3143363331227545e-6
0.9889739156337571	4.6080547868129366e-6
0.9939739156337569	4.931500898283338e-6
0.9989739156337567	5.288077973788818e-6
1.0039739156337566	5.681588422095393e-6
1.0089739156337563	6.116280285311167e-6
1.0139739156337562	6.596899153954632e-6
1.0189739156337558	7.1287460975665616e-6
1.0239739156337557	7.717742322943944e-6
1.0289739156337556	8.370501365180803e-6
1.0339739156337553	9.094409724023562e-6
1.0389739156337552	9.897716981591408e-6
1.0439739156337549	1.0789636579124221e-5
1.0489739156337547	1.178045859173355e-5
1.0539739156337544	1.288167602199668e-5
1.0589739156337543	1.4106126335409968e-5
1.0639739156337542	1.5468150181017682e-5
1.0689739156337539	1.6983769473921927e-5
1.0739739156337538	1.8670887253726946e-5
1.0789739156337534	2.05495119594191e-5
1.0839739156337533	2.26420089542312e-5
1.088973915633753	2.4973382261127157e-5
1.093973915633753	2.757158948555013e-5
1.0989739156337526	3.04678927462581e-5
1.1039739156337525	3.369724802856307e-5
1.1089739156337524	3.729873461773478e-5
1.113973915633752	4.131602504304277e-5
1.118973915633752	4.579789412461689e-5
1.1239739156337516	5.07987631116154e-5
1.1289739156337515	5.637927137515569e-5
1.1339739156337512	6.260686353647973e-5
1.138973915633751	6.955637418751903e-5
1.143973915633751	7.731058551826169e-5
1.1489739156337506	8.596072539618802e-5
1.1539739156337505	9.560686519662178e-5
1.1589739156337502	0.00010635816875898488
1.16397391563375	0.00011833293747824586
1.1689739156337497	0.00013165839344907607
1.1739739156337496	0.00014647014491226627
1.1789739156337493	0.00016291128838837786
1.1839739156337492	0.0001811311220107844
1.187980436725312	0.00019711776931228653
1.1919869578168745	0.00021442581580485593
1.1959934789084372	0.00023313580745855917
1.2	0.00025332801271639243
