0.0006999999999999628	2.853678440486131e-6
0.001403500000000035	2.8553514488182523e-6
0.0021105174999999296	2.857034662213856e-6
0.0028210700874998964	2.8587281505958696e-6
0.003535175437937438	2.8604319874805123e-6
0.004252851315127062	2.8621462470158084e-6
0.004974115571702636	2.863871003969474e-6
0.005698986149561044	2.865606333742185e-6
0.006427481080308875	2.867352312379004e-6
0.007159618485710418	2.869109016580061e-6
0.007895416578138905	2.8708765237101105e-6
0.008634893661029494	2.8726549118078272e-6
0.00937806812933463	2.8744442595948874e-6
0.010124958469981361	2.8762446464845207e-6
0.010875583262331262	2.8780561525903246e-6
0.01162996117864295	2.8798788587348798e-6
0.012388110984536127	2.8817128464582623e-6
0.013150051539458866	2.8835581980267014e-6
0.013915801797156208	2.885414996441011e-6
0.014685380806142003	2.887283325445514e-6
0.015458807710172712	2.8891632695365046e-6
0.01623610174872358	2.8910549139711207e-6
0.017017282257467212	2.8929583447762923e-6
0.017802368668754516	2.894873648757434e-6
0.01859138051209827	2.8968009135076897e-6
0.019384337414658823	2.898740227417009e-6
0.020181259101732015	2.9006916796812525e-6
0.020982165397240727	2.902655360311707e-6
0.02178707622422691	2.904631360144411e-6
0.02259601160534814	2.9066197708497593e-6
0.02340899166337483	2.90862068494214e-6
0.024226036621691812	2.9106341957899215e-6
0.02504716680480027	2.91266039762503e-6
0.025872402638824326	2.9146993855534496e-6
0.02670176465201842	2.9167512555650596e-6
0.02753527347527842	2.918816104544186e-6
0.028372949842654864	2.920894030279952e-6
0.0292148145918682	2.9229851314769407e-6
0.03006088866482743	2.9250895077660552e-6
0.03091119310815165	2.9272072597152383e-6
0.0317657490736924	2.9293384888404607e-6
0.03262457781906081	2.931483297617415e-6
0.03348770070815601	2.9336417894923553e-6
0.034355139211696875	2.9358140688937203e-6
0.035226914907755424	2.938000241244186e-6
0.03610304948229413	2.9402004129720017e-6
0.03698356472970569	2.94241469152339e-6
0.03786848255335419	2.9446431853745986e-6
0.038757824966120964	2.946886004044228e-6
0.03965161409095162	2.949143258105817e-6
0.04054987216140643	2.951415059200629e-6
0.04145262152221345	2.9537015200504863e-6
0.04235988462982453	2.9560027544707836e-6
0.04327168405297366	2.958318877383858e-6
0.0441880424732386	2.9606500048326823e-6
0.04510898268560485	2.962996253994e-6
0.046034527599032954	2.965357743192732e-6
0.04696470023702812	2.9677345919157673e-6
0.04789952373821329	2.9701269208263056e-6
0.048839021356904266	2.972534851778363e-6
0.04978321646368884	2.974958507831395e-6
0.05073213254600732	2.977398013265455e-6
0.05168579320873729	2.9798534935960984e-6
0.052644222174780875	2.9823250755898405e-6
0.05360744328565471	2.9848128872798305e-6
0.054575480502083065	2.987317057981537e-6
0.055548357904593434	2.989837718308999e-6
0.056526099694116344	2.992375000191034e-6
0.0575087301925869	2.9949290368878534e-6
0.05849627384354973	2.997499963007823e-6
0.05948875521276744	3.0000879145246495e-6
0.06048619898883127	3.0026930287945522e-6
0.061488629983775384	3.0053154445740583e-6
0.06249607313369419	3.0079553020377214e-6
0.06350855349936275	3.0106127427963163e-6
0.06452609626685958	3.013287909915378e-6
0.06554872674819387	3.015980947933646e-6
0.06657647038193484	3.0186920028823356e-6
0.06760935273384447	3.0214212223043136e-6
0.06864739949751365	3.024168755273684e-6
0.0696906364950013	3.0269347524157268e-6
0.07073908967747639	3.029719365927195e-6
0.07179278512586384	3.0325227495966483e-6
0.07285174905149322	3.035345058825507e-6
0.0739160077967507	3.038186450649178e-6
0.07498558783573436	3.0410470837584494e-6
0.07606051577491299	3.0439271185216813e-6
0.07714081835378758	3.0468267170066878e-6
0.07822652244555647	3.0497460430034386e-6
0.07931765505778425	3.0526852620470105e-6
0.0804142433330731	3.0556445414410036e-6
0.08151631454973848	3.0586240502808876e-6
0.08262389612248718	3.0616239594785137e-6
0.0837370156030995	3.0646444417861093e-6
0.0848557006811149	3.0676856718213993e-6
0.0859799791845205	3.070747826092891e-6
0.08710987908044313	3.073831083025388e-6
0.08824542847584534	3.076935622986143e-6
0.08938665561822454	3.0800616283114855e-6
0.09053358889631567	3.0832092833334852e-6
0.09168625684079722	3.086378774407677e-6
0.09284468812500112	3.0895702899407357e-6
0.09400891156562617	3.0927840204188166e-6
0.0951789561234543	3.0960201584364517e-6
0.09635485090407148	3.099278898725658e-6
0.09753662515859184	3.1025604381857493e-6
0.0987243082843847	3.1058649759137024e-6
0.09991792982580656	3.109192713234784e-6
0.10111751947493569	3.112543853733949e-6
0.10232310707231031	3.1159186032877243e-6
0.1035347226076718	3.11931717009629e-6
0.10475239622071016	3.1227397647167377e-6
0.10597615820181366	3.126186600096362e-6
0.10720603899282274	3.1296578916067726e-6
0.10844206918778684	3.1331538570784303e-6
0.10968427953372567	3.1366747168361297e-6
0.1109327009313943	3.1402206937346194e-6
0.11218736443605135	3.143792013195153e-6
0.11344830125823162	3.1473889032426235e-6
0.11471554276452282	3.1510115945432153e-6
0.11598912047834534	3.1546603204430403e-6
0.11726906608073695	3.1583353170069677e-6
0.11855541141114062	3.1620368230585984e-6
0.11984818846819621	3.165765080220588e-6
0.12114742941053713	3.1695203329560363e-6
0.12245316655758978	3.173302828610221e-6
0.1237654323903777	3.177112817453575e-6
0.12508425955232963	3.180950552724634e-6
0.12640968085009122	3.1848162906748125e-6
0.1277417292543416	3.188710290613065e-6
0.1290804379006133	3.192632814951869e-6
0.13042584009011637	3.1965841292537655e-6
0.1317779692905669	3.2005645022790636e-6
0.13313685913701961	3.204574206033956e-6
0.13450254343270476	3.208613515820027e-6
0.13587505614986833	3.212682710284337e-6
0.13725443143061763	3.2167820714703834e-6
0.13864070358777073	3.2209118848702944e-6
0.14003390710570945	3.22507243947761e-6
0.14143407664123803	3.229264027841604e-6
0.1428412470244442	3.2334869461219028e-6
0.1442554532595664	3.2377414941445685e-6
0.14567673052586416	3.2420279754594146e-6
0.1471051141784935	3.2463466973977413e-6
0.14854063974938603	3.250697971131837e-6
0.149983342948133	3.2550821117352093e-6
0.15143325966287374	3.259499438244002e-6
0.15289042596118813	3.2639502737199356e-6
0.15435487809099402	3.268434945313734e-6
0.15582665248144906	3.272953784330511e-6
0.1573057857438562	3.277507126296075e-6
0.15879231467257537	3.28209531102438e-6
0.16028627624593816	3.2867186826865393e-6
0.16178770762716785	3.291377589881091e-6
0.16329664616530362	3.2960723857055494e-6
0.16481312939613008	3.300803427829482e-6
0.1663371950431107	3.3055710785689208e-6
0.16786888101832628	3.3103757049623138e-6
0.1694082254234178	3.3152176788478647e-6
0.1709552665505349	3.3200973769425465e-6
0.17251004288328747	3.325015180922617e-6
0.17407259309770393	3.329971477505612e-6
0.17564295606319252	3.3349666585342523e-6
0.17722117084350858	3.340001121061849e-6
0.17880727669772617	3.3450752674394353e-6
0.18040131308121476	3.3501895054045477e-6
0.18200331964662084	3.3553442481723025e-6
0.18361333624485401	3.360539914527593e-6
0.18523140292607826	3.3657769289197607e-6
0.18685755994070874	3.371055721558926e-6
0.1884918477404122	3.376376728514187e-6
0.19013430697911424	3.3817403918145702e-6
0.1917849785140098	3.387147159550747e-6
0.19344390340657974	3.3925974859802344e-6
0.19511112292361268	3.398091831633908e-6
0.1967866785382308	3.4036306634251185e-6
0.19847061193092203	3.4092144547609596e-6
0.20016296499057665	3.4148436856559303e-6
0.20186377981552947	3.420518842848011e-6
0.2035730987146071	3.426240419917059e-6
0.20529096420818022	3.4320089174061662e-6
0.20701741902922113	3.4378248429449216e-6
0.20875250612436722	3.443688711375839e-6
0.210496268654989	3.449601044883461e-6
0.21224874999826396	3.455562373126046e-6
0.21400999374825516	3.4615732333701125e-6
0.21578004371699644	3.467634170628187e-6
0.21755894393558148	3.473745737799307e-6
0.2193467386552594	3.4799084958126023e-6
0.22114347234853576	3.4861230137742905e-6
0.22294918971027836	3.4923898691176167e-6
0.2247639356588297	3.498709647756205e-6
0.2265877553371239	3.505082944240948e-6
0.2284206941138094	3.511510361920294e-6
0.23026279758437848	3.517992513104135e-6
0.23211411157230027	3.524530019231403e-6
0.23397468213016168	3.5311235110413007e-6
0.23584455554081238	3.537773628748875e-6
0.23772377831851643	3.5444810222238857e-6
0.23961239721010893	3.551246351174522e-6
0.24151045919615952	3.5580702853345665e-6
0.24341801149214037	3.5649535046556696e-6
0.24533510154960114	3.5718966995031986e-6
0.24726177705734917	3.578900570857565e-6
0.24919808594263576	3.585965830519397e-6
0.251144076372349	3.5930932013201032e-6
0.2530997967542107	3.6002834173369683e-6
0.2550652957379817	3.607537224113756e-6
0.2570406222166717	3.6148553788860007e-6
0.2590258253277551	3.6222386508122216e-6
0.26102095445439405	3.6296878212101784e-6
0.2630260592266659	3.637203683799079e-6
0.2650411895227993	3.6447870449473672e-6
0.2670663954704134	3.652438723926844e-6
0.26910172744776534	3.6601595531726417e-6
0.27114723608500396	3.6679503785496804e-6
0.27320297226542917	3.6758120596253507e-6
0.27526898712675635	3.683745469949592e-6
0.27734533206239	3.691751497340883e-6
0.2794320587227019	3.6998310441803745e-6
0.2815292190163153	3.7079850277122127e-6
0.2836368651113967	3.716214380352511e-6
0.28575504943695385	3.7245200500050074e-6
0.28788382468413853	3.7329030003854747e-6
0.29002324380755934	3.7413642113538588e-6
0.29217336002659705	3.7499046792550327e-6
0.29433422682673016	3.7585254172681802e-6
0.29650589796086374	3.7672274557650756e-6
0.29868842745066804	3.77601184267775e-6
0.30088186958792124	3.7848796438754466e-6
0.3030862789358609	3.7938319435514794e-6
0.30530171033054027	3.8028698446200454e-6
0.307528218882193	3.811994469123428e-6
0.30976585997660405	3.821206958650238e-6
0.312014689276487	3.830508474764e-6
0.31427476272286925	3.839900199443839e-6
0.3165461365364837	3.849383335536265e-6
0.3188288672191662	3.858959107219398e-6
0.32112301155526213	3.868628760479869e-6
0.32342862661303834	3.8783935636017615e-6
0.3257457697461036	3.888254807669668e-6
0.32807449859483384	3.898213807084939e-6
0.3304148710878078	3.9082719000963115e-6
0.33276694544324686	3.918430449344769e-6
0.33513078017046305	3.92869084242389e-6
0.33750643407131514	3.939054492455111e-6
0.3398939662416715	3.949522838679749e-6
0.3422934360728799	3.960097347066888e-6
0.34470490325324404	3.970779510938574e-6
0.3471284277695101	3.98157085161298e-6
0.34956406990835764	3.9924729190652664e-6
0.3520118902578995	4.0034872926075335e-6
0.354471949709189	4.0146155815882866e-6
0.3569443094577349	4.02585942611171e-6
0.3594290310050235	4.03722049777818e-6
0.3619261761600484	4.048700500445751e-6
0.3644358070408486	4.06030117101426e-6
0.36695798607605284	4.072024280231875e-6
0.36949277600643327	4.083871633526095e-6
0.37204023988646523	4.0958450718586e-6
0.3746004410858973	4.107946472606064e-6
0.3771734432913268	4.120177750466764e-6
0.3797593105077832	4.13254085839481e-6
0.3823581070603219	4.1450377885623075e-6
0.38496989759562367	4.157670573350524e-6
0.3875947470836016	4.170441286371604e-6
0.3902327208190196	4.183352043521237e-6
0.3928838844231145	4.196405004063711e-6
0.39554830384522993	4.209602371750512e-6
0.3982260453644561	4.222946395973669e-6
0.4009171755912785	4.236439372955183e-6
0.40362176146923495	4.250083646973353e-6
0.40633987027658097	4.263881611628196e-6
0.4090715696279639	4.27783571114694e-6
0.4118169274761037	4.2919484417304645e-6
0.4145760121134843	4.306222352943657e-6
0.4173488921740515	4.320660049149885e-6
0.4201356366349219	4.335264190992104e-6
0.42293631481809635	4.350037496922175e-6
0.4257509963921868	4.364982744779757e-6
0.42857975137414767	4.380102773423703e-6
0.43142265013101855	4.395400484416624e-6
0.43427976338167373	4.410878843765884e-6
0.43715116219858224	4.426540883722406e-6
0.44003691800957523	4.442389704640041e-6
0.44293710259962304	4.458428476897591e-6
0.4458517881126211	4.474660442885945e-6
0.44878104705318417	4.491088919063103e-6
0.45172495228844983	4.507717298079407e-6
0.45468357704989204	4.5245490509766225e-6
0.4576569949351413	4.541587729462695e-6
0.46064527990981685	4.558836968265834e-6
0.4636485063093658	4.576300487571749e-6
0.4666667488409128	4.593982095546075e-6
0.4697000825851173	4.611885690946105e-6
0.4727485829980427	4.630015265826804e-6
0.47581232591303285	4.648374908342153e-6
0.478891387542598	4.666968805648662e-6
0.48198584448031084	4.685801246913613e-6
0.4850957737027124	4.70487662643296e-6
0.48822125257122595	4.724199446863295e-6
0.49136235883408197	4.7437743225733295e-6
0.4945191706282523	4.763605983118906e-6
0.4976917664813935	4.783699276848003e-6
0.5008802253138004	4.804059174639897e-6
0.5040846264403696	4.824690773786359e-6
0.5073050495725715	4.845599302018444e-6
0.5105415748204343	4.866790121686997e-6
0.5137942826945365	4.8882687341033776e-6
0.517063254108009	4.910040784046178e-6
0.5203485703785492	4.932112064443592e-6
0.5236503132304419	4.954488521235658e-6
0.5269685647965939	4.977176258428638e-6
0.5303034076205766	5.000181543345429e-6
0.5336549246586795	5.023510812085173e-6
0.5370231992819728	5.047170675197515e-6
0.5404083152783826	5.0711679235844625e-6
0.5438103568547747	5.095509534636874e-6
0.5472294086390483	5.120202678619552e-6
0.5506655556822436	5.145254725312504e-6
0.5541188834606549	5.170673250923595e-6
0.5575894778779582	5.1964660452821015e-6
0.5610774252673477	5.222641119327873e-6
0.5645828123936844	5.249206712908546e-6
0.5681057264556525	5.2761713028995954e-6
0.5716462550879309	5.3035436116616005e-6
0.5752044863633705	5.33133261585165e-6
0.5787805087951873	5.35954755560333e-6
0.5823744113391631	5.3881979440945235e-6
0.5859862833958588	5.417293577520225e-6
0.5896162148128381	5.446844545489667e-6
0.5932642958869024	5.476861241867984e-6
0.5969306173663369	5.507354376083751e-6
0.6006152704531684	5.538334984924355e-6
0.6043183468054344	5.5698144448432254e-6
0.6080399385394615	5.601804484803234e-6
0.6117801382321587	5.634317199682531e-6
0.6155390389233192	5.667365064270839e-6
0.6193167341179359	5.700960947883695e-6
0.6231133177885255	5.735118129627485e-6
0.6269288843774683	5.769850314345745e-6
0.6307635287993556	5.805171649281031e-6
0.6346173464433522	5.841096741489308e-6
0.6384904331755688	5.877640676043307e-6
0.6423828853414466	5.9148190350665525e-6
0.6462947997681537	5.952647917638822e-6
0.6502262737669944	5.991143960618732e-6
0.6541774051358293	6.0303243604303215e-6
0.6581482921615082	6.070206895865131e-6
0.6621390336223156	6.110809951950946e-6
0.6661497287904271	6.1521525449456055e-6
0.6701804774343789	6.194254348516008e-6
0.6742313798215507	6.237135721165659e-6
0.6783025367206585	6.2808177349811075e-6
0.682394049404262	6.32532220577041e-6
0.6865060196512833	6.370671724673646e-6
0.6906385497495399	6.416889691332328e-6
0.6947917424982876	6.464000348710621e-6
0.6989657012107791	6.512028819671886e-6
0.7031605297168331	6.561001145423028e-6
0.7073763323654171	6.610944325950157e-6
0.7116132140272443	6.661886362585263e-6
0.7158712800973803	6.713856302858209e-6
0.7201506364978669	6.766884287807662e-6
0.724451389680356	6.821001601949373e-6
0.7287736466287575	6.8762407261268144e-6
0.7331175148619014	6.932635393501151e-6
0.737483102436211	6.990220648980778e-6
0.7418705179483918	7.0490329124331e-6
0.7462798705381338	7.109110046081143e-6
0.7507112698908246	7.17049142655629e-6
0.7551648262402787	7.233218022153319e-6
0.7596406503714802	7.297332475939794e-6
0.7641388536233378	7.362879195475689e-6
0.7686595478914543	7.429904450043961e-6
0.7732028456309116	7.4984564764488796e-6
0.777768859859066	7.568585594629098e-6
0.7823577041583611	7.640344334556392e-6
0.7869694926791531	7.71378757615202e-6
0.7916043401425489	7.788972704254998e-6
0.7962623618432616	7.865959781033866e-6
0.8009436736524779	7.944811738635573e-6
0.8056483920207402	8.025594595337493e-6
0.8103766339808439	8.108377699001213e-6
0.8151285171507483	8.193234002226898e-6
0.8199041597365018	8.280240374287036e-6
0.8247036805351844	8.369477955669465e-6
0.8295271989378604	8.461032561884335e-6
0.8343748349325497	8.554995144091822e-6
0.8392467091072124	8.651462315070989e-6
0.8441429426527486	8.750536950073462e-6
0.8490636573660123	8.85232887318486e-6
0.8540089756528424	8.956955640925704e-6
0.8589790205311068	9.0645434359781e-6
0.8639739156337622	9.175228085108047e-6
0.868973915633762	9.288699826654333e-6
0.8739739156337618	9.404960174968084e-6
0.8789739156337616	9.524131674222341e-6
0.8839739156337615	9.646347154123348e-6
0.8889739156337613	9.771750875157167e-6
0.893973915633761	9.900499782396417e-6
0.8989739156337608	1.0032764875957174e-5
0.9039739156337606	1.0168732707195925e-5
0.9089739156337604	1.0308607011735295e-5
0.9139739156337602	1.0452610493027875e-5
0.91897391563376	1.060098677346906e-5
0.9239739156337599	1.075400253408568e-5
0.9289739156337596	1.0911949868585006e-5
0.9339739156337594	1.107514888306538e-5
0.9389739156337592	1.1243950578978655e-5
0.943973915633759	1.1418740064044679e-5
0.9489739156337588	1.1599940143821439e-5
0.9539739156337586	1.1788015355623026e-5
0.9589739156337583	1.1983476516656133e-5
0.9639739156337582	1.2186885869807682e-5
0.968973915633758	1.2398862923798414e-5
0.9739739156337578	1.2620091099780542e-5
0.9789739156337576	1.2851325314385415e-5
0.9839739156337574	1.3093400650263056e-5
0.9889739156337571	1.3347242289982312e-5
0.9939739156337569	1.3613876918518772e-5
0.9989739156337567	1.3894445834395089e-5
1.0039739156337566	1.4190220050857876e-5
1.0089739156337563	1.450261771757055e-5
1.0139739156337562	1.4833224251578065e-5
1.0189739156337558	1.5183815635512664e-5
1.0239739156337557	1.5556385423175195e-5
1.0289739156337556	1.595317609017667e-5
1.0339739156337553	1.6376715483123266e-5
1.0389739156337552	1.6829859258289203e-5
1.0439739156337549	1.731584036387124e-5
1.0489739156337547	1.7838326813505644e-5
1.0539739156337544	1.8401489228299994e-5
1.0589739156337543	1.901007989663795e-5
1.0639739156337542	1.9669525422875795e-5
1.0689739156337539	2.038603541619401e-5
1.0739739156337538	2.116673011882413e-5
1.0789739156337534	2.2019790399135608e-5
1.0839739156337533	2.2954634151159503e-5
1.088973915633753	2.3982123860268994e-5
1.093973915633753	2.5114810927643006e-5
1.0989739156337526	2.6367223306319572e-5
1.1039739156337525	2.775620410057377e-5
1.1089739156337524	2.9301310026888462e-5
1.113973915633752	3.102528003292447e-5
1.118973915633752	3.295458591632454e-5
1.1239739156337516	3.512007846020893e-5
1.1289739156337515	3.755774436876634e-5
1.1339739156337512	4.0309591075708394e-5
1.138973915633751	4.34246781980318e-5
1.143973915633751	4.6960315842915526e-5
1.1489739156337506	5.0983450887259423e-5
1.1539739156337505	5.557226236451982e-5
1.1589739156337502	6.0817985693150613e-5
1.16397391563375	6.682698196418039e-5
1.1689739156337497	7.372306195745598e-5
1.1739739156337496	8.165006382897743e-5
1.1789739156337493	9.077466713647786e-5
1.1839739156337492	0.00010128940252779926
1.187980436725312	0.00011086620406224766
1.1919869578168745	0.00012160607376192396
1.1959934789084372	0.00013365182417392554
1.2	0.00014716157988864221
