0.0006999999999999628	4.1715370151626926e-7
0.001403500000000035	4.174735592491414e-7
0.0021105174999999296	4.1779545932224875e-7
0.0028210700874998964	4.181194180843189e-7
0.003535175437937438	4.1844545129509596e-7
0.004252851315127062	4.1877357484718e-7
0.004974115571702636	4.1910380478083396e-7
0.005698986149561044	4.194361572866787e-7
0.006427481080308875	4.1977064870800464e-7
0.007159618485710418	4.201072955429415e-7
0.007895416578138905	4.204461144465595e-7
0.008634893661029494	4.2078712223296353e-7
0.00937806812933463	4.211303358773392e-7
0.010124958469981361	4.2147577251800946e-7
0.010875583262331262	4.2182344945848413e-7
0.01162996117864295	4.221733841695484e-7
0.012388110984536127	4.225255942913426e-7
0.013150051539458866	4.228800976354631e-7
0.013915801797156208	4.23236912187072e-7
0.014685380806142003	4.235960561070893e-7
0.015458807710172712	4.239575477343427e-7
0.01623610174872358	4.243214055877707e-7
0.017017282257467212	4.2468764836865067e-7
0.017802368668754516	4.250562949628755e-7
0.01859138051209827	4.254273644432295e-7
0.019384337414658823	4.258008760717065e-7
0.020181259101732015	4.261768493019049e-7
0.020982165397240727	4.265553037813481e-7
0.02178707622422691	4.269362593539551e-7
0.02259601160534814	4.273197360624847e-7
0.02340899166337483	4.277057541510189e-7
0.024226036621691812	4.280943340674964e-7
0.02504716680480027	4.28485496466268e-7
0.025872402638824326	4.2887926221070393e-7
0.02670176465201842	4.292756523758423e-7
0.02753527347527842	4.2967468825104587e-7
0.028372949842654864	4.3007639134274117e-7
0.0292148145918682	4.304807833771599e-7
0.03006088866482743	4.308878863031567e-7
0.03091119310815165	4.312977222950413e-7
0.0317657490736924	4.317103137554645e-7
0.03262457781906081	4.321256833183514e-7
0.03348770070815601	4.325438538518707e-7
0.034355139211696875	4.329648484614575e-7
0.035226914907755424	4.333886904928822e-7
0.03610304948229413	4.3381540353534807e-7
0.03698356472970569	4.342450114246716e-7
0.03786848255335419	4.3467753824648906e-7
0.038757824966120964	4.3511300833949476e-7
0.03965161409095162	4.355514462987865e-7
0.04054987216140643	4.3599287697918923e-7
0.04145262152221345	4.3643732549871256e-7
0.04235988462982453	4.368848172419768e-7
0.04327168405297366	4.373353778637615e-7
0.0441880424732386	4.377890332925881e-7
0.04510898268560485	4.3824580973431657e-7
0.046034527599032954	4.3870573367591236e-7
0.04696470023702812	4.391688318891017e-7
0.04789952373821329	4.39635131434284e-7
0.048839021356904266	4.4010465966431697e-7
0.04978321646368884	4.4057744422851656e-7
0.05073213254600732	4.4105351307662184e-7
0.05168579320873729	4.4153289446286293e-7
0.052644222174780875	4.420156169500983e-7
0.05360744328565471	4.4250170941401166e-7
0.054575480502083065	4.4299120104735204e-7
0.055548357904593434	4.4348412136431757e-7
0.056526099694116344	4.4398050020490113e-7
0.0575087301925869	4.444803677394151e-7
0.05849627384354973	4.449837544730199e-7
0.05948875521276744	4.4549069125034855e-7
0.06048619898883127	4.460012092602355e-7
0.061488629983775384	4.4651534004045163e-7
0.06249607313369419	4.470331154826122e-7
0.06350855349936275	4.4755456783709736e-7
0.06452609626685958	4.4807972971806757e-7
0.06554872674819387	4.4860863410858154e-7
0.06657647038193484	4.4914131436580437e-7
0.06760935273384447	4.496778042262733e-7
0.06864739949751365	4.5021813781126723e-7
0.0696906364950013	4.507623496322841e-7
0.07073908967747639	4.513104745965913e-7
0.07179278512586384	4.518625480128699e-7
0.07285174905149322	4.5241860559696764e-7
0.0739160077967507	4.529786834777427e-7
0.07498558783573436	4.535428182030326e-7
0.07606051577491299	4.5411104674565773e-7
0.07714081835378758	4.5468340650961283e-7
0.07822652244555647	4.552599353363261e-7
0.07931765505778425	4.558406715110133e-7
0.0804142433330731	4.564256537691652e-7
0.08151631454973848	4.570149213031452e-7
0.08262389612248718	4.5760851376889716e-7
0.0837370156030995	4.5820647129277184e-7
0.0848557006811149	4.5880883447849185e-7
0.0859799791845205	4.5941564441419667e-7
0.08710987908044313	4.600269426796675e-7
0.08824542847584534	4.6064277135363405e-7
0.08938665561822454	4.6126317302123603e-7
0.09053358889631567	4.6188819078161497e-7
0.09168625684079722	4.625178682556528e-7
0.09284468812500112	4.631522495938165e-7
0.09400891156562617	4.6379137948418354e-7
0.0951789561234543	4.644353031605668e-7
0.09635485090407148	4.650840664108708e-7
0.09753662515859184	4.657377155854884e-7
0.0987243082843847	4.6639629760593175e-7
0.09991792982580656	4.670598599735957e-7
0.10111751947493569	4.6772845077869127e-7
0.10232310707231031	4.6840211870932576e-7
0.1035347226076718	4.6908091306075534e-7
0.10475239622071016	4.6976488374484416e-7
0.10597615820181366	4.704540812996326e-7
0.10720603899282274	4.7114855689916056e-7
0.10844206918778684	4.7184836236340384e-7
0.10968427953372567	4.725535501684565e-7
0.1109327009313943	4.732641734568648e-7
0.11218736443605135	4.7398028604816064e-7
0.11344830125823162	4.7470194244963313e-7
0.11471554276452282	4.754291978672454e-7
0.11598912047834534	4.76162108216813e-7
0.11726906608073695	4.76900730135366e-7
0.11855541141114062	4.776451209927106e-7
0.11984818846819621	4.783953389033028e-7
0.12114742941053713	4.791514427382047e-7
0.12245316655758978	4.799134921374401e-7
0.1237654323903777	4.806815475224339e-7
0.12508425955232963	4.814556701088081e-7
0.12640968085009122	4.82235921919368e-7
0.1277417292543416	4.830223657973703e-7
0.1290804379006133	4.838150654200303e-7
0.13042584009011637	4.846140853123217e-7
0.1317779692905669	4.854194908610199e-7
0.13313685913701961	4.862313483290551e-7
0.13450254343270476	4.870497248701339e-7
0.13587505614986833	4.878746885436461e-7
0.13725443143061763	4.887063083298778e-7
0.13864070358777073	4.89544654145555e-7
0.14003390710570945	4.903897968596576e-7
0.14143407664123803	4.912418083095813e-7
0.1428412470244442	4.921007613176316e-7
0.1442554532595664	4.929667297078173e-7
0.14567673052586416	4.9383978832305e-7
0.1471051141784935	4.947200130426249e-7
0.14854063974938603	4.956074808001312e-7
0.149983342948133	4.965022696016667e-7
0.15143325966287374	4.974044585444809e-7
0.15289042596118813	4.98314127835994e-7
0.15435487809099402	4.992313588131769e-7
0.15582665248144906	5.001562339623935e-7
0.1573057857438562	5.010888369396132e-7
0.15879231467257537	5.020292525910731e-7
0.16028627624593816	5.029775669743836e-7
0.16178770762716785	5.03933867380052e-7
0.16329664616530362	5.048982423534889e-7
0.16481312939613008	5.058707817174851e-7
0.1663371950431107	5.068515765951575e-7
0.16786888101832628	5.078407194333779e-7
0.1694082254234178	5.088383040267699e-7
0.1709552665505349	5.098444255421321e-7
0.17251004288328747	5.10859180543469e-7
0.17407259309770393	5.11882667017527e-7
0.17564295606319252	5.129149843999028e-7
0.17722117084350858	5.139562336017274e-7
0.17880727669772617	5.150065170369265e-7
0.18040131308121476	5.160659386501101e-7
0.18200331964662084	5.171346039450436e-7
0.18361333624485401	5.182126200137971e-7
0.18523140292607826	5.19300095566488e-7
0.18685755994070874	5.203971409617602e-7
0.1884918477404122	5.215038682378847e-7
0.19013430697911424	5.226203911446363e-7
0.1917849785140098	5.237468251758153e-7
0.19344390340657974	5.248832876025298e-7
0.19511112292361268	5.260298975073225e-7
0.1967866785382308	5.271867758189442e-7
0.19847061193092203	5.28354045348021e-7
0.20016296499057665	5.295318308235242e-7
0.20186377981552947	5.307202589300986e-7
0.2035730987146071	5.319194583461775e-7
0.20529096420818022	5.331295597831453e-7
0.20701741902922113	5.343506960252635e-7
0.20875250612436722	5.355830019706183e-7
0.210496268654989	5.368266146730247e-7
0.21224874999826396	5.380816733849079e-7
0.21400999374825516	5.393483196012274e-7
0.21578004371699644	5.406266971044426e-7
0.21755894393558148	5.419169520105195e-7
0.2193467386552594	5.432192328161332e-7
0.22114347234853576	5.445336904469287e-7
0.22294918971027836	5.458604783069757e-7
0.2247639356588297	5.471997523294649e-7
0.2265877553371239	5.485516710286113e-7
0.2284206941138094	5.499163955527955e-7
0.23026279758437848	5.512940897391199e-7
0.23211411157230027	5.526849201692183e-7
0.23397468213016168	5.540890562264953e-7
0.23584455554081238	5.555066701547916e-7
0.23772377831851643	5.56937937118485e-7
0.23961239721010893	5.583830352641921e-7
0.24151045919615952	5.598421457839175e-7
0.24341801149214037	5.613154529798791e-7
0.24533510154960114	5.628031443309536e-7
0.24726177705734917	5.643054105608451e-7
0.24919808594263576	5.658224457079608e-7
0.251144076372349	5.673544471971492e-7
0.2530997967542107	5.689016159132341e-7
0.2550652957379817	5.704641562765242e-7
0.2570406222166717	5.720422763202016e-7
0.2590258253277551	5.736361877698529e-7
0.26102095445439405	5.75246106125024e-7
0.2630260592266659	5.768722507429368e-7
0.2650411895227993	5.785148449244147e-7
0.2670663954704134	5.8017411600218e-7
0.26910172744776534	5.818502954314053e-7
0.27114723608500396	5.835436188827969e-7
0.27320297226542917	5.852543263381126e-7
0.27526898712675635	5.869826621883347e-7
0.27734533206239	5.887288753344918e-7
0.2794320587227019	5.904932192912363e-7
0.2815292190163153	5.922759522932671e-7
0.2836368651113967	5.940773374047314e-7
0.28575504943695385	5.9589764263157e-7
0.28788382468413853	5.977371410371356e-7
0.29002324380755934	5.995961108609097e-7
0.29217336002659705	6.014748356406146e-7
0.29433422682673016	6.033736043378106e-7
0.29650589796086374	6.052927114669735e-7
0.29868842745066804	6.072324572283473e-7
0.30088186958792124	6.091931476445126e-7
0.3030862789358609	6.111750947009322e-7
0.30530171033054027	6.131786164905987e-7
0.307528218882193	6.152040373627477e-7
0.30976585997660405	6.172516880760838e-7
0.312014689276487	6.193219059563645e-7
0.31427476272286925	6.214150350586941e-7
0.3165461365364837	6.235314263345814e-7
0.3188288672191662	6.256714378040089e-7
0.32112301155526213	6.278354347325754e-7
0.32342862661303834	6.30023789814075e-7
0.3257457697461036	6.322368833584211e-7
0.32807449859483384	6.344751034854077e-7
0.3304148710878078	6.367388463243215e-7
0.33276694544324686	6.390285162196277e-7
0.33513078017046305	6.413445259430705e-7
0.33750643407131514	6.436872969122285e-7
0.3398939662416715	6.460572594159522e-7
0.3422934360728799	6.48454852846776e-7
0.34470490325324404	6.508805259406587e-7
0.3471284277695101	6.533347370243144e-7
0.34956406990835764	6.558179542702546e-7
0.3520118902578995	6.583306559601305e-7
0.354471949709189	6.60873330756415e-7
0.3569443094577349	6.634464779828098e-7
0.3594290310050235	6.660506079138022e-7
0.3619261761600484	6.686862420735342e-7
0.3644358070408486	6.713539135445851e-7
0.36695798607605284	6.740541672867286e-7
0.36949277600643327	6.767875604664356e-7
0.37204023988646523	6.795546627970863e-7
0.3746004410858973	6.823560568907059e-7
0.3771734432913268	6.85192338621452e-7
0.3797593105077832	6.8806411750138e-7
0.3823581070603219	6.909720170689588e-7
0.38496989759562367	6.939166752907922e-7
0.3875947470836016	6.968987449771962e-7
0.3902327208190196	6.999188942120583e-7
0.3928838844231145	7.029778067976236e-7
0.39554830384522993	7.060761827147598e-7
0.3982260453644561	7.092147385994001e-7
0.4009171755912785	7.12394208235715e-7
0.40362176146923495	7.15615343066879e-7
0.40633987027658097	7.188789127239336e-7
0.4090715696279639	7.221857055736618e-7
0.4118169274761037	7.255365292862022e-7
0.4145760121134843	7.289322114232936e-7
0.4173488921740515	7.323736000478832e-7
0.4201356366349219	7.35861564356167e-7
0.42293631481809635	7.39396995332915e-7
0.4257509963921868	7.429808064311191e-7
0.42857975137414767	7.466139342770082e-7
0.43142265013101855	7.502973394015098e-7
0.43427976338167373	7.540320069993671e-7
0.43715116219858224	7.578189477170753e-7
0.44003691800957523	7.616591984708935e-7
0.44293710259962304	7.655538232963855e-7
0.4458517881126211	7.695039142306841e-7
0.44878104705318417	7.735105922292292e-7
0.45172495228844983	7.775750081182415e-7
0.45468357704989204	7.816983435848184e-7
0.4576569949351413	7.85881812206223e-7
0.46064527990981685	7.901266605201231e-7
0.4636485063093658	7.944341691378892e-7
0.4666667488409128	7.988056539027316e-7
0.4697000825851173	8.032424670949088e-7
0.4727485829980427	8.077459986861517e-7
0.47581232591303285	8.123176776457102e-7
0.478891387542598	8.169589733004042e-7
0.48198584448031084	8.216713967513607e-7
0.4850957737027124	8.264565023500667e-7
0.48822125257122595	8.313158892367059e-7
0.49136235883408197	8.362512029438135e-7
0.4945191706282523	8.412641370683748e-7
0.4976917664813935	8.463564350159205e-7
0.5008802253138004	8.515298918199739e-7
0.5040846264403696	8.567863560409297e-7
0.5073050495725715	8.621277317479843e-7
0.5105415748204343	8.675559805887423e-7
0.5137942826945365	8.730731239506535e-7
0.517063254108009	8.786812452191621e-7
0.5203485703785492	8.843824921376324e-7
0.5236503132304419	8.901790792740313e-7
0.5269685647965939	8.960732906005136e-7
0.5303034076205766	9.020674821912383e-7
0.5336549246586795	9.081640850452771e-7
0.5370231992819728	9.14365608040905e-7
0.5404083152783826	9.206746410285996e-7
0.5438103568547747	9.270938580700891e-7
0.5472294086390483	9.336260208317391e-7
0.5506655556822436	9.402739821403842e-7
0.5541188834606549	9.470406897110203e-7
0.5575894778779582	9.539291900556807e-7
0.5610774252673477	9.609426325839496e-7
0.5645828123936844	9.680842739058703e-7
0.5681057264556525	9.753574823489009e-7
0.5716462550879309	9.827657427013123e-7
0.5752044863633705	9.90312661195302e-7
0.5787805087951873	9.98001970743738e-7
0.5823744113391631	1.0058375364459728e-6
0.5859862833958588	1.013823361378371e-6
0.5896162148128381	1.0219635926873054e-6
0.5932642958869024	1.0302625280027407e-6
0.5969306173663369	1.038724622192384e-6
0.6006152704531684	1.0473544944776394e-6
0.6043183468054344	1.0561569359342055e-6
0.6080399385394615	1.0651369174017562e-6
0.6117801382321587	1.0742995978293568e-6
0.6155390389233192	1.0836503330847173e-6
0.6193167341179359	1.0931946852582682e-6
0.6231133177885255	1.1029384324950166e-6
0.6269288843774683	1.1128875793899815e-6
0.6307635287993556	1.1230483679860335e-6
0.6346173464433522	1.1334272894160728e-6
0.6384904331755688	1.1440310962350947e-6
0.6423828853414466	1.1548668154917854e-6
0.6462947997681537	1.1659417625935107e-6
0.6502262737669944	1.1772635560234803e-6
0.6541774051358293	1.1888401329744145e-6
0.6581482921615082	1.200679765968843e-6
0.6621390336223156	1.2127910805431892e-6
0.6661497287904271	1.2251830740801631e-6
0.6701804774343789	1.2378651358825339e-6
0.6742313798215507	1.250847068590656e-6
0.6783025367206585	1.2641391110572603e-6
0.682394049404262	1.2777519628047087e-6
0.6865060196512833	1.2916968102034411e-6
0.6906385497495399	1.3059853545262782e-6
0.6947917424982876	1.320629842050029e-6
0.6989657012107791	1.3356430963960896e-6
0.7031605297168331	1.3510385533238947e-6
0.7073763323654171	1.3668302982172025e-6
0.7116132140272443	1.3830331065310974e-6
0.7158712800973803	1.399662487502342e-6
0.7201506364978669	1.4167347314625185e-6
0.724451389680356	1.4342669611368766e-6
0.7287736466287575	1.4522771873618072e-6
0.7331175148619014	1.4707843697101475e-6
0.737483102436211	1.4898084825788921e-6
0.7418705179483918	1.509370587368438e-6
0.7462798705381338	1.529492911467939e-6
0.7507112698908246	1.5501989348608173e-6
0.7551648262402787	1.5715134852762818e-6
0.7596406503714802	1.5934628429447953e-6
0.7641388536233378	1.6160748561637524e-6
0.7686595478914543	1.6393790690540419e-6
0.7732028456309116	1.6634068630859997e-6
0.777768859859066	1.6881916141830242e-6
0.7823577041583611	1.7137688674751953e-6
0.7869694926791531	1.7401765320786854e-6
0.7916043401425489	1.7674550986270655e-6
0.7962623618432616	1.7956478826818468e-6
0.8009436736524779	1.8248012976117012e-6
0.8056483920207402	1.8549651610589117e-6
0.8103766339808439	1.8861930397171674e-6
0.8151285171507483	1.918542637838125e-6
0.8199041597365018	1.9520762356731127e-6
0.8247036805351844	1.986861184955313e-6
0.8295271989378604	2.0229704695481623e-6
0.8343748349325497	2.060483340542284e-6
0.8392467091072124	2.0994860363893617e-6
0.8441429426527486	2.140072600138513e-6
0.8490636573660123	2.1823458075033664e-6
0.8540089756528424	2.2264182213641216e-6
0.8589790205311068	2.2724133904231176e-6
0.8639739156337622	2.3204672121207934e-6
0.868973915633762	2.3705264837760173e-6
0.8739739156337618	2.42267509672381e-6
0.8789739156337616	2.4770578130149066e-6
0.8839739156337615	2.533833533969031e-6
0.8889739156337613	2.5931768787038414e-6
0.893973915633761	2.655279936175978e-6
0.8989739156337608	2.7203542090618487e-6
0.9039739156337606	2.7886327699210162e-6
0.9089739156337604	2.8603726527478573e-6
0.9139739156337602	2.9358575061778802e-6
0.91897391563376	3.015400538353589e-6
0.9239739156337599	3.099347787860527e-6
0.9289739156337596	3.1880817603165023e-6
0.9339739156337594	3.2820254762454115e-6
0.9389739156337592	3.381646982915968e-6
0.943973915633759	3.4874643910180365e-6
0.9489739156337588	3.600051506559787e-6
0.9539739156337586	3.7200441393998107e-6
0.9589739156337583	3.848147182631833e-6
0.9639739156337582	3.985142571917442e-6
0.968973915633758	4.131898251183599e-6
0.9739739156337578	4.289378291311163e-6
0.9789739156337576	4.458654332077626e-6
0.9839739156337574	4.640918545321811e-6
0.9889739156337571	4.837498349840871e-6
0.9939739156337569	5.0498731468182765e-6
0.9989739156337567	5.2796933896899525e-6
1.0039739156337566	5.528802355553124e-6
1.0089739156337563	5.799261047985847e-6
1.0139739156337562	6.093376735222293e-6
1.0189739156337558	6.4137357150414286e-6
1.0239739156337557	6.763241000849681e-6
1.0289739156337556	7.145155745024081e-6
1.0339739156337553	7.563153358824363e-6
1.0389739156337552	8.021375456785767e-6
1.0439739156337549	8.524498951691138e-6
1.0489739156337547	9.07781385884868e-6
1.0539739156337544	9.68731364089648e-6
1.0589739156337543	1.0359800242773746e-5
1.0639739156337542	1.110300633740155e-5
1.0689739156337539	1.1925737732931581e-5
1.0739739156337538	1.2838039389160936e-5
1.0789739156337534	1.3851389060484945e-5
1.0839739156337533	1.4978923231135184e-5
1.088973915633753	1.6235700738778055e-5
1.093973915633753	1.763901029467069e-5
1.0989739156337526	1.920872899634064e-5
1.1039739156337525	2.0967739877298985e-5
1.1089739156337524	2.2942417519471418e-5
1.113973915633752	2.516319172076769e-5
1.118973915633752	2.7665200088636134e-5
1.1239739156337516	3.048904110980029e-5
1.1289739156337515	3.368163956638859e-5
1.1339739156337512	3.7297235904197414e-5
1.138973915633751	4.139851000315528e-5
1.143973915633751	4.605784734717729e-5
1.1489739156337506	5.135875132141668e-5
1.1539739156337505	5.739739864220212e-5
1.1589739156337502	6.428432500739107e-5
1.16397391563375	7.214621414600443e-5
1.1689739156337497	8.112774479841824e-5
1.1739739156337496	9.139342626203134e-5
1.1789739156337493	0.00010312932401926562
1.1839739156337492	0.0001165445436255834
1.187980436725312	0.00012866233470848655
1.1919869578168745	0.00014213921622513917
1.1959934789084372	0.00015711649763952546
1.2	0.00017374536514456505
