0.0006999999999999628	1.4263584640787104e-6
0.001403500000000035	1.4273629286104372e-6
0.0021105174999999296	1.4283736511091942e-6
0.0028210700874998964	1.4293906814329082e-6
0.003535175437937438	1.4304140662715807e-6
0.004252851315127062	1.431443852672999e-6
0.004974115571702636	1.4324800880962005e-6
0.005698986149561044	1.4335228204205338e-6
0.006427481080308875	1.434572097953202e-6
0.007159618485710418	1.4356279694359952e-6
0.007895416578138905	1.43669048405166e-6
0.008634893661029494	1.4377596914300967e-6
0.00937806812933463	1.438835641654084e-6
0.010124958469981361	1.4399183852654786e-6
0.010875583262331262	1.4410079732707815e-6
0.01162996117864295	1.442104457147091e-6
0.012388110984536127	1.4432078888479389e-6
0.013150051539458866	1.4443183208090834e-6
0.013915801797156208	1.4454358059544233e-6
0.014685380806142003	1.4465603977020402e-6
0.015458807710172712	1.4476921499699587e-6
0.01623610174872358	1.4488311171823962e-6
0.017017282257467212	1.4499773542757635e-6
0.017802368668754516	1.4511309167048213e-6
0.01859138051209827	1.4522918604490464e-6
0.019384337414658823	1.4534602420187185e-6
0.020181259101732015	1.4546361184615205e-6
0.020982165397240727	1.455819547368908e-6
0.02178707622422691	1.457010586882598e-6
0.02259601160534814	1.4582092957013215e-6
0.02340899166337483	1.4594157330875148e-6
0.024226036621691812	1.4606299588740098e-6
0.02504716680480027	1.4618520334711001e-6
0.025872402638824326	1.4630820178733804e-6
0.02670176465201842	1.464319973666961e-6
0.02753527347527842	1.4655659630365358e-6
0.028372949842654864	1.466820048772838e-6
0.0292148145918682	1.4680822942797863e-6
0.03006088866482743	1.4693527635821991e-6
0.03091119310815165	1.4706315213332787e-6
0.0317657490736924	1.4719186328223247e-6
0.03262457781906081	1.4732141639825893e-6
0.03348770070815601	1.4745181813992151e-6
0.034355139211696875	1.4758307523172448e-6
0.035226914907755424	1.477151944649762e-6
0.03610304948229413	1.4784818269863028e-6
0.03698356472970569	1.4798204686010808e-6
0.03786848255335419	1.4811679394616556e-6
0.038757824966120964	1.4825243102375738e-6
0.03965161409095162	1.4838896523090402e-6
0.04054987216140643	1.4852640377759513e-6
0.04145262152221345	1.486647539466977e-6
0.04235988462982453	1.4880402309485922e-6
0.04327168405297366	1.4894421865345077e-6
0.0441880424732386	1.4908534812951568e-6
0.04510898268560485	1.4922741910672226e-6
0.046034527599032954	1.4937043924634346e-6
0.04696470023702812	1.4951441628824683e-6
0.04789952373821329	1.4965935805190158e-6
0.048839021356904266	1.4980527243739813e-6
0.04978321646368884	1.4995216742647624e-6
0.05073213254600732	1.5010005108359998e-6
0.05168579320873729	1.5024893155700033e-6
0.052644222174780875	1.5039881707977174e-6
0.05360744328565471	1.505497159709848e-6
0.054575480502083065	1.5070163663678723e-6
0.055548357904593434	1.508545875715483e-6
0.056526099694116344	1.5100857735902436e-6
0.0575087301925869	1.5116361467350748e-6
0.05849627384354973	1.5131970828104278e-6
0.05948875521276744	1.5147686704062073e-6
0.06048619898883127	1.5163509990541472e-6
0.061488629983775384	1.5179441592402447e-6
0.06249607313369419	1.5195482424175327e-6
0.06350855349936275	1.5211633410188482e-6
0.06452609626685958	1.5227895484700358e-6
0.06554872674819387	1.524426959203234e-6
0.06657647038193484	1.526075668670341e-6
0.06760935273384447	1.5277357733567778e-6
0.06864739949751365	1.5294073707955081e-6
0.0696906364950013	1.5310905595811228e-6
0.07073908967747639	1.5327854393843272e-6
0.07179278512586384	1.5344921109666474e-6
0.07285174905149322	1.5362106761951009e-6
0.0739160077967507	1.537941238057644e-6
0.07498558783573436	1.5396839006783276e-6
0.07606051577491299	1.5414387693330503e-6
0.07714081835378758	1.543205950465374e-6
0.07822652244555647	1.5449855517027405e-6
0.07931765505778425	1.5467776818729341e-6
0.0804142433330731	1.5485824510206948e-6
0.08151631454973848	1.5503999704248096e-6
0.08262389612248718	1.5522303526152734e-6
0.0837370156030995	1.554073711390938e-6
0.0848557006811149	1.5559301618373097e-6
0.0859799791845205	1.5577998203447074e-6
0.08710987908044313	1.5596828046268367e-6
0.08824542847584534	1.5615792337393528e-6
0.08938665561822454	1.5634892280991819e-6
0.09053358889631567	1.565412909503805e-6
0.09168625684079722	1.5673504011510772e-6
0.09284468812500112	1.5693018276593056e-6
0.09400891156562617	1.5712673150877295e-6
0.0951789561234543	1.5732469909572068e-6
0.09635485090407148	1.5752409842715261e-6
0.09753662515859184	1.5772494255388457e-6
0.0987243082843847	1.5792724467935854e-6
0.09991792982580656	1.581310181618745e-6
0.10111751947493569	1.5833627651685323e-6
0.10232310707231031	1.585430334191543e-6
0.1035347226076718	1.5875130270541237e-6
0.10475239622071016	1.5896109837643256e-6
0.10597615820181366	1.5917243459961974e-6
0.10720603899282274	1.5938532571145843e-6
0.10844206918778684	1.5959978622002194e-6
0.10968427953372567	1.5981583080755445e-6
0.1109327009313943	1.6003347433306324e-6
0.11218736443605135	1.6025273183498427e-6
0.11344830125823162	1.6047361853389224e-6
0.11471554276452282	1.60696149835246e-6
0.11598912047834534	1.6092034133219597e-6
0.11726906608073695	1.6114620880844808e-6
0.11855541141114062	1.6137376824115225e-6
0.11984818846819621	1.6160303580388213e-6
0.12114742941053713	1.6183402786964557e-6
0.12245316655758978	1.6206676101394733e-6
0.1237654323903777	1.6230125201792631e-6
0.12508425955232963	1.6253751787153904e-6
0.12640968085009122	1.6277557577680217e-6
0.1277417292543416	1.6301544315109672e-6
0.1290804379006133	1.6325713763054074e-6
0.13042584009011637	1.6350067707341546e-6
0.1317779692905669	1.6374607956366096e-6
0.13313685913701961	1.6399336341444051e-6
0.13450254343270476	1.6424254717176725e-6
0.13587505614986833	1.6449364961819788e-6
0.13725443143061763	1.6474668977660646e-6
0.13864070358777073	1.6500168691402076e-6
0.14003390710570945	1.652586605455402e-6
0.14143407664123803	1.6551763043831973e-6
0.1428412470244442	1.6577861661563922e-6
0.1442554532595664	1.660416393610435e-6
0.14567673052586416	1.6630671922257965e-6
0.1471051141784935	1.6657387701708697e-6
0.14854063974938603	1.6684313383460218e-6
0.149983342948133	1.6711451104283674e-6
0.15143325966287374	1.6738803029173387e-6
0.15289042596118813	1.676637135181327e-6
0.15435487809099402	1.6794158295051066e-6
0.15582665248144906	1.6822166111383488e-6
0.1573057857438562	1.6850397083449773e-6
0.15879231467257537	1.6878853524534311e-6
0.16028627624593816	1.6907537779082608e-6
0.16178770762716785	1.693645222322361e-6
0.16329664616530362	1.6965599265306296e-6
0.16481312939613008	1.6994981346443685e-6
0.1663371950431107	1.7024600941070504e-6
0.16786888101832628	1.705446055751152e-6
0.1694082254234178	1.7084562738560309e-6
0.1709552665505349	1.7114910062071915e-6
0.17251004288328747	1.7145505141565983e-6
0.17407259309770393	1.7176350626843698e-6
0.17564295606319252	1.7207449204615938e-6
0.17722117084350858	1.7238803599146348e-6
0.17880727669772617	1.7270416572906453e-6
0.18040131308121476	1.7302290927245484e-6
0.18200331964662084	1.7334429503072453e-6
0.18361333624485401	1.7366835181556196e-6
0.18523140292607826	1.7399510884835613e-6
0.18685755994070874	1.743245957674915e-6
0.1884918477404122	1.7465684263576766e-6
0.19013430697911424	1.7499187994800454e-6
0.1917849785140098	1.7532973863878022e-6
0.19344390340657974	1.7567045009036485e-6
0.19511112292361268	1.7601404614081077e-6
0.1967866785382308	1.763605590922164e-6
0.19847061193092203	1.767100217191788e-6
0.20016296499057665	1.7706246727742588e-6
0.20186377981552947	1.7741792951263664e-6
0.2035730987146071	1.777764426694611e-6
0.20529096420818022	1.7813804150072934e-6
0.20701741902922113	1.7850276127688222e-6
0.20875250612436722	1.7887063779558816e-6
0.210496268654989	1.7924170739159518e-6
0.21224874999826396	1.7961600694679386e-6
0.21400999374825516	1.7999357390051147e-6
0.21578004371699644	1.8037444626003512e-6
0.21755894393558148	1.8075866261136378e-6
0.2193467386552594	1.8114626213023975e-6
0.22114347234853576	1.8153728459337891e-6
0.22294918971027836	1.8193177039001278e-6
0.2247639356588297	1.8232976053363753e-6
0.2265877553371239	1.8273129667411046e-6
0.2284206941138094	1.8313642110994688e-6
0.23026279758437848	1.8354517680095943e-6
0.23211411157230027	1.8395760738116116e-6
0.23397468213016168	1.8437375717199418e-6
0.23584455554081238	1.8479367119585122e-6
0.23772377831851643	1.8521739518992522e-6
0.23961239721010893	1.8564497562038796e-6
0.24151045919615952	1.8607645969689648e-6
0.24341801149214037	1.8651189538747163e-6
0.24533510154960114	1.8695133143369523e-6
0.24726177705734917	1.8739481736631706e-6
0.24919808594263576	1.878424035211943e-6
0.251144076372349	1.8829414105566121e-6
0.2530997967542107	1.887500819652536e-6
0.2550652957379817	1.8921027910089922e-6
0.2570406222166717	1.8967478618646996e-6
0.2590258253277551	1.9014365783680723e-6
0.26102095445439405	1.9061694957618236e-6
0.2630260592266659	1.9109471785720933e-6
0.2650411895227993	1.9157702008025233e-6
0.2670663954704134	1.92063914613291e-6
0.26910172744776534	1.9255546081230226e-6
0.27114723608500396	1.930517190421596e-6
0.27320297226542917	1.935527506980618e-6
0.27526898712675635	1.940586182274903e-6
0.27734533206239	1.9456938515276754e-6
0.2794320587227019	1.9508511609414726e-6
0.2815292190163153	1.956058767935449e-6
0.2836368651113967	1.9613173413886677e-6
0.28575504943695385	1.9666275618894717e-6
0.28788382468413853	1.971990121991865e-6
0.29002324380755934	1.9774057264783387e-6
0.29217336002659705	1.982875092629512e-6
0.29433422682673016	1.988398950501312e-6
0.29650589796086374	1.993978043209232e-6
0.29868842745066804	1.9996131272201445e-6
0.30088186958792124	2.005304972652176e-6
0.3030862789358609	2.011054363582675e-6
0.30530171033054027	2.0168620983641446e-6
0.307528218882193	2.0227289899492344e-6
0.30976585997660405	2.0286558662244285e-6
0.312014689276487	2.0346435703527408e-6
0.31427476272286925	2.0406929611262714e-6
0.3165461365364837	2.0468049133278436e-6
0.3188288672191662	2.0529803181036197e-6
0.32112301155526213	2.0592200833453847e-6
0.32342862661303834	2.065525134083805e-6
0.3257457697461036	2.0718964128929774e-6
0.32807449859483384	2.078334880306157e-6
0.3304148710878078	2.0848415152434727e-6
0.33276694544324686	2.0914173154519626e-6
0.33513078017046305	2.0980632979580773e-6
0.33750643407131514	2.1047804995333405e-6
0.3398939662416715	2.1115699771736312e-6
0.3422934360728799	2.11843280859221e-6
0.34470490325324404	2.1253700927274835e-6
0.3471284277695101	2.132382950265521e-6
0.34956406990835764	2.139472524177994e-6
0.3520118902578995	2.1466399802764094e-6
0.354471949709189	2.1538865077825726e-6
0.3569443094577349	2.161213319916383e-6
0.3594290310050235	2.1686216545012693e-6
0.3619261761600484	2.176112774588112e-6
0.3644358070408486	2.183687969098091e-6
0.36695798607605284	2.1913485534852596e-6
0.36949277600643327	2.199095870419535e-6
0.37204023988646523	2.2069312904907914e-6
0.3746004410858973	2.21485621293499e-6
0.3771734432913268	2.2228720663828737e-6
0.3797593105077832	2.2309803096322452e-6
0.3823581070603219	2.23918243244479e-6
0.38496989759562367	2.2474799563678357e-6
0.3875947470836016	2.255874435583024e-6
0.3902327208190196	2.264367457781409e-6
0.3928838844231145	2.2729606450674593e-6
0.39554830384522993	2.2816556548921234e-6
0.3982260453644561	2.2904541810162656e-6
0.4009171755912785	2.2993579545059553e-6
0.40362176146923495	2.3083687447602272e-6
0.40633987027658097	2.3174883605733307e-6
0.4090715696279639	2.3267186512319465e-6
0.4118169274761037	2.3360615076495267e-6
0.4145760121134843	2.345518863538681e-6
0.4173488921740515	2.3550926966233924e-6
0.4201356366349219	2.3647850298924187e-6
0.42293631481809635	2.3745979328956575e-6
0.4257509963921868	2.3845335230853885e-6
0.42857975137414767	2.394593967203572e-6
0.43142265013101855	2.4047814827177963e-6
0.43427976338167373	2.415098339307527e-6
0.43715116219858224	2.425546860402377e-6
0.44003691800957523	2.4361294247753175e-6
0.44293710259962304	2.4468484681923515e-6
0.4458517881126211	2.457706485121244e-6
0.44878104705318417	2.4687060305021315e-6
0.45172495228844983	2.4798497215820254e-6
0.45468357704989204	2.49114023981607e-6
0.4576569949351413	2.502580332838816e-6
0.46064527990981685	2.5141728165078772e-6
0.4636485063093658	2.525920577023452e-6
0.4666667488409128	2.5378265731267676e-6
0.4697000825851173	2.5498938383810236e-6
0.4727485829980427	2.5621254835384557e-6
0.47581232591303285	2.574524698996864e-6
0.478891387542598	2.5870947573502537e-6
0.48198584448031084	2.599839016037027e-6
0.4850957737027124	2.6127609200905596e-6
0.48822125257122595	2.625864004996406e-6
0.49136235883408197	2.6391518996612208e-6
0.4945191706282523	2.6526283294981e-6
0.4976917664813935	2.6662971196340893e-6
0.5008802253138004	2.6801621982447803e-6
0.5040846264403696	2.694227600022632e-6
0.5073050495725715	2.708497469784247e-6
0.5105415748204343	2.7229760662241277e-6
0.5137942826945365	2.73766776582074e-6
0.517063254108009	2.752577066902633e-6
0.5203485703785492	2.7677085938823427e-6
0.5236503132304419	2.7830671016650493e-6
0.5269685647965939	2.7986574802415458e-6
0.5303034076205766	2.8144847594737766e-6
0.5336549246586795	2.830554114082016e-6
0.5370231992819728	2.8468708688443733e-6
0.5404083152783826	2.863440504017665e-6
0.5438103568547747	2.880268660992048e-6
0.5472294086390483	2.8973611481896067e-6
0.5506655556822436	2.9147239472202302e-6
0.5541188834606549	2.932363219306745e-6
0.5575894778779582	2.95028531199339e-6
0.5610774252673477	2.9684967661517785e-6
0.5645828123936844	2.987004323299707e-6
0.5681057264556525	3.0058149332485037e-6
0.5716462550879309	3.024935762096397e-6
0.5752044863633705	3.0443742005852418e-6
0.5787805087951873	3.064137872840296e-6
0.5823744113391631	3.0842346455122697e-6
0.5859862833958588	3.1046726373439473e-6
0.5896162148128381	3.1254602291828562e-6
0.5932642958869024	3.1466060744649972e-6
0.5969306173663369	3.16811911019367e-6
0.6006152704531684	3.1900085684413543e-6
0.6043183468054344	3.2122839884027215e-6
0.6080399385394615	3.234955229028177e-6
0.6117801382321587	3.2580324822713918e-6
0.6155390389233192	3.2815262869838937e-6
0.6193167341179359	3.3054475434926597e-6
0.6231133177885255	3.3298075289001665e-6
0.6269288843774683	3.3546179131464263e-6
0.6307635287993556	3.379890775877827e-6
0.6346173464433522	3.405638624167814e-6
0.6384904331755688	3.4318744111392282e-6
0.6423828853414466	3.4586115555414835e-6
0.6462947997681537	3.485863962337435e-6
0.6502262737669944	3.5136460443606847e-6
0.6541774051358293	3.5419727451072584e-6
0.6581482921615082	3.5708595627295626e-6
0.6621390336223156	3.600322575307152e-6
0.6661497287904271	3.6303784674713598e-6
0.6701804774343789	3.661044558469826e-6
0.6742313798215507	3.692338831761073e-6
0.6783025367206585	3.7242799662368715e-6
0.682394049404262	3.7568873691786886e-6
0.6865060196512833	3.790181211062266e-6
0.6906385497495399	3.824182462334252e-6
0.6947917424982876	3.85891293229593e-6
0.6989657012107791	3.89439531024047e-6
0.7031605297168331	3.930653209005228e-6
0.7073763323654171	3.967711211114363e-6
0.7116132140272443	4.005594917705955e-6
0.7158712800973803	4.044331000458296e-6
0.7201506364978669	4.083947256752878e-6
0.724451389680356	4.124472668338649e-6
0.7287736466287575	4.16593746379425e-6
0.7331175148619014	4.208373185121726e-6
0.737483102436211	4.25181275884747e-6
0.7418705179483918	4.2962905720579506e-6
0.7462798705381338	4.341842553857189e-6
0.7507112698908246	4.388506262803288e-6
0.7551648262402787	4.4363209809654275e-6
0.7596406503714802	4.485327815341361e-6
0.7641388536233378	4.535569807493437e-6
0.7686595478914543	4.587092052400269e-6
0.7732028456309116	4.639941827685975e-6
0.777768859859066	4.694168734584768e-6
0.7823577041583611	4.749824852231488e-6
0.7869694926791531	4.806964907139468e-6
0.7916043401425489	4.865646460052293e-6
0.7962623618432616	4.925930112733373e-6
0.8009436736524779	4.987879737701975e-6
0.8056483920207402	5.0515627344444625e-6
0.8103766339808439	5.117050316230882e-6
0.8151285171507483	5.1844178323687754e-6
0.8199041597365018	5.253745131529957e-6
0.8247036805351844	5.325116972709882e-6
0.8295271989378604	5.398623491427786e-6
0.8343748349325497	5.474360729968662e-6
0.8392467091072124	5.552431241797956e-6
0.8441429426527486	5.632944781771767e-6
0.8490636573660123	5.7160190954105835e-6
0.8540089756528424	5.801780822314942e-6
0.8589790205311068	5.890366530774228e-6
0.8639739156337622	5.9819239027653035e-6
0.868973915633762	6.0762328607896614e-6
0.8739739156337618	6.17333028769914e-6
0.8789739156337616	6.273356206496554e-6
0.8839739156337615	6.376462802986456e-6
0.8889739156337613	6.482815846424996e-6
0.893973915633761	6.592596267578758e-6
0.8989739156337608	6.706001907722299e-6
0.9039739156337606	6.823249453031428e-6
0.9089739156337604	6.94457657048692e-6
0.9139739156337602	7.070244263606365e-6
0.91897391563376	7.20053946922214e-6
0.9239739156337599	7.335777920218414e-6
0.9289739156337596	7.476307303772899e-6
0.9339739156337594	7.622510750304643e-6
0.9389739156337592	7.774810695122917e-6
0.943973915633759	7.93367316279989e-6
0.9489739156337588	8.099612533644019e-6
0.9539739156337586	8.273196862471091e-6
0.9589739156337583	8.455053832299918e-6
0.9639739156337582	8.645877439848578e-6
0.968973915633758	8.846435526050659e-6
0.9739739156337578	9.057578283594753e-6
0.9789739156337576	9.2802478951799e-6
0.9839739156337574	9.515489481317491e-6
0.9889739156337571	9.764463565822288e-6
0.9939739156337569	1.0028460301431231e-5
0.9989739156337567	1.0308915738304273e-5
1.0039739156337566	1.0607430465686405e-5
1.0089739156337563	1.0925791013176141e-5
1.0139739156337562	1.1265994464518129e-5
1.0189739156337558	1.16302768156077e-5
1.0239739156337557	1.202114570174284e-5
1.0289739156337556	1.2441418229796227e-5
1.0339739156337553	1.2894264782018484e-5
1.0389739156337552	1.3383259813267014e-5
1.0439739156337549	1.3912440846740635e-5
1.0489739156337547	1.4486377089610715e-5
1.0539739156337544	1.5110249344746393e-5
1.0589739156337543	1.5789943194201328e-5
1.0639739156337542	1.6532157781251382e-5
1.0689739156337539	1.734453292817402e-5
1.0739739156337538	1.8235797805029912e-5
1.0789739156337534	1.9215944919274243e-5
1.0839739156337533	2.029643383618246e-5
1.088973915633753	2.1490429774533255e-5
1.093973915633753	2.2813083058331338e-5
1.0989739156337526	2.4281856348536397e-5
1.1039739156337525	2.5916907629210075e-5
1.1089739156337524	2.7741538072952443e-5
1.113973915633752	2.9782715141713918e-5
1.118973915633752	3.207168255384012e-5
1.1239739156337516	3.464467000292591e-5
1.1289739156337515	3.754371664802217e-5
1.1339739156337512	4.081762325594073e-5
1.138973915633751	4.4523048244230477e-5
1.143973915633751	4.872576243788439e-5
1.1489739156337506	5.350207569172531e-5
1.1539739156337505	5.8940445086319825e-5
1.1589739156337502	6.514326846789297e-5
1.16397391563375	7.222885780508812e-5
1.1689739156337497	8.033357317885765e-5
1.1739739156337496	8.961407915229252e-5
1.1789739156337493	0.00010024965983381334
1.1839739156337492	0.00011244449658320907
1.187980436725312	0.00012349624030751785
1.1919869578168745	0.00013582940898481137
1.1959934789084372	0.00014958834699232523
1.2	0.0001649300495174151
