0.0006999999999999628	1.0916947557141983e-8
0.001403500000000035	1.092693287880521e-8
0.0021105174999999296	1.0936981341919632e-8
0.0028210700874998964	1.0947093466292046e-8
0.003535175437937438	1.0957269750921285e-8
0.004252851315127062	1.0967510697095185e-8
0.004974115571702636	1.097781680955456e-8
0.005698986149561044	1.0988188596852157e-8
0.006427481080308875	1.0998626571598269e-8
0.007159618485710418	1.1009131250649271e-8
0.007895416578138905	1.1019703155263477e-8
0.008634893661029494	1.1030342811235993e-8
0.00937806812933463	1.104105074901923e-8
0.010124958469981361	1.1051827503832874e-8
0.010875583262331262	1.1062673615766472e-8
0.01162996117864295	1.1073589629876715e-8
0.012388110984536127	1.1084576096279833e-8
0.013150051539458866	1.1095633570240399e-8
0.013915801797156208	1.110676261225884e-8
0.014685380806142003	1.111796378815486e-8
0.015458807710172712	1.11292376691514e-8
0.01623610174872358	1.1140584831955863e-8
0.017017282257467212	1.1152005858841296e-8
0.017802368668754516	1.1163501337727349e-8
0.01859138051209827	1.1175071862260094e-8
0.019384337414658823	1.1186718031892497e-8
0.020181259101732015	1.119844045196461e-8
0.020982165397240727	1.1210239733784115e-8
0.02178707622422691	1.1222116494707317e-8
0.02259601160534814	1.1234071358220586e-8
0.02340899166337483	1.1246104954022187e-8
0.024226036621691812	1.125821791810526e-8
0.02504716680480027	1.127041089284119e-8
0.025872402638824326	1.1282684527064118e-8
0.02670176465201842	1.1295039476155782e-8
0.02753527347527842	1.1307476402131907e-8
0.028372949842654864	1.1319995973729985e-8
0.0292148145918682	1.133259886649659e-8
0.03006088866482743	1.1345285762877918e-8
0.03091119310815165	1.1358057352309512e-8
0.0317657490736924	1.1370914331308818e-8
0.03262457781906081	1.138385740356788e-8
0.03348770070815601	1.1396887280048021e-8
0.034355139211696875	1.1410004679075458e-8
0.035226914907755424	1.1423210326438463e-8
0.03610304948229413	1.14365049554861e-8
0.03698356472970569	1.1449889307227953e-8
0.03786848255335419	1.1463364130435734e-8
0.038757824966120964	1.1476930181746577e-8
0.03965161409095162	1.1490588225766954e-8
0.04054987216140643	1.1504339035179699e-8
0.04145262152221345	1.1518183390850926e-8
0.04235988462982453	1.153212208193991e-8
0.04327168405297366	1.1546155906010458e-8
0.0441880424732386	1.156028566914328e-8
0.04510898268560485	1.1574512186050788e-8
0.046034527599032954	1.15888362801935e-8
0.04696470023702812	1.160325878389837e-8
0.04789952373821329	1.1617780538478873e-8
0.048839021356904266	1.163240239435704e-8
0.04978321646368884	1.164712521118734e-8
0.05073213254600732	1.1661949857982806e-8
0.05168579320873729	1.1676877213242702e-8
0.052644222174780875	1.1691908165082943e-8
0.05360744328565471	1.1707043611368098e-8
0.054575480502083065	1.1722284459845436e-8
0.055548357904593434	1.1737631628281655e-8
0.056526099694116344	1.1753086044601551e-8
0.0575087301925869	1.1768648647028892e-8
0.05849627384354973	1.1784320384229574e-8
0.05948875521276744	1.1800102215457583e-8
0.06048619898883127	1.1815995110702648e-8
0.061488629983775384	1.1832000050841187e-8
0.06249607313369419	1.1848118027788832e-8
0.06350855349936275	1.1864350044656123e-8
0.06452609626685958	1.1880697115906657e-8
0.06554872674819387	1.1897160267517936e-8
0.06657647038193484	1.1913740537144752e-8
0.06760935273384447	1.1930438974285515e-8
0.06864739949751365	1.194725664045109e-8
0.0696906364950013	1.1964194609336931e-8
0.07073908967747639	1.198125396699789e-8
0.07179278512586384	1.1998435812025953e-8
0.07285174905149322	1.2015741255730907e-8
0.0739160077967507	1.2033171422324944e-8
0.07498558783573436	1.2050727449108921e-8
0.07606051577491299	1.2068410486663237e-8
0.07714081835378758	1.2086221699041534e-8
0.07822652244555647	1.2104162263967221e-8
0.07931765505778425	1.2122233373034429e-8
0.0804142433330731	1.2140436231911352e-8
0.08151631454973848	1.215877206054845e-8
0.08262389612248718	1.217724209338904e-8
0.0837370156030995	1.219584757958409e-8
0.0848557006811149	1.2214589783211212e-8
0.0859799791845205	1.223346998349723e-8
0.08710987908044313	1.2252489475043802e-8
0.08824542847584534	1.2271649568059034e-8
0.08938665561822454	1.2290951588591198e-8
0.09053358889631567	1.2310396878768131e-8
0.09168625684079722	1.2329986797039934e-8
0.09284468812500112	1.2349722718426847e-8
0.09400891156562617	1.2369606034770287e-8
0.0951789561234543	1.2389638154990741e-8
0.09635485090407148	1.2409820505347741e-8
0.09753662515859184	1.2430154529706439e-8
0.0987243082843847	1.24506416898082e-8
0.09991792982580656	1.2471283465546332e-8
0.10111751947493569	1.249208135524704e-8
0.10232310707231031	1.2513036875955047e-8
0.1035347226076718	1.2534151563725844e-8
0.10475239622071016	1.2555426973921177e-8
0.10597615820181366	1.2576864681512198e-8
0.10720603899282274	1.2598466281387185e-8
0.10844206918778684	1.2620233388664659e-8
0.10968427953372567	1.2642167639013642e-8
0.1109327009313943	1.2664270688978644e-8
0.11218736443605135	1.2686544216312103e-8
0.11344830125823162	1.2708989920311426e-8
0.11471554276452282	1.2731609522164337e-8
0.11598912047834534	1.2754404765299267e-8
0.11726906608073695	1.2777377415743367e-8
0.11855541141114062	1.2800529262487209e-8
0.11984818846819621	1.2823862117856141e-8
0.12114742941053713	1.2847377817889182e-8
0.12245316655758978	1.2871078222725361e-8
0.1237654323903777	1.2894965216996963e-8
0.12508425955232963	1.291904071023109e-8
0.12640968085009122	1.2943306637259119e-8
0.1277417292543416	1.2967764958633214e-8
0.1290804379006133	1.2992417661052522e-8
0.13042584009011637	1.3017266757796288e-8
0.1317779692905669	1.3042314289166928e-8
0.13313685913701961	1.3067562322940537e-8
0.13450254343270476	1.3093012954827674e-8
0.13587505614986833	1.3118668308942593e-8
0.13725443143061763	1.3144530538281923e-8
0.13864070358777073	1.3170601825213279e-8
0.14003390710570945	1.319688438197347e-8
0.14143407664123803	1.322338045117722e-8
0.1428412470244442	1.3250092306335819e-8
0.1442554532595664	1.3277022252386062e-8
0.14567673052586416	1.3304172626231095e-8
0.1471051141784935	1.3331545797291394e-8
0.14854063974938603	1.3359144168067123e-8
0.149983342948133	1.338697017471301e-8
0.15143325966287374	1.3415026287623785e-8
0.15289042596118813	1.3443315012033444e-8
0.15435487809099402	1.3471838888624958e-8
0.15582665248144906	1.3500600494154928e-8
0.1573057857438562	1.352960244209016e-8
0.15879231467257537	1.3558847383257138e-8
0.16028627624593816	1.3588338006506812e-8
0.16178770762716785	1.3618077039392445e-8
0.16329664616530362	1.3648067248861717e-8
0.16481312939613008	1.3678311441964353e-8
0.1663371950431107	1.370881246657434e-8
0.16786888101832628	1.3739573212128465e-8
0.1694082254234178	1.3770596610379257e-8
0.1709552665505349	1.380188563616647e-8
0.17251004288328747	1.3833443308203027e-8
0.17407259309770393	1.3865272689880016e-8
0.17564295606319252	1.3897376890087888e-8
0.17722117084350858	1.3929759064057084e-8
0.17880727669772617	1.3962422414215686e-8
0.18040131308121476	1.399537019106721e-8
0.18200331964662084	1.40286056940874e-8
0.18361333624485401	1.406213227264097e-8
0.18523140292607826	1.4095953326919343e-8
0.18685755994070874	1.4130072308898795e-8
0.1884918477404122	1.4164492723320414e-8
0.19013430697911424	1.4199218128692466e-8
0.1917849785140098	1.4234252138315073e-8
0.19344390340657974	1.4269598421328899e-8
0.19511112292361268	1.4305260703787e-8
0.1967866785382308	1.434124276975157e-8
0.19847061193092203	1.4377548462416385e-8
0.20016296499057665	1.4414181685254418e-8
0.20186377981552947	1.445114640319275e-8
0.2035730987146071	1.4488446643814361e-8
0.20529096420818022	1.4526086498588401e-8
0.20701741902922113	1.4564070124128724e-8
0.20875250612436722	1.4602401743482666e-8
0.210496268654989	1.4641085647450362e-8
0.21224874999826396	1.4680126195934376e-8
0.21400999374825516	1.471952781932247e-8
0.21578004371699644	1.4759295019903408e-8
0.21755894393558148	1.4799432373315575e-8
0.2193467386552594	1.483994453003224e-8
0.22114347234853576	1.4880836216880995e-8
0.22294918971027836	1.4922112238601517e-8
0.2247639356588297	1.496377747944004e-8
0.2265877553371239	1.500583690478412e-8
0.2284206941138094	1.5048295562836018e-8
0.23026279758437848	1.5091158586328935e-8
0.23211411157230027	1.5134431194284387e-8
0.23397468213016168	1.5178118693813925e-8
0.23584455554081238	1.5222226481965646e-8
0.23772377831851643	1.526676004761734e-8
0.23961239721010893	1.5311724973416182e-8
0.24151045919615952	1.5357126937768642e-8
0.24341801149214037	1.5402971716879995e-8
0.24533510154960114	1.544926518684563e-8
0.24726177705734917	1.5496013325796826e-8
0.24919808594263576	1.5543222216100717e-8
0.251144076372349	1.5590898046616377e-8
0.2530997967542107	1.563904711501102e-8
0.2550652957379817	1.5687675830134313e-8
0.2570406222166717	1.5736790714456687e-8
0.2590258253277551	1.578639840656903e-8
0.26102095445439405	1.5836505663751037e-8
0.2630260592266659	1.5887119364604575e-8
0.2650411895227993	1.593824651175855e-8
0.2670663954704134	1.598989423464597e-8
0.26910172744776534	1.604206979235337e-8
0.27114723608500396	1.609478057654976e-8
0.27320297226542917	1.614803411449111e-8
0.27526898712675635	1.620183807210934e-8
0.27734533206239	1.6256200257183374e-8
0.2794320587227019	1.6311128622597404e-8
0.2815292190163153	1.636663126968863e-8
0.2836368651113967	1.6422716451687687e-8
0.28575504943695385	1.6479392577252908e-8
0.28788382468413853	1.6536668214104602e-8
0.29002324380755934	1.659455209275917e-8
0.29217336002659705	1.6653053110369787e-8
0.29433422682673016	1.671218033467316e-8
0.29650589796086374	1.6771943008049805e-8
0.29868842745066804	1.6832350551698496e-8
0.30088186958792124	1.6893412569930642e-8
0.3030862789358609	1.6955138854588193e-8
0.30530171033054027	1.701753938958661e-8
0.307528218882193	1.7080624355593105e-8
0.30976585997660405	1.7144404134837277e-8
0.312014689276487	1.7208889316063948e-8
0.31427476272286925	1.727409069963218e-8
0.3165461365364837	1.7340019302762932e-8
0.3188288672191662	1.740668636494249e-8
0.32112301155526213	1.747410335348848e-8
0.32342862661303834	1.7542281969279766e-8
0.3257457697461036	1.7611234152660146e-8
0.32807449859483384	1.768097208951997e-8
0.3304148710878078	1.7751508217562187e-8
0.33276694544324686	1.782285523275878e-8
0.33513078017046305	1.789502609600605e-8
0.33750643407131514	1.7968034039983823e-8
0.3398939662416715	1.8041892576226898e-8
0.3422934360728799	1.8116615502417056e-8
0.34470490325324404	1.8192216909901262e-8
0.3471284277695101	1.8268711191447542e-8
0.34956406990835764	1.8346113049244362e-8
0.3520118902578995	1.842443750315374e-8
0.354471949709189	1.8503699899227278e-8
0.3569443094577349	1.858391591849537e-8
0.3594290310050235	1.8665101586038572e-8
0.3619261761600484	1.874727328035257e-8
0.3644358070408486	1.883044774301799e-8
0.36695798607605284	1.891464208868581e-8
0.36949277600643327	1.8999873815390388e-8
0.37204023988646523	1.9086160815203733e-8
0.3746004410858973	1.9173521385243256e-8
0.3771734432913268	1.926197423904539e-8
0.3797593105077832	1.935153851832379e-8
0.3823581070603219	1.9442233805120157e-8
0.38496989759562367	1.9534080134369466e-8
0.3875947470836016	1.96270980068931e-8
0.3902327208190196	1.9721308402836085e-8
0.3928838844231145	1.9816732795568084e-8
0.39554830384522993	1.9913393166065485e-8
0.3982260453644561	2.00113120177945e-8
0.4009171755912785	2.0110512392115765e-8
0.40362176146923495	2.021101788422952e-8
0.40633987027658097	2.0312852659688e-8
0.4090715696279639	2.041604147149401e-8
0.4118169274761037	2.052060967781133e-8
0.4145760121134843	2.0626583260314145e-8
0.4173488921740515	2.0733988843199863e-8
0.4201356366349219	2.0842853712893894e-8
0.42293631481809635	2.095320583847847e-8
0.4257509963921868	2.106507389287004e-8
0.42857975137414767	2.1178487274785246e-8
0.43142265013101855	2.1293476131522598e-8
0.43427976338167373	2.1410071382599678e-8
0.43715116219858224	2.1528304744281055e-8
0.44003691800957523	2.1648208755036315e-8
0.44293710259962304	2.176981680196963e-8
0.4458517881126211	2.1893163148265e-8
0.44878104705318417	2.20182829616878e-8
0.45172495228844983	2.2145212344198167e-8
0.45468357704989204	2.2273988362718994e-8
0.4576569949351413	2.2404649081114686e-8
0.46064527990981685	2.2537233593435594e-8
0.4636485063093658	2.2671782058485682e-8
0.4666667488409128	2.2808335735775367e-8
0.4697000825851173	2.294693702292482e-8
0.4727485829980427	2.3087629494582527e-8
0.47581232591303285	2.3230457942936523e-8
0.478891387542598	2.3375468419886338e-8
0.48198584448031084	2.3522708280962405e-8
0.4850957737027124	2.3672226231071886e-8
0.48822125257122595	2.382407237216176e-8
0.49136235883408197	2.397829825289173e-8
0.4945191706282523	2.4134956920416222e-8
0.4976917664813935	2.4294102974379568e-8
0.5008802253138004	2.445579262323279e-8
0.5040846264403696	2.462008374299063e-8
0.5073050495725715	2.4787035938550248e-8
0.5105415748204343	2.4956710607702646e-8
0.5137942826945365	2.5129171007971584e-8
0.517063254108009	2.5304482326429647e-8
0.5203485703785492	2.54827117526422e-8
0.5236503132304419	2.5663928554903514e-8
0.5269685647965939	2.5848204159937568e-8
0.5303034076205766	2.6035612236248806e-8
0.5336549246586795	2.622622878131197e-8
0.5370231992819728	2.642013221281478e-8
0.5404083152783826	2.6617403464163195e-8
0.5438103568547747	2.6818126084490388e-8
0.5472294086390483	2.7022386343407988e-8
0.5506655556822436	2.7230273340767586e-8
0.5541188834606549	2.7441879121708602e-8
0.5575894778779582	2.7657298797287943e-8
0.5610774252673477	2.787663067100838e-8
0.5645828123936844	2.809997637157975e-8
0.5681057264556525	2.8327440992271146e-8
0.5716462550879309	2.8559133237235887e-8
0.5752044863633705	2.879516557521128e-8
0.5787805087951873	2.9035654401029782e-8
0.5823744113391631	2.9280720205403008e-8
0.5859862833958588	2.953048775346841e-8
0.5896162148128381	2.978508627262922e-8
0.5932642958869024	3.0044649650247413e-8
0.5969306173663369	3.030931664179352e-8
0.6006152704531684	3.057923109009566e-8
0.6043183468054344	3.085454215637671e-8
0.6080399385394615	3.113540456381882e-8
0.6117801382321587	3.142197885444495e-8
0.6155390389233192	3.171443166016488e-8
0.6193167341179359	3.2012935988899385e-8
0.6231133177885255	3.231767152675097e-8
0.6269288843774683	3.262882495727989e-8
0.6307635287993556	3.294659029900547e-8
0.6346173464433522	3.32711692623503e-8
0.6384904331755688	3.3602771627330716e-8
0.6423828853414466	3.3941615643398974e-8
0.6462947997681537	3.42879284529543e-8
0.6502262737669944	3.464194654015593e-8
0.6541774051358293	3.500391620680101e-8
0.6581482921615082	3.5374094077178035e-8
0.6621390336223156	3.575274763394781e-8
0.6661497287904271	3.614015578728718e-8
0.6701804774343789	3.653660947970617e-8
0.6742313798215507	3.694241232915429e-8
0.6783025367206585	3.735788131325074e-8
0.682394049404262	3.778334749771945e-8
0.6865060196512833	3.821915681237827e-8
0.6906385497495399	3.866567087831855e-8
0.6947917424982876	3.912326789023928e-8
0.6989657012107791	3.9592343558259644e-8
0.7031605297168331	4.007331211392262e-8
0.7073763323654171	4.056660738554246e-8
0.7116132140272443	4.10726839485263e-8
0.7158712800973803	4.1592018356845106e-8
0.7201506364978669	4.212511046241756e-8
0.724451389680356	4.267248482983534e-8
0.7287736466287575	4.323469225460349e-8
0.7331175148619014	4.381231139389125e-8
0.737483102436211	4.4405950519717385e-8
0.7418705179483918	4.5016249405534726e-8
0.7462798705381338	4.5643881358349603e-8
0.7507112698908246	4.6289555409829434e-8
0.7551648262402787	4.695401868133887e-8
0.7596406503714802	4.763805893954178e-8
0.7641388536233378	4.834250736111502e-8
0.7686595478914543	4.9068241527310336e-8
0.7732028456309116	4.981618867158502e-8
0.777768859859066	5.0587329206388065e-8
0.7823577041583611	5.138270055844887e-8
0.7869694926791531	5.2203401345721136e-8
0.7916043401425489	5.3050595933442527e-8
0.7962623618432616	5.392551941188751e-8
0.8009436736524779	5.482948304419967e-8
0.8056483920207402	5.576388023958199e-8
0.8103766339808439	5.673019311510488e-8
0.8151285171507483	5.772999971879353e-8
0.8199041597365018	5.876498199771508e-8
0.8247036805351844	5.983693460785085e-8
0.8295271989378604	6.094777467799684e-8
0.8343748349325497	6.209955265834634e-8
0.8392467091072124	6.329446440629985e-8
0.8441429426527486	6.453486468829017e-8
0.8490636573660123	6.582328230783476e-8
0.8540089756528424	6.716243710787763e-8
0.8589790205311068	6.855525914111166e-8
0.8639739156337622	7.000491035722682e-8
0.868973915633762	7.15087250175385e-8
0.8739739156337618	7.30680621989792e-8
0.8789739156337616	7.468594812997688e-8
0.8839739156337615	7.636564294783252e-8
0.8889739156337613	7.811066593744496e-8
0.893973915633761	7.992482434131885e-8
0.8989739156337608	8.181224634391192e-8
0.9039739156337606	8.377741894402515e-8
0.9089739156337604	8.582523156222947e-8
0.9139739156337602	8.796102638956682e-8
0.91897391563376	9.019065667428451e-8
0.9239739156337599	9.25205543712113e-8
0.9289739156337596	9.495780885123063e-8
0.9339739156337594	9.751025869498544e-8
0.9389739156337592	1.0018659898636782e-7
0.943973915633759	1.0299650699050936e-7
0.9489739156337588	1.0595078966338015e-7
0.9539739156337586	1.0906155711468877e-7
0.9589739156337583	1.1234242695487658e-7
0.9639739156337582	1.1580876542798502e-7
0.968973915633758	1.1947797239731045e-7
0.9739739156337578	1.2336981864947607e-7
0.9789739156337576	1.275068456616737e-7
0.9839739156337574	1.319148399929044e-7
0.9889739156337571	1.3662339688094412e-7
0.9939739156337569	1.4166659053392395e-7
0.9989739156337567	1.4708377209664298e-7
1.0039739156337566	1.5292052046440855e-7
1.0089739156337563	1.592297761521982e-7
1.0139739156337562	1.660731944730142e-7
1.0189739156337558	1.7352276153905975e-7
1.0239739156337557	1.8166272531511525e-7
1.0289739156337556	1.9059190441587456e-7
1.0339739156337553	2.004264498949789e-7
1.0389739156337552	2.1130315033890528e-7
1.0439739156337549	2.2338338864901172e-7
1.0489739156337547	2.3685788056245516e-7
1.0539739156337544	2.519523509316456e-7
1.0589739156337543	2.689343348922813e-7
1.0639739156337542	2.8812132829828796e-7
1.0689739156337539	3.098905563710141e-7
1.0739739156337538	3.346906827996743e-7
1.0789739156337534	3.630558451937435e-7
1.0839739156337533	3.95622478774512e-7
1.088973915633753	4.331494807904364e-7
1.093973915633753	4.76542376031878e-7
1.0989739156337526	5.268822721325282e-7
1.1039739156337525	5.85460545715149e-7
1.1089739156337524	6.538203810734775e-7
1.113973915633752	7.338064968187638e-7
1.118973915633752	8.276246482840863e-7
1.1239739156337516	9.379127907278129e-7
1.1289739156337515	1.0678261375139182e-6
1.1339739156337512	1.2211387561760408e-6
1.138973915633751	1.4023648218896375e-6
1.143973915633751	1.6169032009605143e-6
1.1489739156337506	1.87120967483036e-6
1.1539739156337505	2.1730018449370333e-6
1.1589739156337502	2.531502584895868e-6
1.16397391563375	2.9577288279032642e-6
1.1689739156337497	3.464833483810241e-6
1.1739739156337496	4.068509346964215e-6
1.1789739156337493	4.7874649351371e-6
1.1839739156337492	5.643983211978044e-6
1.187980436725312	6.447288205679325e-6
1.1919869578168745	7.371769506892977e-6
1.1959934789084372	8.435669532018678e-6
1.2	9.65989998055415e-6
