0.0006999999999999628	1.6122432764217851e-9
0.001403500000000035	1.613840505773272e-9
0.0021105174999999296	1.615448016598692e-9
0.0028210700874998964	1.617065860158454e-9
0.003535175437937438	1.6186941200521582e-9
0.004252851315127062	1.6203328806847318e-9
0.004974115571702636	1.6219822269808716e-9
0.005698986149561044	1.6236422444613557e-9
0.006427481080308875	1.6253130192990549e-9
0.007159618485710418	1.6269946383609195e-9
0.007895416578138905	1.6286871892417086e-9
0.008634893661029494	1.6303907602924051e-9
0.00937806812933463	1.6321054406451233e-9
0.010124958469981361	1.6338313202355684e-9
0.010875583262331262	1.6355684898236985e-9
0.01162996117864295	1.6373170410130468e-9
0.012388110984536127	1.6390770662689728e-9
0.013150051539458866	1.6408486589361992e-9
0.013915801797156208	1.6426319132556214e-9
0.014685380806142003	1.6444269243807028e-9
0.015458807710172712	1.6462337883934479e-9
0.01623610174872358	1.6480526023201065e-9
0.017017282257467212	1.6498834641465977e-9
0.017802368668754516	1.651726472833841e-9
0.01859138051209827	1.6535817283328938e-9
0.019384337414658823	1.6554493316001224e-9
0.020181259101732015	1.657329384612247e-9
0.020982165397240727	1.6592219903813894e-9
0.02178707622422691	1.6611272529702387e-9
0.02259601160534814	1.6630452775071709e-9
0.02340899166337483	1.664976170201505e-9
0.024226036621691812	1.6669200383588255e-9
0.02504716680480027	1.6688769903964523e-9
0.025872402638824326	1.67084713585899e-9
0.02670176465201842	1.6728305854341093e-9
0.02753527347527842	1.6748274509683563e-9
0.028372949842654864	1.6768378454833115e-9
0.0292148145918682	1.6788618831917738e-9
0.03006088866482743	1.6808996795142048e-9
0.03091119310815165	1.6829513510954161e-9
0.0317657490736924	1.6850170158214016e-9
0.03262457781906081	1.6870967928364307e-9
0.03348770070815601	1.689190802560398e-9
0.034355139211696875	1.691299166706362e-9
0.035226914907755424	1.6934220082983958e-9
0.03610304948229413	1.6955594516896005e-9
0.03698356472970569	1.6977116225805379e-9
0.03786848255335419	1.6998786480377606e-9
0.038757824966120964	1.7020606565127834e-9
0.03965161409095162	1.7042577778612109e-9
0.04054987216140643	1.7064701433622584e-9
0.04145262152221345	1.7086978857385138e-9
0.04235988462982453	1.710941139176069e-9
0.04327168405297366	1.7132000393449038e-9
0.0441880424732386	1.7154747234196242e-9
0.04510898268560485	1.7177653301005656e-9
0.046034527599032954	1.7200719996351768e-9
0.04696470023702812	1.722394873839813e-9
0.04789952373821329	1.724734096121795e-9
0.048839021356904266	1.7270898115019615e-9
0.04978321646368884	1.7294621666374542e-9
0.05073213254600732	1.7318513098449696e-9
0.05168579320873729	1.7342573911243578e-9
0.052644222174780875	1.7366805621826578e-9
0.05360744328565471	1.7391209764584646e-9
0.054575480502083065	1.7415787891467844e-9
0.055548357904593434	1.7440541572242142e-9
0.056526099694116344	1.7465472394746882e-9
0.0575087301925869	1.7490581965154878e-9
0.05849627384354973	1.7515871908238283e-9
0.05948875521276744	1.7541343867638797e-9
0.06048619898883127	1.7566999506141582e-9
0.061488629983775384	1.7592840505955285e-9
0.06249607313369419	1.7618868568995646e-9
0.06350855349936275	1.764508541717496e-9
0.06452609626685958	1.7671492792695895e-9
0.06554872674819387	1.7698092458350907e-9
0.06657647038193484	1.7724886197826264e-9
0.06760935273384447	1.7751875816012681e-9
0.06864739949751365	1.7779063139319493e-9
0.0696906364950013	1.7806450015996183e-9
0.07073908967747639	1.7834038316458454e-9
0.07179278512586384	1.7861829933620936e-9
0.07285174905149322	1.7889826783234675e-9
0.0739160077967507	1.7918030804231902e-9
0.07498558783573436	1.7946443959076158e-9
0.07606051577491299	1.7975068234118856e-9
0.07714081835378758	1.8003905639963031e-9
0.07822652244555647	1.8032958211831716e-9
0.07931765505778425	1.8062228009945416e-9
0.0804142433330731	1.809171711990476e-9
0.08151631454973848	1.81214276530809e-9
0.08262389612248718	1.8151361747012304e-9
0.0837370156030995	1.818152156581021e-9
0.0848557006811149	1.8211909300569745e-9
0.0859799791845205	1.824252716978999e-9
0.08710987908044313	1.8273377419801427e-9
0.08824542847584534	1.8304462325200988e-9
0.08938665561822454	1.8335784189295453e-9
0.09053358889631567	1.8367345344553394e-9
0.09168625684079722	1.8399148153065394e-9
0.09284468812500112	1.8431195007012194e-9
0.09400891156562617	1.8463488329143214e-9
0.0951789561234543	1.8496030573262473e-9
0.09635485090407148	1.8528824224724792e-9
0.09753662515859184	1.8561871800940989e-9
0.0987243082843847	1.8595175851892983e-9
0.09991792982580656	1.862873896065852e-9
0.10111751947493569	1.8662563743945756e-9
0.10232310707231031	1.8696652852638878e-9
0.1035347226076718	1.8731008972353597e-9
0.10475239622071016	1.8765634824003096e-9
0.10597615820181366	1.8800533164376634e-9
0.10720603899282274	1.8835706786727106e-9
0.10844206918778684	1.8871158521371856e-9
0.10968427953372567	1.8906891236304705e-9
0.1109327009313943	1.8942907837819684e-9
0.11218736443605135	1.8979211271147575e-9
0.11344830125823162	1.9015804521104948e-9
0.11471554276452282	1.9052690612755836e-9
0.11598912047834534	1.9089872612086857e-9
0.11726906608073695	1.9127353626695775e-9
0.11855541141114062	1.9165136806493826e-9
0.11984818846819621	1.920322534442234e-9
0.12114742941053713	1.9241622477183203e-9
0.12245316655758978	1.9280331485985407e-9
0.1237654323903777	1.9319355697305163e-9
0.12508425955232963	1.935869848366281e-9
0.12640968085009122	1.9398363264414804e-9
0.1277417292543416	1.943835350656251e-9
0.1290804379006133	1.9478672725577192e-9
0.13042584009011637	1.9519324486242504e-9
0.1317779692905669	1.956031240351385e-9
0.13313685913701961	1.960164014339646e-9
0.13450254343270476	1.9643311423840306e-9
0.13587505614986833	1.9685330015656024e-9
0.13725443143061763	1.972769974344742e-9
0.13864070358777073	1.9770424486566123e-9
0.14003390710570945	1.9813508180084443e-9
0.14143407664123803	1.9856954815789856e-9
0.1428412470244442	1.990076844320106e-9
0.1442554532595664	1.9944953170604337e-9
0.14567673052586416	1.998951316611335e-9
0.1471051141784935	2.003445265875138e-9
0.14854063974938603	2.0079775939556626e-9
0.149983342948133	2.012548736271159e-9
0.15143325966287374	2.0171591346697966e-9
0.15289042596118813	2.0218092375474355e-9
0.15435487809099402	2.0264994999682688e-9
0.15582665248144906	2.031230383787819e-9
0.1573057857438562	2.0360023577789433e-9
0.15879231467257537	2.0408158977603414e-9
0.16028627624593816	2.045671486728128e-9
0.16178770762716785	2.0505696149902086e-9
0.16329664616530362	2.055510780303732e-9
0.16481312939613008	2.0604954880155607e-9
0.1663371950431107	2.0655242512059923e-9
0.16786888101832628	2.070597590835554e-9
0.1694082254234178	2.0757160358953967e-9
0.1709552665505349	2.0808801235608257e-9
0.17251004288328747	2.086090399348512e-9
0.17407259309770393	2.0913474172772878e-9
0.17564295606319252	2.0966517400325306e-9
0.17722117084350858	2.1020039391345054e-9
0.17880727669772617	2.1074045951104488e-9
0.18040131308121476	2.1128542976707383e-9
0.18200331964662084	2.1183536458892322e-9
0.18361333624485401	2.1239032483876396e-9
0.18523140292607826	2.129503723524421e-9
0.18685755994070874	2.135155699588076e-9
0.1884918477404122	2.140859814994931e-9
0.19013430697911424	2.1466167184918145e-9
0.1917849785140098	2.1524270693633048e-9
0.19344390340657974	2.1582915376442056e-9
0.19511112292361268	2.1642108043369896e-9
0.1967866785382308	2.1701855616344808e-9
0.19847061193092203	2.176216513147969e-9
0.20016296499057665	2.1823043741408943e-9
0.20186377981552947	2.1884498717681998e-9
0.2035730987146071	2.1946537453215546e-9
0.20529096420818022	2.2009167464805943e-9
0.20701741902922113	2.2072396395704277e-9
0.20875250612436722	2.2136232018254435e-9
0.210496268654989	2.220068223659753e-9
0.21224874999826396	2.226575508944343e-9
0.21400999374825516	2.2331458752912274e-9
0.21578004371699644	2.2397801543446896e-9
0.21755894393558148	2.246479192079967e-9
0.2193467386552594	2.2532438491094792e-9
0.22114347234853576	2.2600750009968304e-9
0.22294918971027836	2.266973538578873e-9
0.2247639356588297	2.273940368296107e-9
0.2265877553371239	2.2809764125315222e-9
0.2284206941138094	2.288082609958206e-9
0.23026279758437848	2.2952599158960454e-9
0.23211411157230027	2.3025093026778164e-9
0.23397468213016168	2.3098317600246554e-9
0.23584455554081238	2.317228295431589e-9
0.23772377831851643	2.3246999345632336e-9
0.23961239721010893	2.332247721660026e-9
0.24151045919615952	2.3398727199551174e-9
0.24341801149214037	2.3475760121026816e-9
0.24533510154960114	2.3553587006175156e-9
0.24726177705734917	2.3632219083266327e-9
0.24919808594263576	2.3711667788330983e-9
0.251144076372349	2.379194476992421e-9
0.2530997967542107	2.387306189402032e-9
0.2550652957379817	2.395503124904219e-9
0.2570406222166717	2.4037865151028648e-9
0.2590258253277551	2.41215761489455e-9
0.26102095445439405	2.4206177030144223e-9
0.2630260592266659	2.429168082597346e-9
0.2650411895227993	2.4378100817547254e-9
0.2670663954704134	2.4465450541676615e-9
0.26910172744776534	2.455374379696905e-9
0.27114723608500396	2.4642994650100654e-9
0.27320297226542917	2.4733217442268245e-9
0.27526898712675635	2.4824426795827253e-9
0.27734533206239	2.4916637621118197e-9
0.2794320587227019	2.500986512349507e-9
0.2815292190163153	2.510412481055363e-9
0.2836368651113967	2.5199432499574305e-9
0.28575504943695385	2.5295804325182342e-9
0.28788382468413853	2.5393256747232527e-9
0.29002324380755934	2.549180655893014e-9
0.29217336002659705	2.5591470895191395e-9
0.29433422682673016	2.5692267241254683e-9
0.29650589796086374	2.579421344155072e-9
0.29868842745066804	2.589732770883929e-9
0.30088186958792124	2.6001628633624972e-9
0.3030862789358609	2.6107135193857464e-9
0.30530171033054027	2.621386676493067e-9
0.307528218882193	2.632184312998792e-9
0.30976585997660405	2.643108449054666e-9
0.312014689276487	2.654161147745292e-9
0.31427476272286925	2.665344516217727e-9
0.3165461365364837	2.67666070684647e-9
0.3188288672191662	2.6881119184352617e-9
0.32112301155526213	2.699700397456831e-9
0.32342862661303834	2.7114284393321866e-9
0.3257457697461036	2.723298389750702e-9
0.32807449859483384	2.735312646032725e-9
0.3304148710878078	2.7474736585361773e-9
0.33276694544324686	2.759783932108809e-9
0.33513078017046305	2.772246027587743e-9
0.33750643407131514	2.7848625633483945e-9
0.3398939662416715	2.7976362169041843e-9
0.3422934360728799	2.8105697265595316e-9
0.34470490325324404	2.8236658931176108e-9
0.3471284277695101	2.8369275816454873e-9
0.34956406990835764	2.8503577232984355e-9
0.3520118902578995	2.8639593172062214e-9
0.354471949709189	2.8777354324232646e-9
0.3569443094577349	2.8916892099455533e-9
0.3594290310050235	2.9058238647969246e-9
0.3619261761600484	2.920142688187285e-9
0.3644358070408486	2.93464904974591e-9
0.36695798607605284	2.9493463998325696e-9
0.36949277600643327	2.964238271929928e-9
0.37204023988646523	2.9793282851203275e-9
0.3746004410858973	2.994620146650446e-9
0.3771734432913268	3.010117654587489e-9
0.3797593105077832	3.0258247005707245e-9
0.3823581070603219	3.0417452726622163e-9
0.38496989759562367	3.0578834583011057e-9
0.3875947470836016	3.074243447365515e-9
0.3902327208190196	3.090829535346959e-9
0.3928838844231145	3.1076461266418407e-9
0.39554830384522993	3.124697737965018e-9
0.3982260453644561	3.1419890018908823e-9
0.4009171755912785	3.159524670527351e-9
0.40362176146923495	3.1773096193284568e-9
0.40633987027658097	3.1953488510519113e-9
0.4090715696279639	3.213647499867695e-9
0.4118169274761037	3.232210835624546e-9
0.4145760121134843	3.251044268281467e-9
0.4173488921740515	3.2701533525113697e-9
0.4201356366349219	3.289543792484955e-9
0.42293631481809635	3.309221446842637e-9
0.4257509963921868	3.3291923338635716e-9
0.42857975137414767	3.3494626368403114e-9
0.43142265013101855	3.370038709669087e-9
0.43427976338167373	3.3909270826652014e-9
0.43715116219858224	3.4121344686147667e-9
0.44003691800957523	3.433667769073141e-9
0.44293710259962304	3.455534080922302e-9
0.4458517881126211	3.4777407031992226e-9
0.44878104705318417	3.5002951442084607e-9
0.45172495228844983	3.5232051289322756e-9
0.45468357704989204	3.546478606753366e-9
0.4576569949351413	3.5701237595047304e-9
0.46064527990981685	3.59414900986358e-9
0.4636485063093658	3.6185630301053386e-9
0.4666667488409128	3.643374751236805e-9
0.4697000825851173	3.668593372526531e-9
0.4727485829980427	3.6942283714530097e-9
0.47581232591303285	3.720289514091792e-9
0.478891387542598	3.746786865963744e-9
0.48198584448031084	3.773730803368834e-9
0.4850957737027124	3.801132025229585e-9
0.48822125257122595	3.829001565472135e-9
0.49136235883408197	3.857350805971711e-9
0.4945191706282523	3.886191490093836e-9
0.4976917664813935	3.915535736861713e-9
0.5008802253138004	3.945396055784338e-9
0.5040846264403696	3.975785362380776e-9
0.5073050495725715	4.006716994438072e-9
0.5105415748204343	4.038204729043789e-9
0.5137942826945365	4.070262800435168e-9
0.517063254108009	4.102905918711074e-9
0.5203485703785492	4.136149289454397e-9
0.5236503132304419	4.170008634316579e-9
0.5269685647965939	4.204500212619309e-9
0.5303034076205766	4.239640844030867e-9
0.5336549246586795	4.2754479323799014e-9
0.5370231992819728	4.311939490672165e-9
0.5404083152783826	4.349134167381389e-9
0.5438103568547747	4.387051274088809e-9
0.5472294086390483	4.425710814551882e-9
0.5506655556822436	4.465133515287853e-9
0.5541188834606549	4.505340857764302e-9
0.5575894778779582	4.546355112293286e-9
0.5610774252673477	4.588199373735014e-9
0.5645828123936844	4.630897599122122e-9
0.5681057264556525	4.67447464732511e-9
0.5716462550879309	4.718956320886788e-9
0.5752044863633705	4.7643694101638246e-9
0.5787805087951873	4.810741739922669e-9
0.5823744113391631	4.858102218548374e-9
0.5859862833958588	4.906480890036283e-9
0.5896162148128381	4.955908988949455e-9
0.5932642958869024	5.006418998537769e-9
0.5969306173663369	5.058044712230224e-9
0.6006152704531684	5.110821298727893e-9
0.6043183468054344	5.164785370941774e-9
0.6080399385394615	5.219975059040513e-9
0.6117801382321587	5.276430087891047e-9
0.6155390389233192	5.334191859201311e-9
0.6193167341179359	5.393303538694731e-9
0.6231133177885255	5.4538101486768835e-9
0.6269288843774683	5.5157586663814364e-9
0.6307635287993556	5.579198128515172e-9
0.6346173464433522	5.644179742458202e-9
0.6384904331755688	5.710757004611194e-9
0.6423828853414466	5.7789858264270115e-9
0.6462947997681537	5.848924668707328e-9
0.6502262737669944	5.920634684797637e-9
0.6541774051358293	5.994179873368238e-9
0.6581482921615082	6.069627241532432e-9
0.6621390336223156	6.147046979119225e-9
0.6661497287904271	6.22651264499402e-9
0.6701804774343789	6.308101366402831e-9
0.6742313798215507	6.3918940524089456e-9
0.6783025367206585	6.4779756225907035e-9
0.682394049404262	6.566435252284835e-9
0.6865060196512833	6.65736663578394e-9
0.6906385497495399	6.750868269038268e-9
0.6947917424982876	6.8470437535677846e-9
0.6989657012107791	6.9460021234684015e-9
0.7031605297168331	7.047858197589135e-9
0.7073763323654171	7.152732959182218e-9
0.7116132140272443	7.2607539655725955e-9
0.7158712800973803	7.372055790677233e-9
0.7201506364978669	7.486780503518989e-9
0.724451389680356	7.605078186237949e-9
0.7287736466287575	7.727107495513716e-9
0.7331175148619014	7.853036271771463e-9
0.737483102436211	7.983042201075202e-9
0.7418705179483918	8.117313535215312e-9
0.7462798705381338	8.256049876190439e-9
0.7507112698908246	8.399463032079232e-9
0.7551648262402787	8.547777952215584e-9
0.7596406503714802	8.701233750641309e-9
0.7641388536233378	8.860084828037871e-9
0.7686595478914543	9.024602103767247e-9
0.7732028456309116	9.195074371314818e-9
0.777768859859066	9.371809792370114e-9
0.7823577041583611	9.5551375470597e-9
0.7869694926791531	9.745409660521037e-9
0.7916043401425489	9.9430030291609e-9
0.7962623618432616	1.0148321673666766e-8
0.8009436736524779	1.0361799250255316e-8
0.8056483920207402	1.0583901856889738e-8
0.8103766339808439	1.0815131177447498e-8
0.8151285171507483	1.1056028014289422e-8
0.8199041597365018	1.1307176268625365e-8
0.8247036805351844	1.1569207438816019e-8
0.8295271989378604	1.1842805719685454e-8
0.8343748349325497	1.2128713801529515e-8
0.8392467091072124	1.2427739486396979e-8
0.8441429426527486	1.2740763262127673e-8
0.8490636573660123	1.3068747002480705e-8
0.8540089756528424	1.3412743995612982e-8
0.8589790205311068	1.3773910544596974e-8
0.8639739156337622	1.4153519434348246e-8
0.868973915633762	1.4551357592505079e-8
0.8739739156337618	1.4968297076976767e-8
0.8789739156337616	1.5405714223779736e-8
0.8839739156337615	1.5865127150485456e-8
0.8889739156337613	1.6348215179852088e-8
0.893973915633761	1.6856841464016268e-8
0.8989739156337608	1.7393079393589815e-8
0.9039739156337606	1.7959243488041197e-8
0.9089739156337604	1.8557925598207975e-8
0.9139739156337602	1.919203741286451e-8
0.91897391563376	1.986486045426865e-8
0.9239739156337599	2.0580104978938847e-8
0.9289739156337596	2.1341979477258246e-8
0.9339739156337594	2.215527279807416e-8
0.9389739156337592	2.3025451323383234e-8
0.943973915633759	2.3958774096745936e-8
0.9489739156337588	2.496242938328772e-8
0.9539739156337586	2.6044696828211007e-8
0.9589739156337583	2.7215140207739546e-8
0.9639739156337582	2.848483675905668e-8
0.968973915633758	2.986665026732175e-8
0.9739739156337578	3.137555651819455e-8
0.9789739156337576	3.30290314413569e-8
0.9839739156337574	3.484751433179439e-8
0.9889739156337571	3.685496100998115e-8
0.9939739156337569	3.907950475234364e-8
0.9989739156337567	4.155424638843305e-8
1.0039739156337566	4.4318199239913e-8
1.0089739156337563	4.74174197108445e-8
1.0139739156337562	5.0906360498970236e-8
1.0189739156337558	5.484949078723603e-8
1.0239739156337557	5.932323663682201e-8
1.0289739156337556	6.441830542791043e-8
1.0339739156337553	7.024247092878174e-8
1.0389739156337552	7.692391083066442e-8
1.0439739156337549	8.461520685645991e-8
1.0489739156337547	9.349813942077525e-8
1.0539739156337544	1.0378943497992208e-7
1.0589739156337543	1.1574765548579822e-7
1.0639739156337542	1.2968145671856912e-7
1.0689739156337539	1.4595948686634726e-7
1.0739739156337538	1.6502224989470818e-7
1.0789739156337534	1.8739632158758648e-7
1.0839739156337533	2.137113814948116e-7
1.088973915633753	2.4472061354517416e-7
1.093973915633753	2.813251342778018e-7
1.0989739156337526	3.246032333910194e-7
1.1039739156337525	3.7584535991299005e-7
1.1089739156337524	4.365959625239334e-7
1.113973915633752	5.087034986487572e-7
1.118973915633752	5.943801686221699e-7
1.1239739156337516	6.962732137006859e-7
1.1289739156337515	8.17549945544746e-7
1.1339739156337512	9.619990558390417e-7
1.138973915633751	1.1341511937401276e-6
1.143973915633751	1.3394223010747114e-6
1.1489739156337506	1.5842837645741092e-6
1.1539739156337505	1.8764640822298734e-6
1.1589739156337502	2.225187443859842e-6
1.16397391563375	2.641455383514602e-6
1.1689739156337497	3.1383784512105188e-6
1.1739739156337496	3.7315656343245225e-6
1.1789739156337493	4.439579971351205e-6
1.1839739156337492	5.284469347014647e-6
1.187980436725312	6.077721478291475e-6
1.1919869578168745	6.991211412882013e-6
1.1959934789084372	8.042819647612388e-6
1.2	9.252972042062781e-6
