0.0006999999999999628	7.4202032968021494e-9
0.001403500000000035	7.424621797640813e-9
0.0021105174999999296	7.4290670577964426e-9
0.0028210700874998964	7.433539140753339e-9
0.003535175437937438	7.438038231087414e-9
0.004252851315127062	7.442564516742616e-9
0.004974115571702636	7.447118187320377e-9
0.005698986149561044	7.451699434061095e-9
0.006427481080308875	7.456308449854347e-9
0.007159618485710418	7.460945429251206e-9
0.007895416578138905	7.465610568478157e-9
0.008634893661029494	7.470304065451946e-9
0.00937806812933463	7.47502611979505e-9
0.010124958469981361	7.479776932851794e-9
0.010875583262331262	7.484556707705196e-9
0.01162996117864295	7.489365649193967e-9
0.012388110984536127	7.494203963930154e-9
0.013150051539458866	7.499071860316986e-9
0.013915801797156208	7.503969548567285e-9
0.014685380806142003	7.50889724072194e-9
0.015458807710172712	7.513855150669157e-9
0.01623610174872358	7.518843494163279e-9
0.017017282257467212	7.523862488844728e-9
0.017802368668754516	7.52891235425984e-9
0.01859138051209827	7.533993311880935e-9
0.019384337414658823	7.539105585126816e-9
0.020181259101732015	7.544249399383643e-9
0.020982165397240727	7.549424982026017e-9
0.02178707622422691	7.554632562438154e-9
0.02259601160534814	7.559872372035942e-9
0.02340899166337483	7.565144644288496e-9
0.024226036621691812	7.570449614740792e-9
0.02504716680480027	7.575787521035959e-9
0.025872402638824326	7.581158602938552e-9
0.02670176465201842	7.586563102357407e-9
0.02753527347527842	7.592001263369385e-9
0.028372949842654864	7.597473332243176e-9
0.0292148145918682	7.602979557463374e-9
0.03006088866482743	7.608520189755269e-9
0.03091119310815165	7.61409548210937e-9
0.0317657490736924	7.619705689806756e-9
0.03262457781906081	7.625351070444574e-9
0.03348770070815601	7.631031883961935e-9
0.034355139211696875	7.636748392666033e-9
0.035226914907755424	7.642500861258868e-9
0.03610304948229413	7.64828955686409e-9
0.03698356472970569	7.654114749054392e-9
0.03786848255335419	7.659976709879127e-9
0.038757824966120964	7.665875713892355e-9
0.03965161409095162	7.671812038181448e-9
0.04054987216140643	7.677785962395822e-9
0.04145262152221345	7.683797768776112e-9
0.04235988462982453	7.689847742183972e-9
0.04327168405297366	7.695936170131998e-9
0.0441880424732386	7.702063342814424e-9
0.04510898268560485	7.70822955313771e-9
0.046034527599032954	7.714435096752059e-9
0.04696470023702812	7.720680272083223e-9
0.04789952373821329	7.726965380364593e-9
0.048839021356904266	7.733290725669966e-9
0.04978321646368884	7.739656614946474e-9
0.05073213254600732	7.746063358048459e-9
0.05168579320873729	7.752511267771342e-9
0.052644222174780875	7.759000659886171e-9
0.05360744328565471	7.765531853174693e-9
0.054575480502083065	7.772105169464908e-9
0.055548357904593434	7.778720933667037e-9
0.056526099694116344	7.785379473810082e-9
0.0575087301925869	7.792081121079001e-9
0.05849627384354973	7.798826209852122e-9
0.05948875521276744	7.805615077739445e-9
0.06048619898883127	7.812448065621219e-9
0.061488629983775384	7.819325517687275e-9
0.06249607313369419	7.82624778147682e-9
0.06350855349936275	7.833215207918764e-9
0.06452609626685958	7.840228151372763e-9
0.06554872674819387	7.84728696967077e-9
0.06657647038193484	7.854392024159252e-9
0.06760935273384447	7.861543679741926e-9
0.06864739949751365	7.8687423049232e-9
0.0696906364950013	7.875988271852252e-9
0.07073908967747639	7.883281956367825e-9
0.07179278512586384	7.890623738043383e-9
0.07285174905149322	7.898014000233373e-9
0.0739160077967507	7.905453130119918e-9
0.07498558783573436	7.912941518760043e-9
0.07606051577491299	7.920479561134077e-9
0.07714081835378758	7.928067656194303e-9
0.07822652244555647	7.935706206914727e-9
0.07931765505778425	7.943395620341141e-9
0.0804142433330731	7.951136307642466e-9
0.08151631454973848	7.958928684162488e-9
0.08262389612248718	7.9667731694725e-9
0.0837370156030995	7.974670187424693e-9
0.0848557006811149	7.982620166206652e-9
0.0859799791845205	7.99062353839594e-9
0.08710987908044313	7.998680741016679e-9
0.08824542847584534	8.006792215595792e-9
0.08938665561822454	8.01495840822082e-9
0.09053358889631567	8.023179769598526e-9
0.09168625684079722	8.031456755114397e-9
0.09284468812500112	8.03978982489277e-9
0.09400891156562617	8.048179443858335e-9
0.0951789561234543	8.056626081798265e-9
0.09635485090407148	8.065130213425649e-9
0.09753662515859184	8.073692318443278e-9
0.0987243082843847	8.082312881609525e-9
0.09991792982580656	8.090992392804025e-9
0.10111751947493569	8.099731347095037e-9
0.10232310707231031	8.108530244808173e-9
0.1035347226076718	8.117389591595403e-9
0.10475239622071016	8.12630989850591e-9
0.10597615820181366	8.135291682057556e-9
0.10720603899282274	8.14433546430985e-9
0.10844206918778684	8.153441772937786e-9
0.10968427953372567	8.162611141307016e-9
0.1109327009313943	8.171844108550513e-9
0.11218736443605135	8.181141219645782e-9
0.11344830125823162	8.190503025493919e-9
0.11471554276452282	8.199930082999766e-9
0.11598912047834534	8.209422955153394e-9
0.11726906608073695	8.218982211112793e-9
0.11855541141114062	8.228608426288077e-9
0.11984818846819621	8.238302182426964e-9
0.12114742941053713	8.248064067701728e-9
0.12245316655758978	8.257894676797587e-9
0.1237654323903777	8.267794611002456e-9
0.12508425955232963	8.27776447829839e-9
0.12640968085009122	8.287804893454222e-9
0.1277417292543416	8.29791647812015e-9
0.1290804379006133	8.308099860923675e-9
0.13042584009011637	8.318355677566885e-9
0.1317779692905669	8.328684570926069e-9
0.13313685913701961	8.339087191152474e-9
0.13450254343270476	8.349564195774848e-9
0.13587505614986833	8.360116249803778e-9
0.13725443143061763	8.370744025837874e-9
0.13864070358777073	8.381448204171536e-9
0.14003390710570945	8.39222947290508e-9
0.14143407664123803	8.403088528056014e-9
0.1428412470244442	8.41402607367286e-9
0.1442554532595664	8.425042821950658e-9
0.14567673052586416	8.436139493348396e-9
0.1471051141784935	8.447316816708803e-9
0.14854063974938603	8.458575529379849e-9
0.149983342948133	8.469916377338615e-9
0.15143325966287374	8.481340115317263e-9
0.15289042596118813	8.492847506931259e-9
0.15435487809099402	8.504439324809702e-9
0.15582665248144906	8.516116350728192e-9
0.1573057857438562	8.527879375743886e-9
0.15879231467257537	8.539729200333018e-9
0.16028627624593816	8.551666634530874e-9
0.16178770762716785	8.56369249807414e-9
0.16329664616530362	8.575807620546126e-9
0.16481312939613008	8.588012841524332e-9
0.1663371950431107	8.6003090107306e-9
0.16786888101832628	8.61269698818433e-9
0.1694082254234178	8.625177644358194e-9
0.1709552665505349	8.63775186033686e-9
0.17251004288328747	8.650420527978408e-9
0.17407259309770393	8.663184550078908e-9
0.17564295606319252	8.67604484054002e-9
0.17722117084350858	8.689002324539567e-9
0.17880727669772617	8.70205793870521e-9
0.18040131308121476	8.715212631291752e-9
0.18200331964662084	8.72846736236108e-9
0.18361333624485401	8.741823103966178e-9
0.18523140292607826	8.755280840338083e-9
0.18685755994070874	8.768841568076536e-9
0.1884918477404122	8.782506296344345e-9
0.19013430697911424	8.796276047065174e-9
0.1917849785140098	8.810151855125243e-9
0.19344390340657974	8.824134768578965e-9
0.19511112292361268	8.83822584885838e-9
0.1967866785382308	8.852426170986465e-9
0.19847061193092203	8.866736823794902e-9
0.20016296499057665	8.881158910145798e-9
0.20186377981552947	8.895693547157753e-9
0.2035730987146071	8.910341866436424e-9
0.20529096420818022	8.925105014309309e-9
0.20701741902922113	8.939984152065531e-9
0.20875250612436722	8.954980456199892e-9
0.210496268654989	8.970095118662251e-9
0.21224874999826396	8.985329347111253e-9
0.21400999374825516	9.000684365173504e-9
0.21578004371699644	9.016161412707826e-9
0.21755894393558148	9.031761746074504e-9
0.2193467386552594	9.04748663841058e-9
0.22114347234853576	9.06333737990979e-9
0.22294918971027836	9.079315278109028e-9
0.2247639356588297	9.095421658179969e-9
0.2265877553371239	9.11165786322699e-9
0.2284206941138094	9.128025254591008e-9
0.23026279758437848	9.144525212159508e-9
0.23211411157230027	9.16115913468306e-9
0.23397468213016168	9.177928440098409e-9
0.23584455554081238	9.194834565857851e-9
0.23772377831851643	9.211878969266043e-9
0.23961239721010893	9.229063127823417e-9
0.24151045919615952	9.246388539576829e-9
0.24341801149214037	9.263856723477652e-9
0.24533510154960114	9.281469219747555e-9
0.24726177705734917	9.299227590251603e-9
0.24919808594263576	9.317133418879722e-9
0.251144076372349	9.335188311935958e-9
0.2530997967542107	9.3533938985363e-9
0.2550652957379817	9.371751831014985e-9
0.2570406222166717	9.390263785339381e-9
0.2590258253277551	9.408931461533964e-9
0.26102095445439405	9.427756584113677e-9
0.2630260592266659	9.44674090252656e-9
0.2650411895227993	9.4658861916059e-9
0.2670663954704134	9.485194252032614e-9
0.26910172744776534	9.504666910807735e-9
0.27114723608500396	9.524306021735285e-9
0.27320297226542917	9.544113465915858e-9
0.27526898712675635	9.564091152251426e-9
0.27734533206239	9.584241017961194e-9
0.2794320587227019	9.604565029109206e-9
0.2815292190163153	9.62506518114383e-9
0.2836368651113967	9.645743499449508e-9
0.28575504943695385	9.666602039910993e-9
0.28788382468413853	9.687642889490401e-9
0.29002324380755934	9.708868166818019e-9
0.29217336002659705	9.730280022795905e-9
0.29433422682673016	9.751880641216038e-9
0.29650589796086374	9.773672239392943e-9
0.29868842745066804	9.795657068810284e-9
0.30088186958792124	9.817837415783852e-9
0.3030862789358609	9.840215602138742e-9
0.30530171033054027	9.862793985903705e-9
0.307528218882193	9.88557496202157e-9
0.30976585997660405	9.90856096307604e-9
0.312014689276487	9.931754460036946e-9
0.31427476272286925	9.955157963022679e-9
0.3165461365364837	9.978774022081325e-9
0.3188288672191662	1.000260522799033e-8
0.32112301155526213	1.0026654213076465e-8
0.32342862661303834	1.0050923652055105e-8
0.3257457697461036	1.0075416262890376e-8
0.32807449859483384	1.010013480767663e-8
0.3304148710878078	1.0125082093542017e-8
0.33276694544324686	1.015026097357375e-8
0.33513078017046305	1.017567434776764e-8
0.33750643407131514	1.0201325164000702e-8
0.3398939662416715	1.022721641902857e-8
0.3422934360728799	1.025335115950841e-8
0.34470490325324404	1.0279732483047642e-8
0.3471284277695101	1.0306363539279862e-8
0.34956406990835764	1.0333247530968231e-8
0.3520118902578995	1.0360387715137328e-8
0.354471949709189	1.0387787404234832e-8
0.3569443094577349	1.04154499673233e-8
0.3594290310050235	1.0443378831303116e-8
0.3619261761600484	1.0471577482168016e-8
0.3644358070408486	1.0500049466293468e-8
0.36695798607605284	1.0528798391760399e-8
0.36949277600643327	1.0557827929712753e-8
0.37204023988646523	1.0587141815753158e-8
0.3746004410858973	1.0616743851375428e-8
0.3771734432913268	1.064663790543651e-8
0.3797593105077832	1.0676827915668449e-8
0.3823581070603219	1.0707317890231973e-8
0.38496989759562367	1.073811190931289e-8
0.3875947470836016	1.0769214126763165e-8
0.3902327208190196	1.080062877178755e-8
0.3928838844231145	1.0832360150677597e-8
0.39554830384522993	1.0864412648594821e-8
0.3982260453644561	1.0896790731404212e-8
0.4009171755912785	1.0929498947560172e-8
0.40362176146923495	1.0962541930046813e-8
0.40633987027658097	1.0995924398374182e-8
0.4090715696279639	1.102965116063224e-8
0.4118169274761037	1.1063727115604601e-8
0.4145760121134843	1.1098157254945325e-8
0.4173488921740515	1.1132946665418881e-8
0.4201356366349219	1.1168100531207227e-8
0.42293631481809635	1.1203624136285884e-8
0.4257509963921868	1.1239522866871253e-8
0.42857975137414767	1.127580221394177e-8
0.43142265013101855	1.1312467775836424e-8
0.43427976338167373	1.134952526093219e-8
0.43715116219858224	1.1386980490404093e-8
0.44003691800957523	1.142483940107119e-8
0.44293710259962304	1.1463108048330833e-8
0.4458517881126211	1.1501792609185236e-8
0.44878104705318417	1.154089938536418e-8
0.45172495228844983	1.158043480654573e-8
0.45468357704989204	1.162040543368178e-8
0.4576569949351413	1.1660817962429092e-8
0.46064527990981685	1.1701679226692968e-8
0.4636485063093658	1.1742996202285791e-8
0.4666667488409128	1.1784776010706052e-8
0.4697000825851173	1.182702592304309e-8
0.4727485829980427	1.1869753364011169e-8
0.47581232591303285	1.1912965916119606e-8
0.478891387542598	1.1956671323983712e-8
0.48198584448031084	1.200087749878262e-8
0.4850957737027124	1.2045592522870523e-8
0.48822125257122595	1.209082465454641e-8
0.49136235883408197	1.2136582332991132e-8
0.4945191706282523	1.2182874183376656e-8
0.4976917664813935	1.2229709022157418e-8
0.5008802253138004	1.2277095862548602e-8
0.5040846264403696	1.2325043920203046e-8
0.5073050495725715	1.237356261909308e-8
0.5105415748204343	1.2422661597606767e-8
0.5137942826945365	1.247235071486991e-8
0.517063254108009	1.2522640057301926e-8
0.5203485703785492	1.2573539945418078e-8
0.5236503132304419	1.2625060940888516e-8
0.5269685647965939	1.267721385386675e-8
0.5303034076205766	1.2730009750600556e-8
0.5336549246586795	1.2783459961338057e-8
0.5370231992819728	1.2837576088544645e-8
0.5404083152783826	1.2892370015445088e-8
0.5438103568547747	1.2947853914907423e-8
0.5472294086390483	1.3004040258686055e-8
0.5506655556822436	1.3060941827042357e-8
0.5541188834606549	1.3118571718762603e-8
0.5575894778779582	1.3176943361593966e-8
0.5610774252673477	1.3236070523121152e-8
0.5645828123936844	1.3295967322107257e-8
0.5681057264556525	1.3356648240325623e-8
0.5716462550879309	1.3418128134908348e-8
0.5752044863633705	1.3480422251243352e-8
0.5787805087951873	1.3543546236449669e-8
0.5823744113391631	1.360751615346663e-8
0.5859862833958588	1.3672348495794083e-8
0.5896162148128381	1.3738060202922783e-8
0.5932642958869024	1.3804668676499225e-8
0.5969306173663369	1.3872191797272127e-8
0.6006152704531684	1.394064794287167e-8
0.6043183468054344	1.4010056006478152e-8
0.6080399385394615	1.4080435416441211e-8
0.6117801382321587	1.4151806156916727e-8
0.6155390389233192	1.4224188789596383e-8
0.6193167341179359	1.4297604476610867e-8
0.6231133177885255	1.4372075004696987e-8
0.6269288843774683	1.444762281073005e-8
0.6307635287993556	1.452427100873169e-8
0.6346173464433522	1.4602043418478586e-8
0.6384904331755688	1.4680964595850666e-8
0.6423828853414466	1.4761059865075602e-8
0.6462947997681537	1.4842355353045833e-8
0.6502262737669944	1.4924878025907215e-8
0.6541774051358293	1.5008655728145052e-8
0.6581482921615082	1.5093717224424326e-8
0.6621390336223156	1.518009224447825e-8
0.6661497287904271	1.526781153137997e-8
0.6701804774343789	1.5356906893583644e-8
0.6742313798215507	1.5447411261180506e-8
0.6783025367206585	1.553935874688235e-8
0.682394049404262	1.5632784712330762e-8
0.6865060196512833	1.5727725840423386e-8
0.6906385497495399	1.582422021446832e-8
0.6947917424982876	1.592230740511123e-8
0.6989657012107791	1.6022028566146262e-8
0.7031605297168331	1.612342654051547e-8
0.7073763323654171	1.6226545978036086e-8
0.7116132140272443	1.6331433466675153e-8
0.7158712800973803	1.6438137679525474e-8
0.7201506364978669	1.6546709540043467e-8
0.724451389680356	1.665720240859235e-8
0.7287736466287575	1.6769672293923366e-8
0.7331175148619014	1.688417809393214e-8
0.737483102436211	1.700078187088527e-8
0.7418705179483918	1.7119549167346515e-8
0.7462798705381338	1.72405493702849e-8
0.7507112698908246	1.7363856132374907e-8
0.7551648262402787	1.748954786134467e-8
0.7596406503714802	1.7617708290484423e-8
0.7641388536233378	1.7748427146165886e-8
0.7686595478914543	1.7881800931573592e-8
0.7732028456309116	1.801793384992999e-8
0.777768859859066	1.8156938895488048e-8
0.7823577041583611	1.8298939146678083e-8
0.7869694926791531	1.844406930327177e-8
0.7916043401425489	1.8592477518610846e-8
0.7962623618432616	1.8744327589205833e-8
0.8009436736524779	1.8899801577857503e-8
0.8056483920207402	1.9059102963484276e-8
0.8103766339808439	1.922246043180707e-8
0.8151285171507483	1.9390132446896227e-8
0.8199041597365018	1.9562412775482088e-8
0.8247036805351844	1.9739637175333534e-8
0.8295271989378604	1.9922191507718675e-8
0.8343748349325497	2.011052159426269e-8
0.8392467091072124	2.0305145213199565e-8
0.8441429426527486	2.050666672265526e-8
0.8490636573660123	2.0715794913570177e-8
0.8540089756528424	2.093336483773903e-8
0.8589790205311068	2.1160364534135568e-8
0.8639739156337622	2.139796779790127e-8
0.868973915633762	2.164656303727529e-8
0.8739739156337618	2.1907389092939e-8
0.8789739156337616	2.218219963094102e-8
0.8839739156337615	2.2473080680401768e-8
0.8889739156337613	2.2782517241861048e-8
0.893973915633761	2.311347344115378e-8
0.8989739156337608	2.3469488997281554e-8
0.9039739156337606	2.3854795339291645e-8
0.9089739156337604	2.427445538991105e-8
0.9139739156337602	2.4734531856184217e-8
0.91897391563376	2.5242289858193743e-8
0.9239739156337599	2.580644092049717e-8
0.9289739156337596	2.643743678859799e-8
0.9339739156337594	2.7147823264398237e-8
0.9389739156337592	2.7952666340111063e-8
0.943973915633759	2.887006542164528e-8
0.9489739156337588	2.992177145675745e-8
0.9539739156337586	3.11339314245604e-8
0.9589739156337583	3.2537985026634086e-8
0.9639739156337582	3.417174469659779e-8
0.968973915633758	3.6080696395492256e-8
0.9739739156337578	3.8319566301832987e-8
0.9789739156337576	4.095420769840666e-8
0.9839739156337574	4.406387341536263e-8
0.9889739156337571	4.774395248563385e-8
0.9939739156337569	5.210926565307632e-8
0.9989739156337567	5.729803358319853e-8
1.0039739156337566	6.347665470358863e-8
1.0089739156337563	7.08454573138262e-8
1.0139739156337562	7.964562386919192e-8
1.0189739156337558	9.016752525110055e-8
1.0239739156337557	1.0276075069021644e-7
1.0289739156337556	1.1784617635101804e-7
1.0339739156337553	1.3593048425240958e-7
1.0389739156337552	1.5762362535857777e-7
1.0439739156337549	1.836598188904137e-7
1.0489739156337547	2.1492279720060014e-7
1.0539739156337544	2.524761454683555e-7
1.0589739156337543	2.975997521497961e-7
1.0639739156337542	3.518335843943593e-7
1.0689739156337539	4.170302381008849e-7
1.0739739156337538	4.954179913792335e-7
1.0789739156337534	5.896764202657312e-7
1.0839739156337533	7.030270249524708e-7
1.088973915633753	8.393417728674834e-7
1.093973915633753	1.0032730020048172e-6
1.0989739156337526	1.200408755133995e-6
1.1039739156337525	1.437458344770671e-6
1.1089739156337524	1.7224737921995112e-6
1.113973915633752	2.0651137532488237e-6
1.118973915633752	2.4769576495929952e-6
1.1239739156337516	2.971878975358928e-6
1.1289739156337515	3.5664881488855813e-6
1.1339739156337512	4.280656826392767e-6
1.138973915633751	5.138137276631028e-6
1.143973915633751	6.167292209105165e-6
1.1489739156337506	7.401952312235158e-6
1.1539739156337505	8.8824206296253e-6
1.1589739156337502	1.0656644694591934e-5
1.16397391563375	1.2781578937919485e-5
1.1689739156337497	1.532476113214358e-5
1.1739739156337496	1.836612735583491e-5
1.1789739156337493	2.200008994112895e-5
1.1839739156337492	2.633790186818645e-5
1.187980436725312	3.0409149869766218e-5
1.1919869578168745	3.509344528272064e-5
1.1959934789084372	4.047869193745703e-5
1.2	4.666435594561204e-5
