0.0006999999999999628	1.572728672936368e-8
0.001403500000000035	1.5736419786003265e-8
0.0021105174999999296	1.5745608208891207e-8
0.0028210700874998964	1.5754852045078852e-8
0.003535175437937438	1.576415167475566e-8
0.004252851315127062	1.5773507486178874e-8
0.004974115571702636	1.5782919871043503e-8
0.005698986149561044	1.5792389224431847e-8
0.006427481080308875	1.5801915944834542e-8
0.007159618485710418	1.5811500434177742e-8
0.007895416578138905	1.5821143097852044e-8
0.008634893661029494	1.583084434474416e-8
0.00937806812933463	1.5840604587269527e-8
0.010124958469981361	1.585042424140599e-8
0.010875583262331262	1.586030372672938e-8
0.01162996117864295	1.5870243466448392e-8
0.012388110984536127	1.5880243887441913e-8
0.013150051539458866	1.589030542029603e-8
0.013915801797156208	1.59004284993423e-8
0.014685380806142003	1.5910613562696294e-8
0.015458807710172712	1.5920861052297068e-8
0.01623610174872358	1.5931171413947404e-8
0.017017282257467212	1.5941545097354276e-8
0.017802368668754516	1.5951982556170238e-8
0.01859138051209827	1.5962484248035576e-8
0.019384337414658823	1.5973050634620827e-8
0.020181259101732015	1.5983682181669827e-8
0.020982165397240727	1.5994379359043908e-8
0.02178707622422691	1.6005142640766014e-8
0.02259601160534814	1.6015972505066106e-8
0.02340899166337483	1.6026869434426873e-8
0.024226036621691812	1.603783391562994e-8
0.02504716680480027	1.6048866439803177e-8
0.025872402638824326	1.605996750246811e-8
0.02670176465201842	1.607113760358868e-8
0.02753527347527842	1.6082377247619788e-8
0.028372949842654864	1.609368694355765e-8
0.0292148145918682	1.610506720498942e-8
0.03006088866482743	1.6116518550144948e-8
0.03091119310815165	1.612804150194798e-8
0.0317657490736924	1.6139636588069373e-8
0.03262457781906081	1.6151304340979692e-8
0.03348770070815601	1.6163045298003378e-8
0.034355139211696875	1.6174860001373602e-8
0.035226914907755424	1.618674899828764e-8
0.03610304948229413	1.6198712840962807e-8
0.03698356472970569	1.62107520866941e-8
0.03786848255335419	1.6222867297911155e-8
0.038757824966120964	1.6235059042237683e-8
0.03965161409095162	1.6247327892550332e-8
0.04054987216140643	1.625967442703882e-8
0.04145262152221345	1.627209922926783e-8
0.04235988462982453	1.6284602888237747e-8
0.04327168405297366	1.629718599844839e-8
0.0441880424732386	1.6309849159962318e-8
0.04510898268560485	1.6322592978469507e-8
0.046034527599032954	1.6335418065352276e-8
0.04696470023702812	1.634832503775279e-8
0.04789952373821329	1.6361314518639178e-8
0.048839021356904266	1.6374387136874955e-8
0.04978321646368884	1.6387543527287166e-8
0.05073213254600732	1.6400784330737434e-8
0.05168579320873729	1.641411019419308e-8
0.052644222174780875	1.642752177079896e-8
0.05360744328565471	1.6441019719951265e-8
0.054575480502083065	1.645460470737144e-8
0.055548357904593434	1.646827740518191e-8
0.056526099694116344	1.6482038491982773e-8
0.0575087301925869	1.6495888652928553e-8
0.05849627384354973	1.6509828579807904e-8
0.05948875521276744	1.6523858971123192e-8
0.06048619898883127	1.6537980532171017e-8
0.061488629983775384	1.655219397512545e-8
0.06249607313369419	1.6566500019120235e-8
0.06350855349936275	1.6580899390334592e-8
0.06452609626685958	1.6595392822078546e-8
0.06554872674819387	1.6609981054879945e-8
0.06657647038193484	1.6624664836573348e-8
0.06760935273384447	1.66394449223896e-8
0.06864739949751365	1.6654322075046843e-8
0.0696906364950013	1.666929706484286e-8
0.07073908967747639	1.6684370669749733e-8
0.07179278512586384	1.6699543675507886e-8
0.07285174905149322	1.6714816875723322e-8
0.0739160077967507	1.6730191071966344e-8
0.07498558783573436	1.6745667073869975e-8
0.07606051577491299	1.6761245699232063e-8
0.07714081835378758	1.6776927774117392e-8
0.07822652244555647	1.6792714132962248e-8
0.07931765505778425	1.6808605618679643e-8
0.0804142433330731	1.6824603082767665e-8
0.08151631454973848	1.6840707385417657e-8
0.08262389612248718	1.685691939562537e-8
0.0837370156030995	1.6873239991303326e-8
0.0848557006811149	1.6889670059395216e-8
0.0859799791845205	1.69062104959912e-8
0.08710987908044313	1.692286220644667e-8
0.08824542847584534	1.6939626105500933e-8
0.08938665561822454	1.6956503117399122e-8
0.09053358889631567	1.6973494176015403e-8
0.09168625684079722	1.6990600224978384e-8
0.09284468812500112	1.7007822217798176e-8
0.09400891156562617	1.702516111799594e-8
0.0951789561234543	1.7042617899234906e-8
0.09635485090407148	1.706019354545411e-8
0.09753662515859184	1.707788905100354e-8
0.0987243082843847	1.7095705420782336e-8
0.09991792982580656	1.7113643670377882e-8
0.10111751947493569	1.7131704826208982e-8
0.10232310707231031	1.7149889925669242e-8
0.1035347226076718	1.7168200017274796e-8
0.10475239622071016	1.7186636160812484e-8
0.10597615820181366	1.7205199427492315e-8
0.10720603899282274	1.722389090010067e-8
0.10844206918778684	1.7242711673157397e-8
0.10968427953372567	1.726166285307471e-8
0.1109327009313943	1.7280745558318967e-8
0.11218736443605135	1.7299960919574817e-8
0.11344830125823162	1.7319310079912302e-8
0.11471554276452282	1.7338794194957164e-8
0.11598912047834534	1.7358414433062795e-8
0.11726906608073695	1.7378171975486576e-8
0.11855541141114062	1.73980680165674e-8
0.11984818846819621	1.7418103763908e-8
0.12114742941053713	1.7438280438558816e-8
0.12245316655758978	1.7458599275206228e-8
0.1237654323903777	1.747906152236266e-8
0.12508425955232963	1.7499668442560998e-8
0.12640968085009122	1.7520421312551987e-8
0.1277417292543416	1.754132142350451e-8
0.1290804379006133	1.75623700812102e-8
0.13042584009011637	1.7583568606290436e-8
0.1317779692905669	1.76049183344081e-8
0.13313685913701961	1.7626420616482176e-8
0.13450254343270476	1.7648076818906114e-8
0.13587505614986833	1.7669888323770346e-8
0.13725443143061763	1.7691856529088557e-8
0.13864070358777073	1.7713982849027574e-8
0.14003390710570945	1.7736268714141833e-8
0.14143407664123803	1.775871557161148e-8
0.1428412470244442	1.7781324885484838e-8
0.1442554532595664	1.780409813692556e-8
0.14567673052586416	1.782703682446328e-8
0.1471051141784935	1.7850142464249405e-8
0.14854063974938603	1.7873416590317736e-8
0.149983342948133	1.789686075484858e-8
0.15143325966287374	1.7920476528438955e-8
0.15289042596118813	1.7944265500376796e-8
0.15435487809099402	1.796822927892032e-8
0.15582665248144906	1.7992369491582703e-8
0.1573057857438562	1.801668778542163e-8
0.15879231467257537	1.804118582733427e-8
0.16028627624593816	1.8065865304357577e-8
0.16178770762716785	1.809072792397438e-8
0.16329664616530362	1.811577541442462e-8
0.16481312939613008	1.814100952502263e-8
0.1663371950431107	1.8166432026480408e-8
0.16786888101832628	1.8192044711237e-8
0.1694082254234178	1.821784939379326e-8
0.1709552665505349	1.824384791105384e-8
0.17251004288328747	1.8270042122675197e-8
0.17407259309770393	1.829643391141988e-8
0.17564295606319252	1.8323025183518386e-8
0.17722117084350858	1.834981786903649e-8
0.17880727669772617	1.8376813922251322e-8
0.18040131308121476	1.8404015322033134e-8
0.18200331964662084	1.84314240722349e-8
0.18361333624485401	1.8459042202089885e-8
0.18523140292607826	1.8486871766616318e-8
0.18685755994070874	1.8514914847030052e-8
0.1884918477404122	1.8543173551165343e-8
0.19013430697911424	1.8571650013903695e-8
0.1917849785140098	1.860034639761137e-8
0.19344390340657974	1.8629264892585257e-8
0.19511112292361268	1.8658407717507483e-8
0.1967866785382308	1.868777711990931e-8
0.19847061193092203	1.8717375376644193e-8
0.20016296499057665	1.874720479436979e-8
0.20186377981552947	1.8777267710040438e-8
0.2035730987146071	1.8807566491408807e-8
0.20529096420818022	1.8838103537538275e-8
0.20701741902922113	1.886888127932472e-8
0.20875250612436722	1.889990218003017e-8
0.210496268654989	1.8931168735826637e-8
0.21224874999826396	1.8962683476350455e-8
0.21400999374825516	1.8994448965269732e-8
0.21578004371699644	1.9026467800861566e-8
0.21755894393558148	1.9058742616602626e-8
0.2193467386552594	1.909127608177119e-8
0.22114347234853576	1.9124070902062066e-8
0.22294918971027836	1.915712982021456e-8
0.2247639356588297	1.9190455616653033e-8
0.2265877553371239	1.9224051110141756e-8
0.2284206941138094	1.9257919158452687e-8
0.23026279758437848	1.929206265904875e-8
0.23211411157230027	1.9326484549779806e-8
0.23397468213016168	1.9361187809595938e-8
0.23584455554081238	1.9396175459273897e-8
0.23772377831851643	1.943145056216035e-8
0.23961239721010893	1.9467016224931095e-8
0.24151045919615952	1.950287559836686e-8
0.24341801149214037	1.953903187814534e-8
0.24533510154960114	1.9575488305652023e-8
0.24726177705734917	1.961224816880751e-8
0.24919808594263576	1.9649314802913933e-8
0.251144076372349	1.968669159151968e-8
0.2530997967542107	1.972438196730377e-8
0.2550652957379817	1.9762389412980317e-8
0.2570406222166717	1.9800717462222374e-8
0.2590258253277551	1.9839369700607422e-8
0.26102095445439405	1.987834976658443e-8
0.2630260592266659	1.9917661352462335e-8
0.2650411895227993	1.9957308205421273e-8
0.2670663954704134	1.9997294128547538e-8
0.26910172744776534	2.003762298189218e-8
0.27114723608500396	2.007829868355369e-8
0.27320297226542917	2.0119325210786446e-8
0.27526898712675635	2.0160706601134885e-8
0.27734533206239	2.0202446953594484e-8
0.2794320587227019	2.0244550429799548e-8
0.2815292190163153	2.0287021255239993e-8
0.2836368651113967	2.03298637205064e-8
0.28575504943695385	2.037308218256505e-8
0.28788382468413853	2.041668106606407e-8
0.29002324380755934	2.0460664864670125e-8
0.29217336002659705	2.0505038142438162e-8
0.29433422682673016	2.05498055352149e-8
0.29650589796086374	2.0594971752075357e-8
0.29868842745066804	2.0640541576795902e-8
0.30088186958792124	2.068651986936357e-8
0.3030862789358609	2.0732911567521775e-8
0.30530171033054027	2.0779721688355868e-8
0.307528218882193	2.0826955329918096e-8
0.30976585997660405	2.0874617672892347e-8
0.312014689276487	2.0922713982302864e-8
0.31427476272286925	2.0971249609264608e-8
0.3165461365364837	2.1020229992779715e-8
0.3188288672191662	2.1069660661579342e-8
0.32112301155526213	2.111954723601315e-8
0.32342862661303834	2.11698954299877e-8
0.3257457697461036	2.1220711052955778e-8
0.32807449859483384	2.127200001195745e-8
0.3304148710878078	2.1323768313714612e-8
0.33276694544324686	2.1376022066781533e-8
0.33513078017046305	2.1428767483752482e-8
0.33750643407131514	2.1482010883527964e-8
0.3398939662416715	2.153575869364231e-8
0.3422934360728799	2.1590017452654006e-8
0.34470490325324404	2.1644793812600614e-8
0.3471284277695101	2.1700094541521533e-8
0.34956406990835764	2.1755926526049133e-8
0.3520118902578995	2.181229677407225e-8
0.354471949709189	2.1869212417472444e-8
0.3569443094577349	2.1926680714938178e-8
0.3594290310050235	2.1984709054856343e-8
0.3619261761600484	2.204330495828705e-8
0.3644358070408486	2.210247608202107e-8
0.36695798607605284	2.2162230221725764e-8
0.36949277600643327	2.222257531518118e-8
0.37204023988646523	2.228351944560876e-8
0.3746004410858973	2.2345070845097906e-8
0.3771734432913268	2.2407237898131298e-8
0.3797593105077832	2.2470029145214238e-8
0.3823581070603219	2.2533453286612493e-8
0.38496989759562367	2.259751918619854e-8
0.3875947470836016	2.2662235875415566e-8
0.3902327208190196	2.2727612557358498e-8
0.3928838844231145	2.2793658610980114e-8
0.39554830384522993	2.2860383595424372e-8
0.3982260453644561	2.2927797254492558e-8
0.4009171755912785	2.2995909521247258e-8
0.40362176146923495	2.306473052275903e-8
0.40633987027658097	2.313427058500146e-8
0.4090715696279639	2.320454023789936e-8
0.4118169274761037	2.3275550220537305e-8
0.4145760121134843	2.334731148653316e-8
0.4173488921740515	2.341983520958426e-8
0.4201356366349219	2.3493132789191813e-8
0.42293631481809635	2.3567215856571757e-8
0.4257509963921868	2.36420962807577e-8
0.42857975137414767	2.3717786174905344e-8
0.43142265013101855	2.3794297902804902e-8
0.43427976338167373	2.387164408561133e-8
0.43715116219858224	2.39498376087995e-8
0.44003691800957523	2.4028891629355407e-8
0.44293710259962304	2.4108819583210586e-8
0.4458517881126211	2.4189635192933472e-8
0.44878104705318417	2.4271352475683323e-8
0.45172495228844983	2.4353985751443307e-8
0.45468357704989204	2.4437549651539972e-8
0.4576569949351413	2.4522059127464124e-8
0.46064527990981685	2.4607529460003715e-8
0.4636485063093658	2.4693976268705762e-8
0.4666667488409128	2.4781415521676924e-8
0.4697000825851173	2.4869863545741988e-8
0.4727485829980427	2.4959337036972724e-8
0.47581232591303285	2.504985307160566e-8
0.478891387542598	2.514142911736624e-8
0.48198584448031084	2.5234083045215674e-8
0.4850957737027124	2.5327833141542944e-8
0.48822125257122595	2.5422698120818783e-8
0.49136235883408197	2.5518697138736775e-8
0.4945191706282523	2.5615849805862263e-8
0.4976917664813935	2.5714176201811715e-8
0.5008802253138004	2.5813696889992305e-8
0.5040846264403696	2.591443293292285e-8
0.5073050495725715	2.601640590816917e-8
0.5105415748204343	2.6119637924920206e-8
0.5137942826945365	2.6224151641239965e-8
0.517063254108009	2.632997028202435e-8
0.5203485703785492	2.6437117657703688e-8
0.5236503132304419	2.6545618183723444e-8
0.5269685647965939	2.665549690084647e-8
0.5303034076205766	2.6766779496318148e-8
0.5336549246586795	2.687949232593779e-8
0.5370231992819728	2.699366243708698e-8
0.5404083152783826	2.7109317592762163e-8
0.5438103568547747	2.722648629666802e-8
0.5472294086390483	2.734519781942814e-8
0.5506655556822436	2.746548222597392e-8
0.5541188834606549	2.7587370404174903e-8
0.5575894778779582	2.771089409478569e-8
0.5610774252673477	2.783608592277571e-8
0.5645828123936844	2.7962979430127523e-8
0.5681057264556525	2.8091609110184083e-8
0.5716462550879309	2.8222010443638363e-8
0.5752044863633705	2.835421993625873e-8
0.5787805087951873	2.8488275158457423e-8
0.5823744113391631	2.8624214786809997e-8
0.5859862833958588	2.8762078647648884e-8
0.5896162148128381	2.890190776285499e-8
0.5932642958869024	2.904374439798914e-8
0.5969306173663369	2.9187632112909388e-8
0.6006152704531684	2.9333615815035963e-8
0.6043183468054344	2.948174181543671e-8
0.6080399385394615	2.963205788791601e-8
0.6117801382321587	2.9784613331317196e-8
0.6155390389233192	2.99394590352484e-8
0.6193167341179359	3.009664754947559e-8
0.6231133177885255	3.0256233157238215e-8
0.6269288843774683	3.041827195276897e-8
0.6307635287993556	3.0582821923322805e-8
0.6346173464433522	3.0749943036051707e-8
0.6384904331755688	3.091969733008665e-8
0.6423828853414466	3.109214901423194e-8
0.6462947997681537	3.1267364570709235e-8
0.6502262737669944	3.144541286543333e-8
0.6541774051358293	3.162636526535785e-8
0.6581482921615082	3.1810295763475235e-8
0.6621390336223156	3.19972811121288e-8
0.6661497287904271	3.2187400965356896e-8
0.6701804774343789	3.2380738031080094e-8
0.6742313798215507	3.2577378234031024e-8
0.6783025367206585	3.2777410890432065e-8
0.682394049404262	3.2980928895555864e-8
0.6865060196512833	3.3188028925436906e-8
0.6906385497495399	3.3398811654174136e-8
0.6947917424982876	3.361338198844664e-8
0.6989657012107791	3.383184932109064e-8
0.7031605297168331	3.405432780583841e-8
0.7073763323654171	3.428093665562083e-8
0.7116132140272443	3.451180046718638e-8
0.7158712800973803	3.474704957519837e-8
0.7201506364978669	3.498682043946152e-8
0.724451389680356	3.5231256069498195e-8
0.7287736466287575	3.5480506491374295e-8
0.7331175148619014	3.573472926247374e-8
0.737483102436211	3.599409004088847e-8
0.7418705179483918	3.625876321721815e-8
0.7462798705381338	3.652893261794133e-8
0.7507112698908246	3.680479229116039e-8
0.7551648262402787	3.7086547387462607e-8
0.7596406503714802	3.7374415151015834e-8
0.7641388536233378	3.7668626038840356e-8
0.7686595478914543	3.7969424989637466e-8
0.7732028456309116	3.827707286769372e-8
0.777768859859066	3.8591848112412426e-8
0.7823577041583611	3.891404863012014e-8
0.7869694926791531	3.9243993972223886e-8
0.7916043401425489	3.958202785282684e-8
0.7962623618432616	3.9928521069945575e-8
0.8009436736524779	4.0283874907951674e-8
0.8056483920207402	4.064852511535449e-8
0.8103766339808439	4.102294657226742e-8
0.8151285171507483	4.140765878671469e-8
0.8199041597365018	4.180323238945326e-8
0.8247036805351844	4.221029683452997e-8
0.8295271989378604	4.2629549559076835e-8
0.8343748349325497	4.306176691297913e-8
0.8392467091072124	4.350781723961131e-8
0.8441429426527486	4.39686765761851e-8
0.8490636573660123	4.4445447550410776e-8
0.8540089756528424	4.493938218435508e-8
0.8589790205311068	4.545190948296644e-8
0.8639739156337622	4.598466889186123e-8
0.868973915633762	4.6537313499573394e-8
0.8739739156337618	4.7111156101709474e-8
0.8789739156337616	4.770833315480421e-8
0.8839739156337615	4.83313231227909e-8
0.8889739156337613	4.898301067160907e-8
0.893973915633761	4.966676359166645e-8
0.8989739156337608	5.0386525025645594e-8
0.9039739156337606	5.1146924105295755e-8
0.9089739156337604	5.195340873517316e-8
0.9139739156337602	5.281240502564447e-8
0.91897391563376	5.373150879850997e-8
0.9239739156337599	5.4719715698446495e-8
0.9289739156337596	5.578769778078871e-8
0.9339739156337594	5.6948136057523766e-8
0.9389739156337592	5.821612042484396e-8
0.943973915633759	5.960963073465617e-8
0.9489739156337588	6.115011559026699e-8
0.9539739156337586	6.286318884074361e-8
0.9589739156337583	6.477946783660728e-8
0.9639739156337582	6.693558243271962e-8
0.968973915633758	6.937538965208955e-8
0.9739739156337578	7.215143606048451e-8
0.9789739156337576	7.532671849062038e-8
0.9839739156337574	7.897680408942424e-8
0.9889739156337571	8.319238309370536e-8
0.9939739156337569	8.80823426891492e-8
0.9989739156337567	9.377746827794917e-8
1.0039739156337566	1.0043490007278146e-7
1.0089739156337563	1.0824349886654306e-7
1.0139739156337562	1.1743030595302337e-7
1.0189739156337558	1.2826831951024565e-7
1.0239739156337557	1.4108585451265938e-7
1.0289739156337556	1.5627780684070146e-7
1.0339739156337553	1.7431920639577378e-7
1.0389739156337552	1.9578152069608522e-7
1.0439739156337549	2.2135226195975056e-7
1.0489739156337547	2.5185855980841565e-7
1.0539739156337544	2.8829549162484494e-7
1.0589739156337543	3.318601169488644e-7
1.0639739156337542	3.8399234532278395e-7
1.0689739156337539	4.4642398351551166e-7
1.0739739156337538	5.212375634982727e-7
1.0789739156337534	6.109368529705314e-7
1.0839739156337533	7.185313022906871e-7
1.088973915633753	8.476370924997179e-7
1.093973915633753	1.0025979262298503e-6
1.0989739156337526	1.1886292542175754e-6
1.1039739156337525	1.4119902621094418e-6
1.1089739156337524	1.680188661539372e-6
1.113973915633752	2.0022241406006704e-6
1.118973915633752	2.3888772335339145e-6
1.1239739156337516	2.8530513651836536e-6
1.1289739156337515	3.410176904110632e-6
1.1339739156337512	4.078687202807054e-6
1.138973915633751	4.880577787748323e-6
1.143973915633751	5.842061046978075e-6
1.1489739156337506	6.994329894796627e-6
1.1539739156337505	8.374444901398777e-6
1.1589739156337502	1.0026360171310621e-5
1.16397391563375	1.2002103730302569e-5
1.1689739156337497	1.4363128207855685e-5
1.1739739156337496	1.7181847030267984e-5
1.1789739156337493	2.054336998822703e-5
1.1839739156337492	2.454744969101588e-5
1.187980436725312	2.8297564847063684e-5
1.1919869578168745	3.260350910590511e-5
1.1959934789084372	3.754276509668239e-5
1.2	4.320251200480747e-5
