0.0006999999999999628	2.987307766832229e-8
0.001403500000000035	2.989833605826909e-8
0.0021105174999999296	2.992375395560991e-8
0.0028210700874998964	2.994933285164679e-8
0.003535175437937438	2.9975073974818424e-8
0.004252851315127062	3.000097856078843e-8
0.004974115571702636	3.002704785564274e-8
0.005698986149561044	3.005328311629979e-8
0.006427481080308875	3.007968561081673e-8
0.007159618485710418	3.010625661864522e-8
0.007895416578138905	3.0132997430859956e-8
0.008634893661029494	3.015990935036277e-8
0.00937806812933463	3.018699369207893e-8
0.010124958469981361	3.021425178314477e-8
0.010875583262331262	3.024168496308502e-8
0.01162996117864295	3.0269294583990405e-8
0.012388110984536127	3.029708201069428e-8
0.013150051539458866	3.032504862094239e-8
0.013915801797156208	3.0353195805567475e-8
0.014685380806142003	3.0381524968662346e-8
0.015458807710172712	3.041003752775009e-8
0.01623610174872358	3.0438734913960687e-8
0.017017282257467212	3.046761857220424e-8
0.017802368668754516	3.049668996134648e-8
0.01859138051209827	3.052595055438712e-8
0.019384337414658823	3.05554018386392e-8
0.020181259101732015	3.05850453159091e-8
0.020982165397240727	3.061488250268006e-8
0.02178707622422691	3.064491493029564e-8
0.02259601160534814	3.067514414514857e-8
0.02340899166337483	3.070557170886797e-8
0.024226036621691812	3.073619919851233e-8
0.02504716680480027	3.0767028206762174e-8
0.025872402638824326	3.079806034211757e-8
0.02670176465201842	3.0829297229095284e-8
0.02753527347527842	3.086074050843389e-8
0.028372949842654864	3.0892391837293225e-8
0.0292148145918682	3.0924252889466215e-8
0.03006088866482743	3.0956325355584865e-8
0.03091119310815165	3.098861094333701e-8
0.0317657490736924	3.102111137767895e-8
0.03262457781906081	3.1053828401056614e-8
0.03348770070815601	3.108676377362784e-8
0.034355139211696875	3.1119919273485406e-8
0.035226914907755424	3.115329669688863e-8
0.03610304948229413	3.118689785849311e-8
0.03698356472970569	3.122072459158881e-8
0.03786848255335419	3.125477874833709e-8
0.038757824966120964	3.128906220001357e-8
0.03965161409095162	3.1323576837254495e-8
0.04054987216140643	3.1358324570307124e-8
0.04145262152221345	3.139330732928318e-8
0.04235988462982453	3.1428527064415685e-8
0.04327168405297366	3.146398574632182e-8
0.0441880424732386	3.149968536626753e-8
0.04510898268560485	3.153562793643617e-8
0.046034527599032954	3.157181549020531e-8
0.04696470023702812	3.160825008242157e-8
0.04789952373821329	3.164493378968384e-8
0.048839021356904266	3.168186871063191e-8
0.04978321646368884	3.171905696623493e-8
0.05073213254600732	3.1756500700088054e-8
0.05168579320873729	3.1794202078713274e-8
0.052644222174780875	3.1832163291865596e-8
0.05360744328565471	3.187038655283984e-8
0.054575480502083065	3.190887409878943e-8
0.055548357904593434	3.194762819104414e-8
0.056526099694116344	3.198665111543356e-8
0.0575087301925869	3.2025945182622624e-8
0.05849627384354973	3.206551272844106e-8
0.05948875521276744	3.2105356114228543e-8
0.06048619898883127	3.214547772717804e-8
0.061488629983775384	3.218587998069263e-8
0.06249607313369419	3.2226565314737947e-8
0.06350855349936275	3.2267536196208623e-8
0.06452609626685958	3.230879511929739e-8
0.06554872674819387	3.235034460587127e-8
0.06657647038193484	3.239218720585179e-8
0.06760935273384447	3.243432549760636e-8
0.06864739949751365	3.247676208833792e-8
0.0696906364950013	3.251949961449082e-8
0.07073908967747639	3.256254074215506e-8
0.07179278512586384	3.260588816748196e-8
0.07285174905149322	3.264954461710659e-8
0.0739160077967507	3.2693512848575346e-8
0.07498558783573436	3.273779565078111e-8
0.07606051577491299	3.27823958444071e-8
0.07714081835378758	3.282731628237736e-8
0.07822652244555647	3.2872559850313686e-8
0.07931765505778425	3.291812946700411e-8
0.0804142433330731	3.296402808487377e-8
0.08151631454973848	3.301025869046904e-8
0.08262389612248718	3.305682430494648e-8
0.0837370156030995	3.310372798457138e-8
0.0848557006811149	3.315097282122671e-8
0.0859799791845205	3.319856194292618e-8
0.08710987908044313	3.32464985143429e-8
0.08824542847584534	3.329478573733848e-8
0.08938665561822454	3.334342685151122e-8
0.09053358889631567	3.339242513474605e-8
0.09168625684079722	3.344178390377767e-8
0.09284468812500112	3.3491506514762735e-8
0.09400891156562617	3.3541596363861975e-8
0.0951789561234543	3.3592056887835205e-8
0.09635485090407148	3.364289156464058e-8
0.09753662515859184	3.3694103914052543e-8
0.0987243082843847	3.3745697498283327e-8
0.09991792982580656	3.379767592262076e-8
0.10111751947493569	3.385004283607648e-8
0.10232310707231031	3.3902801932042857e-8
0.1035347226076718	3.3955956948965497e-8
0.10475239622071016	3.400951167102451e-8
0.10597615820181366	3.406346992883322e-8
0.10720603899282274	3.411783560014262e-8
0.10844206918778684	3.417261261056441e-8
0.10968427953372567	3.422780493430508e-8
0.1109327009313943	3.4283416594913455e-8
0.11218736443605135	3.4339451666040524e-8
0.11344830125823162	3.4395914272217726e-8
0.11471554276452282	3.445280858964319e-8
0.11598912047834534	3.45101388469901e-8
0.11726906608073695	3.456790932622405e-8
0.11855541141114062	3.4626124363436726e-8
0.11984818846819621	3.468478834969726e-8
0.12114742941053713	3.474390573192023e-8
0.12245316655758978	3.480348101374537e-8
0.1237654323903777	3.4863518756438365e-8
0.12508425955232963	3.492402357980743e-8
0.12640968085009122	3.4985000163135824e-8
0.1277417292543416	3.504645324613618e-8
0.1290804379006133	3.510838762991547e-8
0.13042584009011637	3.517080817796955e-8
0.1317779692905669	3.5233719817184905e-8
0.13313685913701961	3.5297127538868874e-8
0.13450254343270476	3.5361036399795494e-8
0.13587505614986833	3.542545152327147e-8
0.13725443143061763	3.549037810022669e-8
0.13864070358777073	3.555582139032005e-8
0.14003390710570945	3.5621786723072386e-8
0.14143407664123803	3.568827949901984e-8
0.1428412470244442	3.5755305190889184e-8
0.1442554532595664	3.5822869344795704e-8
0.14567673052586416	3.58909775814675e-8
0.1471051141784935	3.5959635597493446e-8
0.14854063974938603	3.602884916659334e-8
0.149983342948133	3.609862414091762e-8
0.15143325966287374	3.6168966452369956e-8
0.15289042596118813	3.623988211395963e-8
0.15435487809099402	3.6311377221176526e-8
0.15582665248144906	3.638345795339805e-8
0.1573057857438562	3.645613057532643e-8
0.15879231467257537	3.652940143844817e-8
0.16028627624593816	3.660327698253292e-8
0.16178770762716785	3.66777637371511e-8
0.16329664616530362	3.675286832323744e-8
0.16481312939613008	3.682859745467581e-8
0.1663371950431107	3.690495793991845e-8
0.16786888101832628	3.698195668364611e-8
0.1694082254234178	3.7059600688452644e-8
0.1709552665505349	3.713789705657629e-8
0.17251004288328747	3.721685299165481e-8
0.17407259309770393	3.7296475800527174e-8
0.17564295606319252	3.737677289507263e-8
0.17722117084350858	3.745775179408364e-8
0.17880727669772617	3.753942012518112e-8
0.18040131308121476	3.762178562677703e-8
0.18200331964662084	3.770485615006831e-8
0.18361333624485401	3.778863966108075e-8
0.18523140292607826	3.787314424275632e-8
0.18685755994070874	3.795837809708514e-8
0.1884918477404122	3.8044349547282726e-8
0.19013430697911424	3.81310670400158e-8
0.1917849785140098	3.821853914768033e-8
0.19344390340657974	3.8306774570720504e-8
0.19511112292361268	3.839578214001286e-8
0.1967866785382308	3.8485570819288926e-8
0.19847061193092203	3.857614970762133e-8
0.20016296499057665	3.86675280419622e-8
0.20186377981552947	3.875971519973868e-8
0.2035730987146071	3.885272070150684e-8
0.20529096420818022	3.894655421366487e-8
0.20701741902922113	3.904122555123051e-8
0.20875250612436722	3.913674468067876e-8
0.210496268654989	3.923312172284481e-8
0.21224874999826396	3.933036695589153e-8
0.21400999374825516	3.9428490818356393e-8
0.21578004371699644	3.952750391224986e-8
0.21755894393558148	3.9627417006242314e-8
0.2193467386552594	3.9728241038914756e-8
0.22114347234853576	3.98299871220918e-8
0.22294918971027836	3.99326665442523e-8
0.2247639356588297	4.003629077400914e-8
0.2265877553371239	4.014087146369284e-8
0.2284206941138094	4.024642045299421e-8
0.23026279758437848	4.035294977271871e-8
0.23211411157230027	4.046047164861038e-8
0.23397468213016168	4.0568998505280276e-8
0.23584455554081238	4.0678542970221623e-8
0.23772377831851643	4.078911787792782e-8
0.23961239721010893	4.090073627410675e-8
0.24151045919615952	4.1013411419998435e-8
0.24341801149214037	4.1127156796798446e-8
0.24533510154960114	4.124198611018892e-8
0.24726177705734917	4.135791329498605e-8
0.24919808594263576	4.1474952519892104e-8
0.251144076372349	4.1593118192378876e-8
0.2530997967542107	4.1712424963680765e-8
0.2550652957379817	4.183288773392013e-8
0.2570406222166717	4.19545216573594e-8
0.2590258253277551	4.20773421477857e-8
0.26102095445439405	4.220136488403057e-8
0.2630260592266659	4.2326605815632955e-8
0.2650411895227993	4.2453081168645384e-8
0.2670663954704134	4.258080745158571e-8
0.26910172744776534	4.270980146155033e-8
0.27114723608500396	4.2840080290476546e-8
0.27320297226542917	4.297166133157305e-8
0.27526898712675635	4.3104562285916104e-8
0.27734533206239	4.3238801169219687e-8
0.2794320587227019	4.337439631878116e-8
0.2815292190163153	4.351136640061351e-8
0.2836368651113967	4.364973041676726e-8
0.28575504943695385	4.37895077128376e-8
0.28788382468413853	4.393071798568911e-8
0.29002324380755934	4.4073381291373947e-8
0.29217336002659705	4.421751805326954e-8
0.29433422682673016	4.436314907043554e-8
0.29650589796086374	4.4510295526199536e-8
0.29868842745066804	4.4658978996974186e-8
0.30088186958792124	4.480922146132023e-8
0.3030862789358609	4.496104530925815e-8
0.30530171033054027	4.511447335183497e-8
0.307528218882193	4.526952883096075e-8
0.30976585997660405	4.5426235429517846e-8
0.312014689276487	4.5584617281756233e-8
0.31427476272286925	4.5744698983978885e-8
0.3165461365364837	4.5906505605531545e-8
0.3188288672191662	4.607006270010296e-8
0.32112301155526213	4.623539631735501e-8
0.32342862661303834	4.640253301487539e-8
0.3257457697461036	4.6571499870485064e-8
0.32807449859483384	4.6742324494898375e-8
0.3304148710878078	4.691503504475012e-8
0.33276694544324686	4.708966023600901e-8
0.33513078017046305	4.7266229357775856e-8
0.33750643407131514	4.744477228650367e-8
0.3398939662416715	4.7625319500621437e-8
0.3422934360728799	4.7807902095611394e-8
0.34470490325324404	4.7992551799525606e-8
0.3471284277695101	4.817930098897362e-8
0.34956406990835764	4.836818270559867e-8
0.3520118902578995	4.855923067304102e-8
0.354471949709189	4.87524793144365e-8
0.3569443094577349	4.8947963770440305e-8
0.3594290310050235	4.9145719917807766e-8
0.3619261761600484	4.934578438855305e-8
0.3644358070408486	4.9548194589708636e-8
0.36695798607605284	4.975298872369557e-8
0.36949277600643327	4.996020580933812e-8
0.37204023988646523	5.0169885703545604e-8
0.3746004410858973	5.038206912367587e-8
0.3771734432913268	5.059679767062259e-8
0.3797593105077832	5.081411385263398e-8
0.3823581070603219	5.1034061109909806e-8
0.38496989759562367	5.125668383998881e-8
0.3875947470836016	5.148202742396801e-8
0.3902327208190196	5.1710138253578075e-8
0.3928838844231145	5.1941063759155805e-8
0.39554830384522993	5.217485243853893e-8
0.3982260453644561	5.241155388692394e-8
0.4009171755912785	5.2651218827727845e-8
0.40362176146923495	5.289389914448088e-8
0.40633987027658097	5.3139647913806475e-8
0.4090715696279639	5.338851943951869e-8
0.4118169274761037	5.364056928788848e-8
0.4145760121134843	5.389585432412226e-8
0.4173488921740515	5.415443275010138e-8
0.4201356366349219	5.441636414344104e-8
0.42293631481809635	5.4681709497902916e-8
0.4257509963921868	5.495053126524255e-8
0.42857975137414767	5.522289339852928e-8
0.43142265013101855	5.549886139701065e-8
0.43427976338167373	5.577850235258154e-8
0.43715116219858224	5.606188499792372e-8
0.44003691800957523	5.634907975639257e-8
0.44293710259962304	5.6640158793716035e-8
0.4458517881126211	5.693519607158795e-8
0.44878104705318417	5.7234267403234995e-8
0.45172495228844983	5.753745051104907e-8
0.45468357704989204	5.78448250863541e-8
0.4576569949351413	5.815647285143049e-8
0.46064527990981685	5.8472477623868385e-8
0.4636485063093658	5.879292538336855e-8
0.4666667488409128	5.9117904341091634e-8
0.4697000825851173	5.944750501167425e-8
0.4727485829980427	5.978182028803072e-8
0.47581232591303285	6.012094551905746e-8
0.478891387542598	6.046497859038852e-8
0.48198584448031084	6.081402000832883e-8
0.4850957737027124	6.116817298710936e-8
0.48822125257122595	6.152754353963064e-8
0.49136235883408197	6.18922405718484e-8
0.4945191706282523	6.226237598096887e-8
0.4976917664813935	6.263806475764327e-8
0.5008802253138004	6.301942509234418e-8
0.5040846264403696	6.340657848612416e-8
0.5073050495725715	6.379964986597043e-8
0.5105415748204343	6.419876770497908e-8
0.5137942826945365	6.460406414757385e-8
0.517063254108009	6.501567514003506e-8
0.5203485703785492	6.543374056658148e-8
0.5236503132304419	6.585840439129608e-8
0.5269685647965939	6.628981480618341e-8
0.5303034076205766	6.672812438566215e-8
0.5336549246586795	6.717349024783371e-8
0.5370231992819728	6.762607422285576e-8
0.5404083152783826	6.808604302880541e-8
0.5438103568547747	6.855356845540083e-8
0.5472294086390483	6.902882755601312e-8
0.5506655556822436	6.951200284838729e-8
0.5541188834606549	7.000328252453913e-8
0.5575894778779582	7.050286067033102e-8
0.5610774252673477	7.101093749522236e-8
0.5645828123936844	7.15277195727665e-8
0.5681057264556525	7.205342009243462e-8
0.5716462550879309	7.258825912339475e-8
0.5752044863633705	7.313246389088601e-8
0.5787805087951873	7.368626906592813e-8
0.5823744113391631	7.424991706909512e-8
0.5859862833958588	7.482365838913374e-8
0.5896162148128381	7.540775191732539e-8
0.5932642958869024	7.60024652984469e-8
0.5969306173663369	7.660807529932515e-8
0.6006152704531684	7.722486819599961e-8
0.6043183468054344	7.78531401806103e-8
0.6080399385394615	7.849319778915778e-8
0.6117801382321587	7.914535835140907e-8
0.6155390389233192	7.98099504642885e-8
0.6193167341179359	8.048731449016235e-8
0.6231133177885255	8.11778030815837e-8
0.6269288843774683	8.1881781734114e-8
0.6307635287993556	8.259962936897335e-8
0.6346173464433522	8.333173894743483e-8
0.6384904331755688	8.407851811894614e-8
0.6423828853414466	8.484038990516515e-8
0.6462947997681537	8.561779342224387e-8
0.6502262737669944	8.641118464382656e-8
0.6541774051358293	8.722103720749663e-8
0.6581482921615082	8.804784326753165e-8
0.6621390336223156	8.889211439709375e-8
0.6661497287904271	8.975438254320277e-8
0.6701804774343789	9.063520103811528e-8
0.6742313798215507	9.153514567101195e-8
0.6783025367206585	9.245481582420243e-8
0.682394049404262	9.33948356784015e-8
0.6865060196512833	9.435585549201222e-8
0.6906385497495399	9.533855295971831e-8
0.6947917424982876	9.634363465620798e-8
0.6989657012107791	9.737183757123375e-8
0.7031605297168331	9.842393074284872e-8
0.7073763323654171	9.950071699619035e-8
0.7116132140272443	1.006030347958191e-7
0.7158712800973803	1.0173176022040586e-7
0.7201506364978669	1.0288780906921516e-7
0.724451389680356	1.0407213911086705e-7
0.7287736466287575	1.0528575248566678e-7
0.7331175148619014	1.0652969827395195e-7
0.737483102436211	1.07805075244049e-7
0.7418705179483918	1.091130347947762e-7
0.7462798705381338	1.1045478410883932e-7
0.7507112698908246	1.1183158953520719e-7
0.7551648262402787	1.1324478022026357e-7
0.7596406503714802	1.1469575200969872e-7
0.7641388536233378	1.1618597164536917e-7
0.7686595478914543	1.1771698128397231e-7
0.7732028456309116	1.1929040336734407e-7
0.777768859859066	1.209079458775365e-7
0.7823577041583611	1.225714080136466e-7
0.7869694926791531	1.2428268633168519e-7
0.7916043401425489	1.260437813937951e-7
0.7962623618432616	1.278568049787511e-7
0.8009436736524779	1.297239879123295e-7
0.8056483920207402	1.3164768858360795e-7
0.8103766339808439	1.336304022221667e-7
0.8151285171507483	1.3567477102124792e-7
0.8199041597365018	1.3778359520394113e-7
0.8247036805351844	1.3995984514340923e-7
0.8295271989378604	1.4220667466457208e-7
0.8343748349325497	1.4452743567400722e-7
0.8392467091072124	1.4692569428783045e-7
0.8441429426527486	1.494052486544731e-7
0.8490636573660123	1.5197014870179778e-7
0.8540089756528424	1.5462471807684977e-7
0.8589790205311068	1.573735785932108e-7
0.8639739156337622	1.6022167755709792e-7
0.868973915633762	1.6316244814623658e-7
0.8739739156337618	1.6619720726250194e-7
0.8789739156337616	1.693304112735155e-7
0.8839739156337615	1.725668149781306e-7
0.8889739156337613	1.7591149989898868e-7
0.893973915633761	1.7936990625102788e-7
0.8989739156337608	1.829478691920384e-7
0.9039739156337606	1.8665166006528264e-7
0.9089739156337604	1.904880334762468e-7
0.9139739156337602	1.9446428120363773e-7
0.91897391563376	1.985882941341044e-7
0.9239739156337599	2.0286863363679805e-7
0.9289739156337596	2.0731461406590645e-7
0.9339739156337594	2.119363984053562e-7
0.9389739156337592	2.167451094612934e-7
0.943973915633759	2.2175295947785843e-7
0.9489739156337588	2.2697340161616385e-7
0.9539739156337586	2.3242130741453228e-7
0.9589739156337583	2.3811317516301918e-7
0.9639739156337582	2.440673751050956e-7
0.968973915633758	2.503044385575897e-7
0.9739739156337578	2.5684739945704226e-7
0.9789739156337576	2.6372219854538764e-7
0.9839739156337574	2.7095816245890995e-7
0.9889739156337571	2.785885724522788e-7
0.9939739156337569	2.8665134045960207e-7
0.9989739156337567	2.951898137685997e-7
1.0039739156337566	3.0425373388581465e-7
1.0089739156337563	3.139003803483113e-7
1.0139739156337562	3.241959364683125e-7
1.0189739156337558	3.352171214967323e-7
1.0239739156337557	3.47053142715858e-7
1.0289739156337556	3.59808031831181e-7
1.0339739156337553	3.7360344309762124e-7
1.0389739156337552	3.885820063333338e-7
1.0439739156337549	4.0491134687898706e-7
1.0489739156337547	4.227889072942209e-7
1.0539739156337544	4.4244773291459184e-7
1.0589739156337543	4.6416341624367057e-7
1.0639739156337542	4.882624346288163e-7
1.0689739156337539	5.151321630859993e-7
1.0739739156337538	5.452329010778403e-7
1.0789739156337534	5.791123203957735e-7
1.0839739156337533	6.174228233075117e-7
1.088973915633753	6.609423984929588e-7
1.093973915633753	7.105996802189737e-7
1.0989739156337526	7.675040575228862e-7
1.1039739156337525	8.329818494544208e-7
1.1089739156337524	9.086197651081441e-7
1.113973915633752	9.963171097536616e-7
1.118973915633752	1.098348488573298e-6
1.1239739156337516	1.2174391065690854e-6
1.1289739156337515	1.3568551780998443e-6
1.1339739156337512	1.5205124553573753e-6
1.138973915633751	1.7131064775063993e-6
1.143973915633751	1.9402688497521037e-6
1.1489739156337506	2.2087547062485315e-6
1.1539739156337505	2.526667518381583e-6
1.1589739156337502	2.9037286106021532e-6
1.16397391563375	3.3516001738796385e-6
1.1689739156337497	3.8842722596738415e-6
1.1739739156337496	4.5185262342180535e-6
1.1789739156337493	5.274489510173267e-6
1.1839739156337492	6.1762990761138235e-6
1.187980436725312	7.023482830759504e-6
1.1919869578168745	8.000301774060506e-6
1.1959934789084372	9.126977262897092e-6
1.2	1.0426894556119707e-5
