0.0006999999999999628	4.748375434366844e-8
0.001403500000000035	4.752247059441755e-8
0.0021105174999999296	4.756142875871564e-8
0.0028210700874998964	4.760063120542414e-8
0.003535175437937438	4.764007978114419e-8
0.004252851315127062	4.7679776340318815e-8
0.004974115571702636	4.7719722752253035e-8
0.005698986149561044	4.7759920901862826e-8
0.006427481080308875	4.7800372690198395e-8
0.007159618485710418	4.784108003487984e-8
0.007895416578138905	4.788204487046879e-8
0.008634893661029494	4.792326914880817e-8
0.00937806812933463	4.796475483933157e-8
0.010124958469981361	4.800650392935624e-8
0.010875583262331262	4.80485184243614e-8
0.01162996117864295	4.8090800348257443e-8
0.012388110984536127	4.81333517436498e-8
0.013150051539458866	4.8176174672098095e-8
0.013915801797156208	4.8219271214375496e-8
0.014685380806142003	4.8262643470722e-8
0.015458807710172712	4.830629356110058e-8
0.01623610174872358	4.8350223625455284e-8
0.017017282257467212	4.839443582396696e-8
0.017802368668754516	4.843893233731199e-8
0.01859138051209827	4.8483715366920946e-8
0.019384337414658823	4.8528787135246696e-8
0.020181259101732015	4.857414988602318e-8
0.020982165397240727	4.8619805884537556e-8
0.02178707622422691	4.8665757417898236e-8
0.02259601160534814	4.8712006795308644e-8
0.02340899166337483	4.875855634834694e-8
0.024226036621691812	4.88054084312426e-8
0.02504716680480027	4.885256542115927e-8
0.025872402638824326	4.890002971848659e-8
0.02670176465201842	4.894780374712412e-8
0.02753527347527842	4.8995889954781936e-8
0.028372949842654864	4.9044290813275646e-8
0.0292148145918682	4.9093008818827416e-8
0.03006088866482743	4.914204649237476e-8
0.03091119310815165	4.9191406379879716e-8
0.0317657490736924	4.9241091052644385e-8
0.03262457781906081	4.929110310762797e-8
0.03348770070815601	4.934144516777352e-8
0.034355139211696875	4.939211988233205e-8
0.035226914907755424	4.944312992719915e-8
0.03610304948229413	4.949447800524963e-8
0.03698356472970569	4.954616684667925e-8
0.03786848255335419	4.959819920935791e-8
0.038757824966120964	4.965057787917269e-8
0.03965161409095162	4.970330567039246e-8
0.04054987216140643	4.9756385426028435e-8
0.04145262152221345	4.980982001820058e-8
0.04235988462982453	4.986361234851338e-8
0.04327168405297366	4.991776534843422e-8
0.0441880424732386	4.997228197967817e-8
0.04510898268560485	5.0027165234597254e-8
0.046034527599032954	5.00824181365794e-8
0.04696470023702812	5.013804374044875e-8
0.04789952373821329	5.019404513287414e-8
0.048839021356904266	5.0250425432786835e-8
0.04978321646368884	5.0307187791797656e-8
0.05073213254600732	5.03643353946268e-8
0.05168579320873729	5.042187145953855e-8
0.052644222174780875	5.047979923878204e-8
0.05360744328565471	5.053812201903637e-8
0.054575480502083065	5.059684312186953e-8
0.055548357904593434	5.0655965904198406e-8
0.056526099694116344	5.0715493758756685e-8
0.0575087301925869	5.077543011457407e-8
0.05849627384354973	5.083577843745932e-8
0.05948875521276744	5.0896542230490624e-8
0.06048619898883127	5.0957725034517136e-8
0.061488629983775384	5.1019330428667176e-8
0.06249607313369419	5.10813620308597e-8
0.06350855349936275	5.114382349833476e-8
0.06452609626685958	5.1206718528180026e-8
0.06554872674819387	5.127005085787494e-8
0.06657647038193484	5.133382426584051e-8
0.06760935273384447	5.139804257199555e-8
0.06864739949751365	5.1462709638328687e-8
0.0696906364950013	5.152782936947157e-8
0.07073908967747639	5.15934057132883e-8
0.07179278512586384	5.165944266146816e-8
0.07285174905149322	5.1725944250134704e-8
0.0739160077967507	5.179291456046196e-8
0.07498558783573436	5.186035771929796e-8
0.07606051577491299	5.1928277899804284e-8
0.07714081835378758	5.1996679322101456e-8
0.07822652244555647	5.2065566253927374e-8
0.07931765505778425	5.2134943011307825e-8
0.0804142433330731	5.2204813959235365e-8
0.08151631454973848	5.227518351236042e-8
0.08262389612248718	5.2346056135697136e-8
0.0837370156030995	5.2417436345338375e-8
0.0848557006811149	5.248932870918098e-8
0.0859799791845205	5.256173784766858e-8
0.08710987908044313	5.2634668434544017e-8
0.08824542847584534	5.2708125197613754e-8
0.08938665561822454	5.278211291952634e-8
0.09053358889631567	5.28566364385661e-8
0.09168625684079722	5.293170064945863e-8
0.09284468812500112	5.3007310504191034e-8
0.09400891156562617	5.3083471012845064e-8
0.0951789561234543	5.316018724444633e-8
0.09635485090407148	5.3237464327829575e-8
0.09753662515859184	5.331530745251299e-8
0.0987243082843847	5.339372186959859e-8
0.09991792982580656	5.3472712892675946e-8
0.10111751947493569	5.355228589875373e-8
0.10232310707231031	5.363244632919871e-8
0.1035347226076718	5.371319969069698e-8
0.10475239622071016	5.379455155622826e-8
0.10597615820181366	5.387650756606223e-8
0.10720603899282274	5.3959073428769104e-8
0.10844206918778684	5.4042254922251356e-8
0.10968427953372567	5.4126057894788684e-8
0.1109327009313943	5.421048826610957e-8
0.11218736443605135	5.4295552028474576e-8
0.11344830125823162	5.438125524778836e-8
0.11471554276452282	5.446760406472069e-8
0.11598912047834534	5.455460469585948e-8
0.11726906608073695	5.4642263434876676e-8
0.11855541141114062	5.473058665371864e-8
0.11984818846819621	5.4819580803820075e-8
0.12114742941053713	5.490925241733883e-8
0.12245316655758978	5.499960810841253e-8
0.1237654323903777	5.509065457443998e-8
0.12508425955232963	5.518239859738905e-8
0.12640968085009122	5.527484704512452e-8
0.1277417292543416	5.53680068727625e-8
0.1290804379006133	5.546188512405284e-8
0.13042584009011637	5.555648893278581e-8
0.1317779692905669	5.565182552422226e-8
0.13313685913701961	5.5747902216560615e-8
0.13450254343270476	5.5844726422419507e-8
0.13587505614986833	5.594230565035857e-8
0.13725443143061763	5.6040647506425106e-8
0.13864070358777073	5.613975969572845e-8
0.14003390710570945	5.6239650024049436e-8
0.14143407664123803	5.63403263994772e-8
0.1428412470244442	5.644179683407812e-8
0.1442554532595664	5.654406944560211e-8
0.14567673052586416	5.6647152459214836e-8
0.1471051141784935	5.675105420927253e-8
0.14854063974938603	5.685578314112245e-8
0.149983342948133	5.6961347812947605e-8
0.15143325966287374	5.706775689764261e-8
0.15289042596118813	5.7175019184729756e-8
0.15435487809099402	5.728314358231265e-8
0.15582665248144906	5.7392139119066736e-8
0.1573057857438562	5.7502014946274496e-8
0.15879231467257537	5.76127803398982e-8
0.16028627624593816	5.77244447026936e-8
0.16178770762716785	5.7837017566373774e-8
0.16329664616530362	5.795050859380717e-8
0.16481312939613008	5.80649275812662e-8
0.1663371950431107	5.8180284460723554e-8
0.16786888101832628	5.829658930219094e-8
0.1694082254234178	5.8413852316110594e-8
0.1709552665505349	5.853208385579253e-8
0.17251004288328747	5.8651294419905607e-8
0.17407259309770393	5.8771494655021155e-8
0.17564295606319252	5.8892695358203406e-8
0.17722117084350858	5.901490747966311e-8
0.17880727669772617	5.913814212546243e-8
0.18040131308121476	5.926241056027584e-8
0.18200331964662084	5.9387724210214725e-8
0.18361333624485401	5.9514094665705365e-8
0.18523140292607826	5.964153368443393e-8
0.18685755994070874	5.97700531943528e-8
0.1884918477404122	5.989966529675293e-8
0.19013430697911424	6.003038226939727e-8
0.1917849785140098	6.016221656972947e-8
0.19344390340657974	6.029518083814727e-8
0.19511112292361268	6.042928790135116e-8
0.1967866785382308	6.05645507757613e-8
0.19847061193092203	6.070098267101481e-8
0.20016296499057665	6.083859699353734e-8
0.20186377981552947	6.097740735019365e-8
0.2035730987146071	6.111742755202088e-8
0.20529096420818022	6.125867161804463e-8
0.20701741902922113	6.140115377917834e-8
0.20875250612436722	6.154488848221472e-8
0.210496268654989	6.168989039390076e-8
0.21224874999826396	6.183617440511097e-8
0.21400999374825516	6.19837556351145e-8
0.21578004371699644	6.213264943593516e-8
0.21755894393558148	6.22828713968139e-8
0.2193467386552594	6.243443734877726e-8
0.22114347234853576	6.25873633693057e-8
0.22294918971027836	6.274166578711144e-8
0.2247639356588297	6.289736118702981e-8
0.2265877553371239	6.305446641502087e-8
0.2284206941138094	6.321299858329116e-8
0.23026279758437848	6.337297507553424e-8
0.23211411157230027	6.353441355229426e-8
0.23397468213016168	6.369733195645914e-8
0.23584455554081238	6.386174851887991e-8
0.23772377831851643	6.402768176412842e-8
0.23961239721010893	6.419515051639025e-8
0.24151045919615952	6.436417390550006e-8
0.24341801149214037	6.453477137312249e-8
0.24533510154960114	6.470696267908208e-8
0.24726177705734917	6.488076790785196e-8
0.24919808594263576	6.505620747518929e-8
0.251144076372349	6.523330213494858e-8
0.2530997967542107	6.541207298605047e-8
0.2550652957379817	6.559254147962709e-8
0.2570406222166717	6.577472942634865e-8
0.2590258253277551	6.595865900392417e-8
0.26102095445439405	6.614435276479799e-8
0.2630260592266659	6.63318336440328e-8
0.2650411895227993	6.652112496739416e-8
0.2670663954704134	6.671225045964594e-8
0.26910172744776534	6.690523425304089e-8
0.27114723608500396	6.710010089604694e-8
0.27320297226542917	6.729687536228086e-8
0.27526898712675635	6.749558305968302e-8
0.27734533206239	6.769624983992261e-8
0.2794320587227019	6.789890200805105e-8
0.2815292190163153	6.810356633240282e-8
0.2836368651113967	6.831027005476126e-8
0.28575504943695385	6.851904090078496e-8
0.28788382468413853	6.872990709071518e-8
0.29002324380755934	6.894289735035997e-8
0.29217336002659705	6.915804092237964e-8
0.29433422682673016	6.937536757786932e-8
0.29650589796086374	6.959490762824847e-8
0.29868842745066804	6.981669193747893e-8
0.30088186958792124	7.004075193460912e-8
0.3030862789358609	7.026711962665997e-8
0.30530171033054027	7.049582761186561e-8
0.307528218882193	7.072690909327013e-8
0.30976585997660405	7.096039789271415e-8
0.312014689276487	7.11963284651883e-8
0.31427476272286925	7.143473591360143e-8
0.3165461365364837	7.167565600396365e-8
0.3188288672191662	7.191912518097596e-8
0.32112301155526213	7.216518058407849e-8
0.32342862661303834	7.24138600639516e-8
0.3257457697461036	7.266520219947433e-8
0.32807449859483384	7.291924631517909e-8
0.3304148710878078	7.317603249920505e-8
0.33276694544324686	7.343560162176674e-8
0.33513078017046305	7.369799535415923e-8
0.33750643407131514	7.396325618831951e-8
0.3398939662416715	7.423142745695781e-8
0.3422934360728799	7.450255335427966e-8
0.34470490325324404	7.477667895732646e-8
0.3471284277695101	7.505385024793817e-8
0.34956406990835764	7.533411413538506e-8
0.3520118902578995	7.561751847966612e-8
0.354471949709189	7.590411211551323e-8
0.3569443094577349	7.619394487712854e-8
0.3594290310050235	7.648706762366129e-8
0.3619261761600484	7.6783532265474e-8
0.3644358070408486	7.708339179121206e-8
0.36695798607605284	7.73867002957054e-8
0.36949277600643327	7.769351300874261e-8
0.37204023988646523	7.800388632473777e-8
0.3746004410858973	7.831787783332699e-8
0.3771734432913268	7.8635546350931e-8
0.3797593105077832	7.895695195331632e-8
0.3823581070603219	7.928215600918886e-8
0.38496989759562367	7.961122121487053e-8
0.3875947470836016	7.994421163007989e-8
0.3902327208190196	8.028119271488024e-8
0.3928838844231145	8.06222313678194e-8
0.39554830384522993	8.096739596531914e-8
0.3982260453644561	8.131675640236164e-8
0.4009171755912785	8.167038413450636e-8
0.40362176146923495	8.202835222132122e-8
0.40633987027658097	8.239073537123972e-8
0.4090715696279639	8.275760998794662e-8
0.4118169274761037	8.312905421830656e-8
0.4145760121134843	8.350514800193228e-8
0.4173488921740515	8.38859731224395e-8
0.4201356366349219	8.427161326045395e-8
0.42293631481809635	8.466215404845641e-8
0.4257509963921868	8.505768312751824e-8
0.42857975137414767	8.545829020602544e-8
0.43142265013101855	8.586406712045122e-8
0.43427976338167373	8.627510789828102e-8
0.43715116219858224	8.669150882316592e-8
0.44003691800957523	8.711336850239339e-8
0.44293710259962304	8.754078793679546e-8
0.4458517881126211	8.797387059315687e-8
0.44878104705318417	8.841272247927108e-8
0.45172495228844983	8.885745222172446e-8
0.45468357704989204	8.93081711465445e-8
0.4576569949351413	8.976499336282398e-8
0.46064527990981685	9.022803584944605e-8
0.4636485063093658	9.069741854506862e-8
0.4666667488409128	9.117326444147905e-8
0.4697000825851173	9.165569968048678e-8
0.4727485829980427	9.214485365450387e-8
0.47581232591303285	9.264085911098279e-8
0.478891387542598	9.314385226087676e-8
0.48198584448031084	9.365397289130657e-8
0.4850957737027124	9.417136448262561e-8
0.48822125257122595	9.469617433008453e-8
0.49136235883408197	9.522855367030836e-8
0.4945191706282523	9.576865781279282e-8
0.4976917664813935	9.631664627668293e-8
0.5008802253138004	9.687268293304642e-8
0.5040846264403696	9.743693615293526e-8
0.5073050495725715	9.800957896147211e-8
0.5105415748204343	9.859078919828613e-8
0.5137942826945365	9.918074968457629e-8
0.517063254108009	9.977964839713876e-8
0.5203485703785492	1.0038767864967952e-7
0.5236503132304419	1.0100503928179602e-7
0.5269685647965939	1.0163193485597279e-7
0.5303034076205766	1.0226857586302388e-7
0.5336549246586795	1.0291517893636758e-7
0.5370231992819728	1.0357196707561849e-7
0.5404083152783826	1.0423916987993158e-7
0.5438103568547747	1.0491702379161894e-7
0.5472294086390483	1.0560577235055846e-7
0.5506655556822436	1.0630566645996368e-7
0.5541188834606549	1.0701696466409184e-7
0.5575894778779582	1.0773993343852285e-7
0.5610774252673477	1.0847484749368497e-7
0.5645828123936844	1.0922199009231582e-7
0.5681057264556525	1.0998165338161918e-7
0.5716462550879309	1.1075413874091189e-7
0.5752044863633705	1.115397571455931e-7
0.5787805087951873	1.1233882954834907e-7
0.5823744113391631	1.131516872785316e-7
0.5859862833958588	1.1397867246073848e-7
0.5896162148128381	1.1482013845365518e-7
0.5932642958869024	1.1567645031032021e-7
0.5969306173663369	1.165479852610376e-7
0.6006152704531684	1.1743513322022193e-7
0.6043183468054344	1.1833829731858151e-7
0.6080399385394615	1.1925789446211238e-7
0.6117801382321587	1.2019435591947268e-7
0.6155390389233192	1.211481279394469e-7
0.6193167341179359	1.2211967240027425e-7
0.6231133177885255	1.231094674927808e-7
0.6269288843774683	1.2411800843937145e-7
0.6307635287993556	1.2514580825107655e-7
0.6346173464433522	1.2619339852501194e-7
0.6384904331755688	1.2726133028478666e-7
0.6423828853414466	1.283501748665375e-7
0.6462947997681537	1.2946052485351555e-7
0.6502262737669944	1.3059299506232926e-7
0.6541774051358293	1.3174822358417457e-7
0.6581482921615082	1.3292687288465156e-7
0.6621390336223156	1.341296309660357e-7
0.6661497287904271	1.3535721259611917e-7
0.6701804774343789	1.3661036060814246e-7
0.6742313798215507	1.378898472765857e-7
0.6783025367206585	1.3919647577403112e-7
0.682394049404262	1.405310817147055e-7
0.6865060196512833	1.4189453479071512e-7
0.6906385497495399	1.4328774050753835e-7
0.6947917424982876	1.4471164202583956e-7
0.6989657012107791	1.461672221172268e-7
0.7031605297168331	1.476555052422681e-7
0.7073763323654171	1.4917755975972582e-7
0.7116132140272443	1.5073450027677423e-7
0.7158712800973803	1.5232749015079898e-7
0.7201506364978669	1.539577441542784e-7
0.724451389680356	1.5562653131530517e-7
0.7287736466287575	1.5733517794742113e-7
0.7331175148619014	1.5908507088366724e-7
0.737483102436211	1.6087766093116966e-7
0.7418705179483918	1.6271446656407255e-7
0.7462798705381338	1.645970778743479e-7
0.7507112698908246	1.6652716080192894e-7
0.7551648262402787	1.685064616676735e-7
0.7596406503714802	1.7053681203509109e-7
0.7641388536233378	1.7262013392933331e-7
0.7686595478914543	1.7475844544502193e-7
0.7732028456309116	1.7695386677772927e-7
0.777768859859066	1.792086267177768e-7
0.7823577041583611	1.8152506964924273e-7
0.7869694926791531	1.839056631019591e-7
0.7916043401425489	1.8635300590977894e-7
0.7962623618432616	1.8886983703468286e-7
0.8009436736524779	1.9145904512352456e-7
0.8056483920207402	1.9412367887255937e-7
0.8103766339808439	1.9686695828432023e-7
0.8151285171507483	1.9969228691264729e-7
0.8199041597365018	2.0260326520436963e-7
0.8247036805351844	2.056037050611879e-7
0.8295271989378604	2.08697645762721e-7
0.8343748349325497	2.1188937141226724e-7
0.8392467091072124	2.1518343009098415e-7
0.8441429426527486	2.1858465493473954e-7
0.8490636573660123	2.220981873817659e-7
0.8540089756528424	2.2572950287975798e-7
0.8589790205311068	2.2948443938906693e-7
0.8639739156337622	2.3336922907671078e-7
0.868973915633762	2.373743796287353e-7
0.8739739156337618	2.4150115059753397e-7
0.8789739156337616	2.457550339344583e-7
0.8839739156337615	2.501418693763338e-7
0.8889739156337613	2.5466787543654094e-7
0.893973915633761	2.5933968421602687e-7
0.8989739156337608	2.641643806415089e-7
0.9039739156337606	2.6914954684208357e-7
0.9089739156337604	2.743033125054801e-7
0.9139739156337602	2.79634412210959e-7
0.91897391563376	2.851522509219087e-7
0.9239739156337599	2.908669790440944e-7
0.9289739156337596	2.9678957872237765e-7
0.9339739156337594	3.029319633687754e-7
0.9389739156337592	3.093070927982843e-7
0.943973915633759	3.1592910680939073e-7
0.9489739156337588	3.228134805989005e-7
0.9539739156337586	3.2997720606434504e-7
0.9589739156337583	3.374390038447561e-7
0.9639739156337582	3.4521957190894507e-7
0.968973915633758	3.533418776523656e-7
0.9739739156337578	3.618315018490768e-7
0.9789739156337576	3.707170444714698e-7
0.9839739156337574	3.8003060439462716e-7
0.9889739156337571	3.89808347413766e-7
0.9939739156337569	4.000911799050333e-7
0.9989739156337567	4.109255489517323e-7
1.0039739156337566	4.22364393960899e-7
1.0089739156337563	4.344682798530568e-7
1.0139739156337562	4.4730674799548755e-7
1.0189739156337558	4.6095992837585787e-7
1.0239739156337557	4.755204653295753e-7
1.0289739156337556	4.910958197439667e-7
1.0339739156337553	5.078110234268053e-7
1.0389739156337552	5.258119766826268e-7
1.0439739156337549	5.452693986084027e-7
1.0489739156337547	5.663835618273287e-7
1.0539739156337544	5.893899700738829e-7
1.0589739156337543	6.145661691223182e-7
1.0639739156337542	6.422399200853578e-7
1.0689739156337539	6.727990103805587e-7
1.0739739156337538	7.067030331958895e-7
1.0789739156337534	7.444975329035513e-7
1.0839739156337533	7.868309937410109e-7
1.088973915633753	8.344752447770113e-7
1.093973915633753	8.883499687726937e-7
1.0989739156337526	9.49552139667895e-7
1.1039739156337525	1.0193913773782687e-6
1.1089739156337524	1.099432404483215e-6
1.113973915633752	1.1915460232480584e-6
1.118973915633752	1.2979703103856446e-6
1.1239739156337516	1.4213840594244988e-6
1.1289739156337515	1.5649948964128127e-6
1.1339739156337512	1.73264496556392e-6
1.138973915633751	1.9289376409365157e-6
1.143973915633751	2.159389384128648e-6
1.1489739156337506	2.4306116544195322e-6
1.1539739156337505	2.7505287073687124e-6
1.1589739156337502	3.1286382132046627e-6
1.16397391563375	3.576322911182898e-6
1.1689739156337497	4.107223013419506e-6
1.1739739156337496	4.737680799967471e-6
1.1789739156337493	5.487270813696432e-6
1.1839739156337492	6.379431255620616e-6
1.187980436725312	7.215930603716728e-6
1.1919869578168745	8.178828906315642e-6
1.1959934789084372	9.287658374439238e-6
1.2	1.0564959339298689e-5
