0.0006999999999999628	2.7257798075791073e-9
0.001403500000000035	2.7284709163193144e-9
0.0021105174999999296	2.7311794032786845e-9
0.0028210700874998964	2.733905408502142e-9
0.003535175437937438	2.7366490732687467e-9
0.004252851315127062	2.739410539671054e-9
0.004974115571702636	2.742189950839592e-9
0.005698986149561044	2.744987451042158e-9
0.006427481080308875	2.747803185752859e-9
0.007159618485710418	2.7506373017058076e-9
0.007895416578138905	2.753489946939657e-9
0.008634893661029494	2.7563612708365305e-9
0.00937806812933463	2.7592514241568676e-9
0.010124958469981361	2.762160559071528e-9
0.010875583262331262	2.7650888291919756e-9
0.01162996117864295	2.7680363895987315e-9
0.012388110984536127	2.7710033968688276e-9
0.013150051539458866	2.7739900091022382e-9
0.013915801797156208	2.77699638594767e-9
0.014685380806142003	2.7800226886279273e-9
0.015458807710172712	2.7830690799646732e-9
0.01623610174872358	2.786135724403162e-9
0.017017282257467212	2.789222788036599e-9
0.017802368668754516	2.7923304386305246e-9
0.01859138051209827	2.79545884564708e-9
0.019384337414658823	2.7986081802693894e-9
0.020181259101732015	2.8017786154259454e-9
0.020982165397240727	2.8049703258150303e-9
0.02178707622422691	2.8081834879294525e-9
0.02259601160534814	2.811418280081503e-9
0.02340899166337483	2.814674882427717e-9
0.024226036621691812	2.817953476994507e-9
0.02504716680480027	2.821254247703465e-9
0.025872402638824326	2.8245773803974203e-9
0.02670176465201842	2.827923062866408e-9
0.02753527347527842	2.8312914848742218e-9
0.028372949842654864	2.834682838185275e-9
0.0292148145918682	2.838097316591657e-9
0.03006088866482743	2.8415351159407744e-9
0.03091119310815165	2.8449964341631765e-9
0.0317657490736924	2.8484814713009423e-9
0.03262457781906081	2.851990429536361e-9
0.03348770070815601	2.85552351322112e-9
0.034355139211696875	2.859080928905799e-9
0.035226914907755424	2.8626628853699876e-9
0.03610304948229413	2.866269593652717e-9
0.03698356472970569	2.8699012670833817e-9
0.03786848255335419	2.8735581213132787e-9
0.038757824966120964	2.877240374347282e-9
0.03965161409095162	2.8809482465765996e-9
0.04054987216140643	2.884681960811354e-9
0.04145262152221345	2.8884417423143268e-9
0.04235988462982453	2.89222781883475e-9
0.04327168405297366	2.896040420642928e-9
0.0441880424732386	2.8998797805652927e-9
0.04510898268560485	2.9037461340200787e-9
0.046034527599032954	2.9076397190535785e-9
0.04696470023702812	2.911560776376924e-9
0.04789952373821329	2.915509549403573e-9
0.048839021356904266	2.9194862842873377e-9
0.04978321646368884	2.9234912299611313e-9
0.05073213254600732	2.9275246381761125e-9
0.05168579320873729	2.9315867635418925e-9
0.052644222174780875	2.935677863567039e-9
0.05360744328565471	2.9397981987004417e-9
0.054575480502083065	2.9439480323732904e-9
0.055548357904593434	2.9481276310419194e-9
0.056526099694116344	2.952337264231162e-9
0.0575087301925869	2.9565772045785097e-9
0.05849627384354973	2.9608477278791984e-9
0.05948875521276744	2.96514911313175e-9
0.06048619898883127	2.9694816425846712e-9
0.061488629983775384	2.97384560178349e-9
0.06249607313369419	2.978241279619081e-9
0.06350855349936275	2.982668968376484e-9
0.06452609626685958	2.987128963784714e-9
0.06554872674819387	2.9916215650674263e-9
0.06657647038193484	2.996147074994428e-9
0.06760935273384447	3.000705799934135e-9
0.06864739949751365	3.0052980499069754e-9
0.0696906364950013	3.0099241386394944e-9
0.07073908967747639	3.0145843836198096e-9
0.07179278512586384	3.019279106153781e-9
0.07285174905149322	3.024008631422129e-9
0.0739160077967507	3.028773288538816e-9
0.07498558783573436	3.0335734106102153e-9
0.07606051577491299	3.0384093347955777e-9
0.07714081835378758	3.0432814023683086e-9
0.07822652244555647	3.048189958778562e-9
0.07931765505778425	3.0531353537169727e-9
0.0804142433330731	3.0581179411793347e-9
0.08151631454973848	3.0631380795326735e-9
0.08262389612248718	3.0681961315824033e-9
0.0837370156030995	3.07329246464079e-9
0.0848557006811149	3.0784274505965623e-9
0.0859799791845205	3.083601465985856e-9
0.08710987908044313	3.0888148920645757e-9
0.08824542847584534	3.0940681148818433e-9
0.08938665561822454	3.099361525355046e-9
0.09053358889631567	3.10469551934618e-9
0.09168625684079722	3.1100704977396404e-9
0.09284468812500112	3.1154868665213865e-9
0.09400891156562617	3.1209450368597104e-9
0.0951789561234543	3.1264454251875436e-9
0.09635485090407148	3.131988453286044e-9
0.09753662515859184	3.1375745483701723e-9
0.0987243082843847	3.1432041431755703e-9
0.09991792982580656	3.148877676047367e-9
0.10111751947493569	3.154595591030315e-9
0.10232310707231031	3.1603583379610292e-9
0.1035347226076718	3.166166372561809e-9
0.10475239622071016	3.172020156536229e-9
0.10597615820181366	3.1779201576667766e-9
0.10720603899282274	3.1838668499141187e-9
0.10844206918778684	3.1898607135185985e-9
0.10968427953372567	3.1959022351034007e-9
0.1109327009313943	3.2019919077799763e-9
0.11218736443605135	3.2081302312554573e-9
0.11344830125823162	3.214317711942175e-9
0.11471554276452282	3.2205548630693704e-9
0.11598912047834534	3.2268422047970233e-9
0.11726906608073695	3.2331802643321638e-9
0.11855541141114062	3.239569576047313e-9
0.11984818846819621	3.2460106816012833e-9
0.12114742941053713	3.2525041300626218e-9
0.12245316655758978	3.259050478035238e-9
0.1237654323903777	3.2656502897868244e-9
0.12508425955232963	3.272304137379809e-9
0.12640968085009122	3.2790126008048495e-9
0.1277417292543416	3.2857762681172417e-9
0.1290804379006133	3.2925957355760086e-9
0.13042584009011637	3.2994716077857933e-9
0.1317779692905669	3.306404497841939e-9
0.13313685913701961	3.3133950274782015e-9
0.13450254343270476	3.3204438272177653e-9
0.13587505614986833	3.3275515365273684e-9
0.13725443143061763	3.334718803974669e-9
0.13864070358777073	3.341946287388767e-9
0.14003390710570945	3.3492346540242257e-9
0.14143407664123803	3.35658458072864e-9
0.1428412470244442	3.363996754113426e-9
0.1442554532595664	3.371471870728666e-9
0.14567673052586416	3.3790106372413165e-9
0.1471051141784935	3.386613770617458e-9
0.14854063974938603	3.394281998308283e-9
0.149983342948133	3.402016058440242e-9
0.15143325966287374	3.4098167000091994e-9
0.15289042596118813	3.4176846830788385e-9
0.15435487809099402	3.4256207789833133e-9
0.15582665248144906	3.4336257705344346e-9
0.1573057857438562	3.441700452233321e-9
0.15879231467257537	3.4498456304866235e-9
0.16028627624593816	3.458062123827732e-9
0.16178770762716785	3.466350763142633e-9
0.16329664616530362	3.4747123919009706e-9
0.16481312939613008	3.4831478663921584e-9
0.1663371950431107	3.49165805596668e-9
0.16786888101832628	3.5002438432831266e-9
0.1694082254234178	3.508906124560377e-9
0.1709552665505349	3.517645809835778e-9
0.17251004288328747	3.52646382322904e-9
0.17407259309770393	3.5353611032121843e-9
0.17564295606319252	3.5443386028856052e-9
0.17722117084350858	3.5533972902606122e-9
0.17880727669772617	3.562538148548199e-9
0.18040131308121476	3.571762176454687e-9
0.18200331964662084	3.581070388484299e-9
0.18361333624485401	3.590463815248355e-9
0.18523140292607826	3.5999435037821487e-9
0.18685755994070874	3.6095105178691084e-9
0.1884918477404122	3.6191659383723114e-9
0.19013430697911424	3.6289108635742166e-9
0.1917849785140098	3.638746409524106e-9
0.19344390340657974	3.648673710394097e-9
0.19511112292361268	3.6586939188433426e-9
0.1967866785382308	3.668808206391061e-9
0.19847061193092203	3.6790177637987988e-9
0.20016296499057665	3.6893238014614005e-9
0.20186377981552947	3.699727549807898e-9
0.2035730987146071	3.710230259711854e-9
0.20529096420818022	3.7208332029119227e-9
0.20701741902922113	3.731537672442566e-9
0.20875250612436722	3.7423449830754385e-9
0.210496268654989	3.753256471771626e-9
0.21224874999826396	3.764273498145105e-9
0.21400999374825516	3.775397444937748e-9
0.21578004371699644	3.786629718506085e-9
0.21755894393558148	3.797971749320552e-9
0.2193467386552594	3.809424992476822e-9
0.22114347234853576	3.820990928220483e-9
0.22294918971027836	3.8326710624849535e-9
0.2247639356588297	3.844466927442857e-9
0.2265877553371239	3.856380082071705e-9
0.2284206941138094	3.868412112734019e-9
0.23026279758437848	3.880564633772473e-9
0.23211411157230027	3.892839288120373e-9
0.23397468213016168	3.905237747927956e-9
0.23584455554081238	3.917761715205109e-9
0.23772377831851643	3.930412922480903e-9
0.23961239721010893	3.943193133480366e-9
0.24151045919615952	3.9561041438192784e-9
0.24341801149214037	3.969147781717356e-9
0.24533510154960114	3.982325908730291e-9
0.24726177705734917	3.995640420501457e-9
0.24919808594263576	4.009093247533843e-9
0.251144076372349	4.022686355982647e-9
0.2530997967542107	4.03642174846954e-9
0.2550652957379817	4.050301464918728e-9
0.2570406222166717	4.0643275834162896e-9
0.2590258253277551	4.0785022210926215e-9
0.26102095445439405	4.0928275350294515e-9
0.2630260592266659	4.107305723191851e-9
0.2650411895227993	4.1219390253861e-9
0.2670663954704134	4.136729724244279e-9
0.26910172744776534	4.151680146236461e-9
0.27114723608500396	4.166792662711439e-9
0.27320297226542917	4.182069690966518e-9
0.27526898712675635	4.197513695348217e-9
0.27734533206239	4.2131271883838376e-9
0.2794320587227019	4.228912731945647e-9
0.2815292190163153	4.244872938448611e-9
0.2836368651113967	4.261010472082445e-9
0.28575504943695385	4.277328050079836e-9
0.28788382468413853	4.2938284440210825e-9
0.29002324380755934	4.310514481177353e-9
0.29217336002659705	4.327389045893283e-9
0.29433422682673016	4.3444550810104405e-9
0.29650589796086374	4.361715589333041e-9
0.29868842745066804	4.379173635137119e-9
0.30088186958792124	4.39683234572539e-9
0.3030862789358609	4.4146949130285865e-9
0.30530171033054027	4.4327645952549695e-9
0.307528218882193	4.451044718590409e-9
0.30976585997660405	4.46953867895018e-9
0.312014689276487	4.488249943784074e-9
0.31427476272286925	4.507182053937895e-9
0.3165461365364837	4.526338625571627e-9
0.3188288672191662	4.545723352138024e-9
0.32112301155526213	4.5653400064226785e-9
0.32342862661303834	4.585192442648146e-9
0.3257457697461036	4.605284598644449e-9
0.32807449859483384	4.6256204980884974e-9
0.3304148710878078	4.6462042528146694e-9
0.33276694544324686	4.6670400651996465e-9
0.33513078017046305	4.688132230623714e-9
0.33750643407131514	4.709485140011672e-9
0.3398939662416715	4.731103282456465e-9
0.3422934360728799	4.752991247928306e-9
0.34470490325324404	4.775153730072857e-9
0.3471284277695101	4.797595529101613e-9
0.34956406990835764	4.820321554778235e-9
0.3520118902578995	4.843336829504199e-9
0.354471949709189	4.8666464915080626e-9
0.3569443094577349	4.890255798141783e-9
0.3594290310050235	4.914170129288948e-9
0.3619261761600484	4.938394990888627e-9
0.3644358070408486	4.962936018580019e-9
0.36695798607605284	4.987798981472111e-9
0.36949277600643327	5.012989786043805e-9
0.37204023988646523	5.03851448017951e-9
0.3746004410858973	5.064379257345606e-9
0.3771734432913268	5.090590460913713e-9
0.3797593105077832	5.117154588636307e-9
0.3823581070603219	5.1440782972817734e-9
0.38496989759562367	5.171368407434063e-9
0.3875947470836016	5.1990319084653475e-9
0.3902327208190196	5.227075963687778e-9
0.3928838844231145	5.255507915692012e-9
0.39554830384522993	5.284335291880836e-9
0.3982260453644561	5.3135658102057116e-9
0.4009171755912785	5.343207385114789e-9
0.40362176146923495	5.373268133722034e-9
0.40633987027658097	5.403756382206057e-9
0.4090715696279639	5.434680672449335e-9
0.4118169274761037	5.466049768928193e-9
0.4145760121134843	5.4978726658641816e-9
0.4173488921740515	5.5301585946484126e-9
0.4201356366349219	5.562917031551316e-9
0.42293631481809635	5.596157705730043e-9
0.4257509963921868	5.629890607547137e-9
0.42857975137414767	5.664125997214349e-9
0.43142265013101855	5.69887441377644e-9
0.43427976338167373	5.73414668445046e-9
0.43715116219858224	5.7699539343367155e-9
0.44003691800957523	5.806307596518461e-9
0.44293710259962304	5.843219422568698e-9
0.4458517881126211	5.880701493482782e-9
0.44878104705318417	5.918766231057095e-9
0.45172495228844983	5.95742640973451e-9
0.45468357704989204	5.996695168939361e-9
0.4576569949351413	6.036586025924538e-9
0.46064527990981685	6.077112889156565e-9
0.4636485063093658	6.118290072263545e-9
0.4666667488409128	6.160132308574204e-9
0.4697000825851173	6.202654766276409e-9
0.4727485829980427	6.245873064226788e-9
0.47581232591303285	6.2898032884425545e-9
0.478891387542598	6.334462009310538e-9
0.48198584448031084	6.3798662995495285e-9
0.4850957737027124	6.426033752963577e-9
0.48822125257122595	6.472982504027109e-9
0.49136235883408197	6.520731248344676e-9
0.4945191706282523	6.569299264030087e-9
0.4976917664813935	6.618706434053346e-9
0.5008802253138004	6.6689732696057015e-9
0.5040846264403696	6.720120934537244e-9
0.5073050495725715	6.772171270922903e-9
0.5105415748204343	6.8251468258190155e-9
0.5137942826945365	6.879070879272212e-9
0.517063254108009	6.933967473651849e-9
0.5203485703785492	6.989861444374885e-9
0.5236503132304419	7.046778452102872e-9
0.5269685647965939	7.1047450164904026e-9
0.5303034076205766	7.1637885515735855e-9
0.5336549246586795	7.223937402889456e-9
0.5370231992819728	7.285220886425662e-9
0.5404083152783826	7.347669329503608e-9
0.5438103568547747	7.411314113707789e-9
0.5472294086390483	7.476187719978862e-9
0.5506655556822436	7.542323775997554e-9
0.5541188834606549	7.609757105994037e-9
0.5575894778779582	7.678523783126754e-9
0.5610774252673477	7.748661184583921e-9
0.5645828123936844	7.820208049572737e-9
0.5681057264556525	7.893204540370947e-9
0.5716462550879309	7.967692306628397e-9
0.5752044863633705	8.04371455311906e-9
0.5787805087951873	8.121316111159284e-9
0.5823744113391631	8.200543513920725e-9
0.5859862833958588	8.281445075885026e-9
0.5896162148128381	8.364070976705432e-9
0.5932642958869024	8.448473349756786e-9
0.5969306173663369	8.534706375679848e-9
0.6006152704531684	8.622826381246265e-9
0.6043183468054344	8.712891943894528e-9
0.6080399385394615	8.804964002316316e-9
0.6117801382321587	8.899105973497735e-9
0.6155390389233192	8.995383876654166e-9
0.6193167341179359	9.093866464530685e-9
0.6231133177885255	9.194625362575881e-9
0.6269288843774683	9.297735216536778e-9
0.6307635287993556	9.403273849070186e-9
0.6346173464433522	9.511322426007045e-9
0.6384904331755688	9.6219656329658e-9
0.6423828853414466	9.735291863061502e-9
0.6462947997681537	9.851393416523018e-9
0.6502262737669944	9.970366713100343e-9
0.6541774051358293	1.0092312518213212e-8
0.6581482921615082	1.0217336183880871e-8
0.6621390336223156	1.0345547905560277e-8
0.6661497287904271	1.0477062996115936e-8
0.6701804774343789	1.0612002178260823e-8
0.6742313798215507	1.0750491896922895e-8
0.6783025367206585	1.0892664653125302e-8
0.682394049404262	1.1038659361118775e-8
0.6865060196512833	1.1188621730664074e-8
0.6906385497495399	1.1342704676543857e-8
0.6947917424982876	1.1501068757585735e-8
0.6989657012107791	1.1663882647698313e-8
0.7031605297168331	1.1831323641674282e-8
0.7073763323654171	1.2003578198788158e-8
0.7116132140272443	1.218084252753161e-8
0.7158712800973803	1.2363323215170378e-8
0.7201506364978669	1.2551237906206502e-8
0.724451389680356	1.2744816034258653e-8
0.7287736466287575	1.2944299612377583e-8
0.7331175148619014	1.3149944087367045e-8
0.737483102436211	1.3362019264318817e-8
0.7418705179483918	1.3580810308286073e-8
0.7462798705381338	1.3806618830841322e-8
0.7507112698908246	1.4039764070198591e-8
0.7551648262402787	1.4280584174644476e-8
0.7596406503714802	1.4529437600254546e-8
0.7641388536233378	1.4786704635271774e-8
0.7686595478914543	1.5052789065158292e-8
0.7732028456309116	1.5328119994198908e-8
0.777768859859066	1.5613153841723865e-8
0.7823577041583611	1.5908376533543373e-8
0.7869694926791531	1.621430591214666e-8
0.7916043401425489	1.6531494392670468e-8
0.7962623618432616	1.6860531895700582e-8
0.8009436736524779	1.720204909274176e-8
0.8056483920207402	1.7556721005817727e-8
0.8103766339808439	1.792527100934012e-8
0.8151285171507483	1.8308475290283998e-8
0.8199041597365018	1.8707167832142982e-8
0.8247036805351844	1.9122245999374506e-8
0.8295271989378604	1.9554676812517815e-8
0.8343748349325497	2.0005504020330513e-8
0.8392467091072124	2.0475856094762348e-8
0.8441429426527486	2.09669552980623e-8
0.8490636573660123	2.1480127999758254e-8
0.8540089756528424	2.2016816455730568e-8
0.8589790205311068	2.2578592303548483e-8
0.8639739156337622	2.3167172079373866e-8
0.868973915633762	2.3781939153731316e-8
0.8739739156337618	2.4423933502775056e-8
0.8789739156337616	2.5094930812556805e-8
0.8839739156337615	2.5796871553778975e-8
0.8889739156337613	2.653188175827993e-8
0.893973915633761	2.7302297049877698e-8
0.8989739156337608	2.8110690508916837e-8
0.9039739156337606	2.8959905059374967e-8
0.9089739156337604	2.985309119901995e-8
0.9139739156337602	3.079375105071182e-8
0.91897391563376	3.178578990166546e-8
0.9239739156337599	3.283357662363726e-8
0.9289739156337596	3.394201463800226e-8
0.9339739156337594	3.511662541462817e-8
0.9389739156337592	3.6363646883123566e-8
0.943973915633759	3.769014960249563e-8
0.9489739156337588	3.910417409611555e-8
0.9539739156337586	4.061489343202617e-8
0.9589739156337583	4.2232805936578967e-8
0.9639739156337582	4.3969963899393765e-8
0.968973915633758	4.584024529228612e-8
0.9739739156337578	4.785967692338248e-8
0.9789739156337576	5.004681912720181e-8
0.9839739156337574	5.242322410868402e-8
0.9889739156337571	5.501398248189117e-8
0.9939739156337569	5.7848375454032444e-8
0.9989739156337567	6.096065360044167e-8
1.0039739156337566	6.439096737368326e-8
1.0089739156337563	6.818647953097604e-8
1.0139739156337562	7.24026957175013e-8
1.0189739156337558	7.710505671127877e-8
1.0239739156337557	8.237084456060752e-8
1.0289739156337556	8.829146531755179e-8
1.0339739156337553	9.497518363750864e-8
1.0389739156337552	1.0255039959009305e-7
1.0439739156337549	1.1116957610510887e-7
1.0489739156337547	1.2101394714937404e-7
1.0539739156337544	1.3229916269836995e-7
1.0589739156337543	1.4528205766707514e-7
1.0639739156337542	1.6026876918962307e-7
1.0689739156337539	1.7762447116475282e-7
1.0739739156337538	1.9778504820611423e-7
1.0789739156337534	2.21271094698169e-7
1.0839739156337533	2.4870470049711633e-7
1.088973915633753	2.8082957520770444e-7
1.093973915633753	3.1853517057758334e-7
1.0989739156337526	3.6288558849217143e-7
1.1039739156337525	4.151542139440612e-7
1.1089739156337524	4.768651923800834e-7
1.113973915633752	5.498430838201765e-7
1.118973915633752	6.362722776127806e-7
1.1239739156337516	7.387680479027489e-7
1.1289739156337515	8.604614778676409e-7
1.1339739156337512	1.0051008882887833e-6
1.138973915633751	1.1771728814566206e-6
1.143973915633751	1.3820466635008216e-6
1.1489739156337506	1.6261459455520845e-6
1.1539739156337505	1.9171534541275e-6
1.1589739156337502	2.2642539085127655e-6
1.16397391563375	2.67842224714329e-6
1.1689739156337497	3.172764896290311e-6
1.1739739156337496	3.7629229480363913e-6
1.1789739156337493	4.467547203065669e-6
1.1839739156337492	5.308856057048068e-6
1.187980436725312	6.099291509903213e-6
1.1919869578168745	7.010252118143989e-6
1.1959934789084372	8.059935520399616e-6
1.2	9.26920468315126e-6
