0.0006999999999999628	1.3075405805423269e-8
0.001403500000000035	1.308754938339857e-8
0.0021105174999999296	1.3099770738999033e-8
0.0028210700874998964	1.311207064684119e-8
0.003535175437937438	1.3124449722082824e-8
0.004252851315127062	1.3136908582834192e-8
0.004974115571702636	1.3149447852413445e-8
0.005698986149561044	1.3162068159599254e-8
0.006427481080308875	1.3174770138807576e-8
0.007159618485710418	1.3187554430241036e-8
0.007895416578138905	1.3200421680018019e-8
0.008634893661029494	1.3213372540290916e-8
0.00937806812933463	1.3226407669354023e-8
0.010124958469981361	1.3239527731747031e-8
0.010875583262331262	1.325273339835335e-8
0.01162996117864295	1.3266025346496495e-8
0.012388110984536127	1.3279404260033454e-8
0.013150051539458866	1.3292870829448836e-8
0.013915801797156208	1.3306425751946231e-8
0.014685380806142003	1.3320069731540448e-8
0.015458807710172712	1.3333803479150152e-8
0.01623610174872358	1.3347627712689555e-8
0.017017282257467212	1.336154315716276e-8
0.017802368668754516	1.3375550544755888e-8
0.01859138051209827	1.3389650614932755e-8
0.019384337414658823	1.3403844114529547e-8
0.020181259101732015	1.3418131797851346e-8
0.020982165397240727	1.343251442676949e-8
0.02178707622422691	1.3446992770819896e-8
0.02259601160534814	1.3461567607303351e-8
0.02340899166337483	1.3476239721385651e-8
0.024226036621691812	1.3491009906199947e-8
0.02504716680480027	1.3505878962950626e-8
0.025872402638824326	1.3520847701018114e-8
0.02670176465201842	1.3535916938064863e-8
0.02753527347527842	1.3551087500143167e-8
0.028372949842654864	1.3566360221804515e-8
0.0292148145918682	1.358173594621018e-8
0.03006088866482743	1.3597215525244138e-8
0.03091119310815165	1.3612799819626028e-8
0.0317657490736924	1.3628489699027418e-8
0.03262457781906081	1.3644286042188567e-8
0.03348770070815601	1.3660189737038334e-8
0.034355139211696875	1.3676201680813598e-8
0.035226914907755424	1.3692322780182673e-8
0.03610304948229413	1.3708553951369417e-8
0.03698356472970569	1.372489612027937e-8
0.03786848255335419	1.3741350222627806e-8
0.038757824966120964	1.3757917204070182e-8
0.03965161409095162	1.3774598020333168e-8
0.04054987216140643	1.3791393637349826e-8
0.04145262152221345	1.3808305031395667e-8
0.04235988462982453	1.3825333189225855e-8
0.04327168405297366	1.3842479108216598e-8
0.0441880424732386	1.385974379650728e-8
0.04510898268560485	1.3877128273145372e-8
0.046034527599032954	1.3894633568233174e-8
0.04696470023702812	1.3912260723077702e-8
0.04789952373821329	1.3930010790342435e-8
0.048839021356904266	1.39478848342008e-8
0.04978321646368884	1.3965883930493866e-8
0.05073213254600732	1.398400916688836e-8
0.05168579320873729	1.400226164303944e-8
0.052644222174780875	1.4020642470754123e-8
0.05360744328565471	1.4039152774158672e-8
0.054575480502083065	1.4057793689868366e-8
0.055548357904593434	1.4076566367159553e-8
0.056526099694116344	1.40954719681452e-8
0.0575087301925869	1.411451166795303e-8
0.05849627384354973	1.4133686654906319e-8
0.05948875521276744	1.4152998130708416e-8
0.06048619898883127	1.4172447310629484e-8
0.061488629983775384	1.4192035423695929e-8
0.06249607313369419	1.4211763712885614e-8
0.06350855349936275	1.4231633435322933e-8
0.06452609626685958	1.4251645862479015e-8
0.06554872674819387	1.4271802280374935e-8
0.06657647038193484	1.4292103989788884e-8
0.06760935273384447	1.4312552306465659e-8
0.06864739949751365	1.4333148561330515e-8
0.0696906364950013	1.4353894100706612e-8
0.07073908967747639	1.4374790286536189e-8
0.07179278512586384	1.4395838496604634e-8
0.07285174905149322	1.4417040124770387e-8
0.0739160077967507	1.4438396581196433e-8
0.07498558783573436	1.4459909292587116e-8
0.07606051577491299	1.4481579702429367e-8
0.07714081835378758	1.450340927123702e-8
0.07822652244555647	1.4525399476799942e-8
0.07931765505778425	1.4547551814437804e-8
0.0804142433330731	1.4569867797257704e-8
0.08151631454973848	1.4592348956416953e-8
0.08262389612248718	1.4614996841389353e-8
0.0837370156030995	1.4637813020237472e-8
0.0848557006811149	1.4660799079889405e-8
0.0859799791845205	1.4683956626419668e-8
0.08710987908044313	1.4707287285335705e-8
0.08824542847584534	1.473079270186979e-8
0.08938665561822454	1.475447454127552e-8
0.09053358889631567	1.4778334489130126e-8
0.09168625684079722	1.4802374251641686e-8
0.09284468812500112	1.4826595555962537e-8
0.09400891156562617	1.4851000150508148e-8
0.0951789561234543	1.4875589805280558e-8
0.09635485090407148	1.4900366312200526e-8
0.09753662515859184	1.4925331485442406e-8
0.0987243082843847	1.4950487161777884e-8
0.09991792982580656	1.497583520092417e-8
0.10111751947493569	1.5001377485900024e-8
0.10232310707231031	1.5027115923386846e-8
0.1035347226076718	1.5053052444098242e-8
0.10475239622071016	1.5079189003154466e-8
0.10597615820181366	1.5105527580465714e-8
0.10720603899282274	1.513207018112139e-8
0.10844206918778684	1.5158818835786678e-8
0.10968427953372567	1.5185775601107554e-8
0.1109327009313943	1.521294256012255e-8
0.11218736443605135	1.5240321822681954e-8
0.11344830125823162	1.5267915525876684e-8
0.11471554276452282	1.5295725834473128e-8
0.11598912047834534	1.5323754941358152e-8
0.11726906608073695	1.535200506799089e-8
0.11855541141114062	1.538047846486527e-8
0.11984818846819621	1.540917741197898e-8
0.12114742941053713	1.5438104219314336e-8
0.12245316655758978	1.5467261227325494e-8
0.1237654323903777	1.5496650807437827e-8
0.12508425955232963	1.5526275362554908e-8
0.12640968085009122	1.5556137327576448e-8
0.1277417292543416	1.5586239169926626e-8
0.1290804379006133	1.561658339009256e-8
0.13042584009011637	1.5647172522172293e-8
0.1317779692905669	1.5678009134435517e-8
0.13313685913701961	1.5709095829894505e-8
0.13450254343270476	1.5740435246885812e-8
0.13587505614986833	1.57720300596649e-8
0.13725443143061763	1.5803882979011545e-8
0.13864070358777073	1.5835996752848137e-8
0.14003390710570945	1.586837416687026e-8
0.14143407664123803	1.5901018045189542e-8
0.1428412470244442	1.5933931250990672e-8
0.1442554532595664	1.5967116687200663e-8
0.14567673052586416	1.6000577297172347e-8
0.1471051141784935	1.6034316065381237e-8
0.14854063974938603	1.6068336018139316e-8
0.149983342948133	1.610264022431848e-8
0.15143325966287374	1.6137231796093926e-8
0.15289042596118813	1.617211388970141e-8
0.15435487809099402	1.6207289706208386e-8
0.15582665248144906	1.6242762492303955e-8
0.1573057857438562	1.6278535541103652e-8
0.15879231467257537	1.6314612192971598e-8
0.16028627624593816	1.635099583636078e-8
0.16178770762716785	1.6387689908670652e-8
0.16329664616530362	1.6424697897121585e-8
0.16481312939613008	1.646202333965044e-8
0.1663371950431107	1.6499669825823086e-8
0.16786888101832628	1.6537640997768512e-8
0.1694082254234178	1.6575940551130884e-8
0.1709552665505349	1.6614572236044735e-8
0.17251004288328747	1.6653539858128116e-8
0.17407259309770393	1.669284727950086e-8
0.17564295606319252	1.6732498419821706e-8
0.17722117084350858	1.6772497257351545e-8
0.17880727669772617	1.6812847830037093e-8
0.18040131308121476	1.6853554236620116e-8
0.18200331964662084	1.6894620637769852e-8
0.18361333624485401	1.6936051257243956e-8
0.18523140292607826	1.6977850383069463e-8
0.18685755994070874	1.702002236875699e-8
0.1884918477404122	1.7062571634536257e-8
0.19013430697911424	1.710550266862349e-8
0.1917849785140098	1.714882002851514e-8
0.19344390340657974	1.719252834231199e-8
0.19511112292361268	1.723663231007396e-8
0.1967866785382308	1.7281136705203998e-8
0.19847061193092203	1.7326046375866196e-8
0.20016296499057665	1.7371366246433726e-8
0.20186377981552947	1.7417101318972814e-8
0.2035730987146071	1.7463256674759976e-8
0.20529096420818022	1.7509837475834162e-8
0.20701741902922113	1.7556848966585597e-8
0.20875250612436722	1.7604296475382443e-8
0.210496268654989	1.7652185416234314e-8
0.21224874999826396	1.7700521290497106e-8
0.21400999374825516	1.774930968861615e-8
0.21578004371699644	1.779855629191216e-8
0.21755894393558148	1.7848266874409354e-8
0.2193467386552594	1.7898447304707053e-8
0.22114347234853576	1.7949103547897565e-8
0.22294918971027836	1.800024166752947e-8
0.2247639356588297	1.8051867827617783e-8
0.2265877553371239	1.81039882947043e-8
0.2284206941138094	1.81566094399688e-8
0.23026279758437848	1.820973774138919e-8
0.23211411157230027	1.826337978595836e-8
0.23397468213016168	1.8317542271953648e-8
0.23584455554081238	1.8372232011262605e-8
0.23772377831851643	1.842745593176766e-8
0.23961239721010893	1.8483221079790628e-8
0.24151045919615952	1.8539534622596864e-8
0.24341801149214037	1.8596403850964202e-8
0.24533510154960114	1.8653836181816178e-8
0.24726177705734917	1.871183916092205e-8
0.24919808594263576	1.8770420465666408e-8
0.251144076372349	1.8829587907888216e-8
0.2530997967542107	1.888934943679546e-8
0.2550652957379817	1.894971314195222e-8
0.2570406222166717	1.9010687256343815e-8
0.2590258253277551	1.9072280159523667e-8
0.26102095445439405	1.9134500380840408e-8
0.2630260592266659	1.919735660274965e-8
0.2650411895227993	1.926085766421492e-8
0.2670663954704134	1.932501256419567e-8
0.26910172744776534	1.9389830465230714e-8
0.27114723608500396	1.945532069711579e-8
0.27320297226542917	1.9521492760679478e-8
0.27526898712675635	1.958835633166165e-8
0.27734533206239	1.9655921264696147e-8
0.2794320587227019	1.9724197597401358e-8
0.2815292190163153	1.9793195554582722e-8
0.2836368651113967	1.986292555254982e-8
0.28575504943695385	1.9933398203552253e-8
0.28788382468413853	2.0004624320337546e-8
0.29002324380755934	2.00766149208372e-8
0.29217336002659705	2.0149381232979773e-8
0.29433422682673016	2.0222934699641992e-8
0.29650589796086374	2.0297286983737697e-8
0.29868842745066804	2.0372449973448396e-8
0.30088186958792124	2.0448435787606107e-8
0.3030862789358609	2.0525256781225276e-8
0.30530171033054027	2.0602925551195218e-8
0.307528218882193	2.0681454942135825e-8
0.30976585997660405	2.0760858052421497e-8
0.312014689276487	2.084114824037947e-8
0.31427476272286925	2.092233913066987e-8
0.3165461365364837	2.1004444620850715e-8
0.3188288672191662	2.1087478888137136e-8
0.32112301155526213	2.1171456396359232e-8
0.32342862661303834	2.1256391903126706e-8
0.3257457697461036	2.1342300467205943e-8
0.32807449859483384	2.1429197456119615e-8
0.3304148710878078	2.1517098553973234e-8
0.33276694544324686	2.160601976951857e-8
0.33513078017046305	2.169597744446219e-8
0.33750643407131514	2.1786988262027112e-8
0.3398939662416715	2.1879069255776775e-8
0.3422934360728799	2.1972237818710726e-8
0.34470490325324404	2.2066511712641804e-8
0.3471284277695101	2.216190907786455e-8
0.34956406990835764	2.2258448443126514e-8
0.3520118902578995	2.2356148735912067e-8
0.354471949709189	2.2455029293050154e-8
0.3569443094577349	2.2555109871659223e-8
0.3594290310050235	2.2656410660440376e-8
0.3619261761600484	2.275895229133328e-8
0.3644358070408486	2.2862755851545038e-8
0.36695798607605284	2.296784289597143e-8
0.36949277600643327	2.3074235460017708e-8
0.37204023988646523	2.3181956072842495e-8
0.3746004410858973	2.3291027771035072e-8
0.3771734432913268	2.3401474112742952e-8
0.3797593105077832	2.35133191922697e-8
0.3823581070603219	2.3626587655160666e-8
0.38496989759562367	2.3741304713793872e-8
0.3875947470836016	2.3857496163493213e-8
0.3902327208190196	2.3975188399193918e-8
0.3928838844231145	2.4094408432670797e-8
0.39554830384522993	2.4215183910359355e-8
0.3982260453644561	2.4337543131789554e-8
0.4009171755912785	2.4461515068657154e-8
0.40362176146923495	2.4587129384560864e-8
0.40633987027658097	2.471441645542928e-8
0.4090715696279639	2.4843407390665836e-8
0.4118169274761037	2.4974134055043942e-8
0.4145760121134843	2.5106629091379547e-8
0.4173488921740515	2.5240925944017062e-8
0.4201356366349219	2.5377058883158318e-8
0.42293631481809635	2.551506303007364e-8
0.4257509963921868	2.5654974383228108e-8
0.42857975137414767	2.5796829845369515e-8
0.43142265013101855	2.5940667251604923e-8
0.43427976338167373	2.6086525398526075e-8
0.43715116219858224	2.623444407441325e-8
0.44003691800957523	2.6384464090572712e-8
0.44293710259962304	2.6536627313854207e-8
0.4458517881126211	2.6690976700402855e-8
0.44878104705318417	2.6847556330695702e-8
0.45172495228844983	2.700641144592338e-8
0.45468357704989204	2.716758848577451e-8
0.4576569949351413	2.7331135127690225e-8
0.46064527990981685	2.749710032764671e-8
0.4636485063093658	2.766553436254474e-8
0.4666667488409128	2.7836488874272735e-8
0.4697000825851173	2.8010016915525854e-8
0.4727485829980427	2.8186172997455378e-8
0.47581232591303285	2.8365013139241583e-8
0.478891387542598	2.854659491967256e-8
0.48198584448031084	2.8730977530831098e-8
0.4850957737027124	2.891822183398298e-8
0.48822125257122595	2.9108390417776532e-8
0.49136235883408197	2.9301547658861436e-8
0.4945191706282523	2.94977597850465e-8
0.4976917664813935	2.9697094941118596e-8
0.5008802253138004	2.9899623257452473e-8
0.5040846264403696	3.0105416921549576e-8
0.5073050495725715	3.0314550252656296e-8
0.5105415748204343	3.052709977960446e-8
0.5137942826945365	3.074314432204806e-8
0.517063254108009	3.096276507526291e-8
0.5203485703785492	3.118604569869071e-8
0.5236503132304419	3.141307240841971e-8
0.5269685647965939	3.164393407381016e-8
0.5303034076205766	3.187872231847439e-8
0.5336549246586795	3.211753162584511e-8
0.5370231992819728	3.236045944957147e-8
0.5404083152783826	3.260760632900024e-8
0.5438103568547747	3.285907601001637e-8
0.5472294086390483	3.3114975571530397e-8
0.5506655556822436	3.337541555792315e-8
0.5541188834606549	3.3640510117768065e-8
0.5575894778779582	3.391037714918455e-8
0.5610774252673477	3.418513845218793e-8
0.5645828123936844	3.446491988842728e-8
0.5681057264556525	3.474985154873032e-8
0.5716462550879309	3.5040067928898906e-8
0.5752044863633705	3.533570811422557e-8
0.5787805087951873	3.5636915973240816e-8
0.5823744113391631	3.594384036122474e-8
0.5859862833958588	3.625663533405375e-8
0.5896162148128381	3.657546037299837e-8
0.5932642958869024	3.690048062112464e-8
0.5969306173663369	3.7231867131994864e-8
0.6006152704531684	3.7569797131411004e-8
0.6043183468054344	3.7914454293006786e-8
0.6080399385394615	3.8266029028526646e-8
0.6117801382321587	3.862471879372149e-8
0.6155390389233192	3.899072841082539e-8
0.6193167341179359	3.936427040866922e-8
0.6231133177885255	3.974556538155066e-8
0.6269288843774683	4.013484236807294e-8
0.6307635287993556	4.0532339251235194e-8
0.6346173464433522	4.093830318118153e-8
0.6384904331755688	4.135299102209045e-8
0.6423828853414466	4.1776669824821237e-8
0.6462947997681537	4.220961732704428e-8
0.6502262737669944	4.265212248272762e-8
0.6541774051358293	4.3104486022978624e-8
0.6581482921615082	4.356702105042329e-8
0.6621390336223156	4.4040053669456344e-8
0.6661497287904271	4.452392365489166e-8
0.6701804774343789	4.501898516175586e-8
0.6742313798215507	4.552560747917144e-8
0.6783025367206585	4.604417583155045e-8
0.682394049404262	4.657509223055989e-8
0.6865060196512833	4.711877638163097e-8
0.6906385497495399	4.767566664911601e-8
0.6947917424982876	4.824622108451933e-8
0.6989657012107791	4.883091852266778e-8
0.7031605297168331	4.9430259751067754e-8
0.7073763323654171	5.00447687582192e-8
0.7116132140272443	5.0674994067137996e-8
0.7158712800973803	5.132151016096287e-8
0.7201506364978669	5.1984919008129494e-8
0.724451389680356	5.2665851695338524e-8
0.7287736466287575	5.336497017733423e-8
0.7331175148619014	5.408296915338485e-8
0.737483102436211	5.482057808136719e-8
0.7418705179483918	5.557856334145243e-8
0.7462798705381338	5.635773056263694e-8
0.7507112698908246	5.715892712676877e-8
0.7551648262402787	5.798304486626551e-8
0.7596406503714802	5.8831022973535134e-8
0.7641388536233378	5.970385114207517e-8
0.7686595478914543	6.060257296154148e-8
0.7732028456309116	6.152828959164743e-8
0.777768859859066	6.248216374271171e-8
0.7823577041583611	6.346542399407965e-8
0.7869694926791531	6.447936948547296e-8
0.7916043401425489	6.55253750208597e-8
0.7962623618432616	6.66048966295158e-8
0.8009436736524779	6.77194776349752e-8
0.8056483920207402	6.887075528948004e-8
0.8103766339808439	7.006046803963195e-8
0.8151285171507483	7.129046349840711e-8
0.8199041597365018	7.256270720978029e-8
0.8247036805351844	7.38792923053018e-8
0.8295271989378604	7.524245016737493e-8
0.8343748349325497	7.66545622322963e-8
0.8392467091072124	7.81181730879075e-8
0.8441429426527486	7.963600504661419e-8
0.8490636573660123	8.12109744056932e-8
0.8540089756528424	8.28462096440874e-8
0.8589790205311068	8.454507184988428e-8
0.8639739156337622	8.631117772703304e-8
0.868973915633762	8.81410267077119e-8
0.8739739156337618	9.003601064277804e-8
0.8789739156337616	9.199952230274168e-8
0.8839739156337615	9.403520377502549e-8
0.8889739156337613	9.614697215224589e-8
0.893973915633761	9.833904874919844e-8
0.8989739156337608	1.0061599244038654e-7
0.9039739156337606	1.0298273781623213e-7
0.9089739156337604	1.0544463898657597e-7
0.9139739156337602	1.0800752001627356e-7
0.91897391563376	1.1067773316456196e-7
0.9239739156337599	1.13462226323802e-7
0.9289739156337596	1.1636862132148531e-7
0.9339739156337594	1.1940530507107871e-7
0.9389739156337592	1.2258153594319608e-7
0.943973915633759	1.2590756819165715e-7
0.9489739156337588	1.2939479782489458e-7
0.9539739156337586	1.330559339807672e-7
0.9589739156337583	1.3690520066475758e-7
0.9639739156337582	1.4095857467513317e-7
0.968973915633758	1.4523406669663e-7
0.9739739156337578	1.4975205393643347e-7
0.9789739156337576	1.545356743498979e-7
0.9839739156337574	1.596112945161422e-7
0.9889739156337571	1.6500906564425815e-7
0.9939739156337569	1.7076358510217995e-7
0.9989739156337567	1.769146843622315e-7
1.0039739156337566	1.8350836846994027e-7
1.0089739156337563	1.9059793721008628e-7
1.0139739156337562	1.9824532423968719e-7
1.0189739156337558	2.0652269779009962e-7
1.0239739156337557	2.1551437535990913e-7
1.0289739156337556	2.2531911542751031e-7
1.0339739156337553	2.360528619678638e-7
1.0389739156337552	2.478520328948554e-7
1.0439739156337549	2.6087746198738746e-7
1.0489739156337547	2.75319126016011e-7
1.0539739156337544	2.9140181541098663e-7
1.0589739156337543	3.0939193879359055e-7
1.0639739156337542	3.296056900935266e-7
1.0689739156337539	3.5241885306903964e-7
1.0739739156337538	3.7827857334900593e-7
1.0789739156337534	4.0771749443705313e-7
1.0839739156337533	4.4137073361157986e-7
1.088973915633753	4.79996268883804e-7
1.093973915633753	5.244994221878339e-7
1.0989739156337526	5.759622603873726e-7
1.1039739156337525	6.356788987858663e-7
1.1089739156337524	7.051978867051891e-7
1.113973915633752	7.863730873733428e-7
1.118973915633752	8.814247419554428e-7
1.1239739156337516	9.930127384847867e-7
1.1289739156337515	1.124324500628333e-6
1.1339739156337512	1.2791803803244354e-6
1.138973915633751	1.4621599960584458e-6
1.143973915633751	1.6787536208470383e-6
1.1489739156337506	1.9355435093083773e-6
1.1539739156337505	2.2404209824238945e-6
1.1589739156337502	2.602846184882282e-6
1.16397391563375	3.0341587176927245e-6
1.1689739156337497	3.5479488518366253e-6
1.1739739156337496	4.160500766487136e-6
1.1789739156337493	4.891321236256181e-6
1.1839739156337492	5.763769403383026e-6
1.187980436725312	6.583731308116734e-6
1.1919869578168745	7.529373945826205e-6
1.1959934789084372	8.62016897772644e-6
1.2	9.878589175881054e-6
