0.0006999999999999628	1.391377089111895e-9
0.001403500000000035	1.3927565294852061e-9
0.0021105174999999296	1.394144840390167e-9
0.0028210700874998964	1.395542054857008e-9
0.003535175437937438	1.3969482449562688e-9
0.004252851315127062	1.3983634835862921e-9
0.004974115571702636	1.399787844065299e-9
0.005698986149561044	1.4012214002025557e-9
0.006427481080308875	1.4026642263517028e-9
0.007159618485710418	1.4041163974501533e-9
0.007895416578138905	1.4055779890503137e-9
0.008634893661029494	1.4070490773456163e-9
0.00937806812933463	1.408529739193204e-9
0.010124958469981361	1.4100200521341223e-9
0.010875583262331262	1.4115200944119308e-9
0.01162996117864295	1.413029944989911e-9
0.012388110984536127	1.414549683567407e-9
0.013150051539458866	1.416079390595273e-9
0.013915801797156208	1.4176191472909277e-9
0.014685380806142003	1.4191690356527128e-9
0.015458807710172712	1.420729138474074e-9
0.01623610174872358	1.4222995393573284e-9
0.017017282257467212	1.4238803227272815e-9
0.017802368668754516	1.4254715738446315e-9
0.01859138051209827	1.4270733788192961e-9
0.019384337414658823	1.4286858246236128e-9
0.020181259101732015	1.4303089991055186e-9
0.020982165397240727	1.4319429910017281e-9
0.02178707622422691	1.4335878899508757e-9
0.02259601160534814	1.435243786506748e-9
0.02340899166337483	1.4369107721515128e-9
0.024226036621691812	1.4385889393090386e-9
0.02504716680480027	1.440278381358361e-9
0.025872402638824326	1.4419791926471384e-9
0.02670176465201842	1.4436914685053224e-9
0.02753527347527842	1.4454153052589311e-9
0.028372949842654864	1.4471508002439372e-9
0.0292148145918682	1.4488980518203313e-9
0.03006088866482743	1.4506571593863513e-9
0.03091119310815165	1.4524282233928718e-9
0.0317657490736924	1.4542113453579866e-9
0.03262457781906081	1.4560066278817492e-9
0.03348770070815601	1.4578141746611629e-9
0.034355139211696875	1.4596340905053142e-9
0.035226914907755424	1.461466481350774e-9
0.03610304948229413	1.4633114542771845e-9
0.03698356472970569	1.4651691175230619e-9
0.03786848255335419	1.4670395805018723e-9
0.038757824966120964	1.4689229538183156e-9
0.03965161409095162	1.4708193492848752e-9
0.04054987216140643	1.4727288799385844e-9
0.04145262152221345	1.474651660058097e-9
0.04235988462982453	1.4765878051809811e-9
0.04327168405297366	1.478537432121359e-9
0.0441880424732386	1.4805006589876977e-9
0.04510898268560485	1.482477605201017e-9
0.046034527599032954	1.4844683915132887e-9
0.04696470023702812	1.4864731400262231e-9
0.04789952373821329	1.4884919742102627e-9
0.048839021356904266	1.490525018923939e-9
0.04978321646368884	1.4925724004336158e-9
0.05073213254600732	1.4946342464333607e-9
0.05168579320873729	1.4967106860653736e-9
0.052644222174780875	1.4988018499406277e-9
0.05360744328565471	1.5009078701598e-9
0.054575480502083065	1.503028880334753e-9
0.055548357904593434	1.50516501561017e-9
0.056526099694116344	1.50731641268567e-9
0.0575087301925869	1.5094832098382747e-9
0.05849627384354973	1.5116655469452136e-9
0.05948875521276744	1.5138635655072119e-9
0.06048619898883127	1.5160774086720952e-9
0.061488629983775384	1.518307221258796e-9
0.06249607313369419	1.5205531497818794e-9
0.06350855349936275	1.5228153424763424e-9
0.06452609626685958	1.525093949322952e-9
0.06554872674819387	1.5273891220740204e-9
0.06657647038193484	1.5297010142795483e-9
0.06760935273384447	1.5320297813139315e-9
0.06864739949751365	1.5343755804030317e-9
0.0696906364950013	1.5367385706518155e-9
0.07073908967747639	1.5391189130724725e-9
0.07179278512586384	1.541516770612934e-9
0.07285174905149322	1.543932308186013e-9
0.0739160077967507	1.546365692699026e-9
0.07498558783573436	1.5488170930839228e-9
0.07606051577491299	1.5512866803279773e-9
0.07714081835378758	1.5537746275050573e-9
0.07822652244555647	1.5562811098073756e-9
0.07931765505778425	1.5588063045779202e-9
0.0804142433330731	1.5613503913433894e-9
0.08151631454973848	1.5639135518478112e-9
0.08262389612248718	1.5664959700866484e-9
0.0837370156030995	1.5690978323416951e-9
0.0848557006811149	1.5717193272164743e-9
0.0859799791845205	1.5743606456723438e-9
0.08710987908044313	1.577021981065313e-9
0.08824542847584534	1.5797035291834545e-9
0.08938665561822454	1.582405488285061e-9
0.09053358889631567	1.5851280591375415e-9
0.09168625684079722	1.5878714450569823e-9
0.09284468812500112	1.590635851948503e-9
0.09400891156562617	1.5934214883473342e-9
0.0951789561234543	1.5962285654607136e-9
0.09635485090407148	1.5990572972105338e-9
0.09753662515859184	1.601907900276851e-9
0.0987243082843847	1.6047805941421438e-9
0.09991792982580656	1.6076756011364976e-9
0.10111751947493569	1.6105931464836638e-9
0.10232310707231031	1.6135334583479044e-9
0.1035347226076718	1.6164967678818329e-9
0.10475239622071016	1.6194833092751546e-9
0.10597615820181366	1.6224933198043835e-9
0.10720603899282274	1.6255270398834262e-9
0.10844206918778684	1.6285847131153374e-9
0.10968427953372567	1.631666586344882e-9
0.1109327009313943	1.6347729097122612e-9
0.11218736443605135	1.637903936707917e-9
0.11344830125823162	1.6410599242283237e-9
0.11471554276452282	1.6442411326329562e-9
0.11598912047834534	1.647447825802369e-9
0.11726906608073695	1.6506802711974607e-9
0.11855541141114062	1.6539387399198989e-9
0.11984818846819621	1.657223506773792e-9
0.12114742941053713	1.6605348503285733e-9
0.12245316655758978	1.663873052983167e-9
0.1237654323903777	1.6672384010314938e-9
0.12508425955232963	1.6706311847292529e-9
0.12640968085009122	1.6740516983621418e-9
0.1277417292543416	1.6775002403153976e-9
0.1290804379006133	1.680977113144828e-9
0.13042584009011637	1.6844826236492837e-9
0.1317779692905669	1.6880170829446434e-9
0.13313685913701961	1.69158080653936e-9
0.13450254343270476	1.6951741144115128e-9
0.13587505614986833	1.6987973310875664e-9
0.13725443143061763	1.7024507857226727e-9
0.13864070358777073	1.7061348121828352e-9
0.14003390710570945	1.7098497491285739e-9
0.14143407664123803	1.71359594010062e-9
0.1428412470244442	1.7173737336072252e-9
0.1442554532595664	1.7211834832134896e-9
0.14567673052586416	1.7250255476324904e-9
0.1471051141784935	1.7289002908184546e-9
0.14854063974938603	1.7328080820618877e-9
0.149983342948133	1.7367492960867949e-9
0.15143325966287374	1.7407243131500427e-9
0.15289042596118813	1.7447335191427617e-9
0.15435487809099402	1.7487773056941703e-9
0.15582665248144906	1.7528560702774754e-9
0.1573057857438562	1.756970216318261e-9
0.15879231467257537	1.7611201533051991e-9
0.16028627624593816	1.765306296903217e-9
0.16178770762716785	1.7695290690692214e-9
0.16329664616530362	1.773788898170379e-9
0.16481312939613008	1.77808621910508e-9
0.1663371950431107	1.7824214734266032e-9
0.16786888101832628	1.7867951094695551e-9
0.1694082254234178	1.7912075824792725e-9
0.1709552665505349	1.795659354744025e-9
0.17251004288328747	1.800150895730354e-9
0.17407259309770393	1.804682682221487e-9
0.17564295606319252	1.8092551984588959e-9
0.17722117084350858	1.8138689362871732e-9
0.17880727669772617	1.8185243953022471e-9
0.18040131308121476	1.8232220830030534e-9
0.18200331964662084	1.8279625149467386e-9
0.18361333624485401	1.8327462149075012e-9
0.18523140292607826	1.8375737150391577e-9
0.18685755994070874	1.8424455560416242e-9
0.1884918477404122	1.8473622873312173e-9
0.19013430697911424	1.8523244672151473e-9
0.1917849785140098	1.8573326630699984e-9
0.19344390340657974	1.862387451524742e-9
0.19511112292361268	1.8674894186478873e-9
0.1967866785382308	1.8726391601393347e-9
0.19847061193092203	1.877837281526821e-9
0.20016296499057665	1.8830843983670915e-9
0.20186377981552947	1.88838113645216e-9
0.2035730987146071	1.893728132020389e-9
0.20529096420818022	1.8991260319730054e-9
0.20701741902922113	1.9045754940957493e-9
0.20875250612436722	1.9100771872862183e-9
0.210496268654989	1.9156317917867683e-9
0.21224874999826396	1.921239999423253e-9
0.21400999374825516	1.9269025138497625e-9
0.21578004371699644	1.9326200507995833e-9
0.21755894393558148	1.9383933383424524e-9
0.2193467386552594	1.944223117148342e-9
0.22114347234853576	1.9501101407580595e-9
0.22294918971027836	1.956055175860662e-9
0.2247639356588297	1.9620590025781307e-9
0.2265877553371239	1.9681224147573202e-9
0.2284206941138094	1.9742462202694892e-9
0.23026279758437848	1.98043124131763e-9
0.23211411157230027	1.986678314751939e-9
0.23397468213016168	1.9929882923933683e-9
0.23584455554081238	1.9993620413658956e-9
0.23772377831851643	2.0058004444375044e-9
0.23961239721010893	2.0123044003702385e-9
0.24151045919615952	2.018874824279633e-9
0.24341801149214037	2.0255126480037323e-9
0.24533510154960114	2.032218820482105e-9
0.24726177705734917	2.0389943081450733e-9
0.24919808594263576	2.0458400953134834e-9
0.251144076372349	2.0527571846094798e-9
0.2530997967542107	2.059746597378408e-9
0.2550652957379817	2.0668093741224123e-9
0.2570406222166717	2.073946574945993e-9
0.2590258253277551	2.0811592800138602e-9
0.26102095445439405	2.088448590021667e-9
0.2630260592266659	2.095815626679849e-9
0.2650411895227993	2.10326153321103e-9
0.2670663954704134	2.110787474861597e-9
0.26910172744776534	2.1183946394276648e-9
0.27114723608500396	2.126084237796046e-9
0.27320297226542917	2.1338575045008175e-9
0.27526898712675635	2.1417156982957583e-9
0.27734533206239	2.1496601027433216e-9
0.2794320587227019	2.157692026820796e-9
0.2815292190163153	2.1658128055440784e-9
0.2836368651113967	2.1740238006096485e-9
0.28575504943695385	2.1823264010555788e-9
0.28788382468413853	2.1907220239418146e-9
0.29002324380755934	2.1992121150509935e-9
0.29217336002659705	2.2077981496098896e-9
0.29433422682673016	2.216481633032552e-9
0.29650589796086374	2.2252641016858837e-9
0.29868842745066804	2.2341471236783016e-9
0.30088186958792124	2.243132299672394e-9
0.3030862789358609	2.25222126372235e-9
0.30530171033054027	2.261415684137205e-9
0.307528218882193	2.2707172643705146e-9
0.30976585997660405	2.280127743937723e-9
0.312014689276487	2.2896488993620687e-9
0.31427476272286925	2.299282545150069e-9
0.3165461365364837	2.3090305347975925e-9
0.3188288672191662	2.318894761827834e-9
0.32112301155526213	2.3288771608621663e-9
0.32342862661303834	2.338979708725167e-9
0.3257457697461036	2.349204425585117e-9
0.32807449859483384	2.359553376131131e-9
0.3304148710878078	2.3700286707885463e-9
0.33276694544324686	2.3806324669738188e-9
0.33513078017046305	2.3913669703904137e-9
0.33750643407131514	2.402234436367393e-9
0.3398939662416715	2.413237171242196e-9
0.3422934360728799	2.4243775337893783e-9
0.34470490325324404	2.435657936697095e-9
0.3471284277695101	2.4470808480930117e-9
0.34956406990835764	2.4586487931219047e-9
0.3520118902578995	2.470364355576541e-9
0.354471949709189	2.4822301795844302e-9
0.3569443094577349	2.4942489713522243e-9
0.3594290310050235	2.5064235009702605e-9
0.3619261761600484	2.518756604279664e-9
0.3644358070408486	2.5312511848045258e-9
0.36695798607605284	2.5439102157517235e-9
0.36949277600643327	2.5567367420810966e-9
0.37204023988646523	2.569733882649072e-9
0.3746004410858973	2.582904832428561e-9
0.3771734432913268	2.5962528648082242e-9
0.3797593105077832	2.609781333974711e-9
0.3823581070603219	2.6234936773809934e-9
0.38496989759562367	2.637393418304648e-9
0.3875947470836016	2.6514841684996898e-9
0.3902327208190196	2.6657696309462994e-9
0.3928838844231145	2.6802536027020165e-9
0.39554830384522993	2.6949399778594813e-9
0.3982260453644561	2.7098327506147416e-9
0.4009171755912785	2.7249360184513053e-9
0.40362176146923495	2.7402539854446987e-9
0.40633987027658097	2.75579096569321e-9
0.4090715696279639	2.771551386879996e-9
0.4118169274761037	2.787539793972746e-9
0.4145760121134843	2.8037608530667375e-9
0.4173488921740515	2.8202193553781143e-9
0.4201356366349219	2.8369202213938067e-9
0.42293631481809635	2.853868505185532e-9
0.4257509963921868	2.8710693988953027e-9
0.42857975137414767	2.888528237400203e-9
0.43142265013101855	2.906250503165022e-9
0.43427976338167373	2.924241831291363e-9
0.43715116219858224	2.942508014772526e-9
0.44003691800957523	2.9610550099636963e-9
0.44293710259962304	2.9798889422780376e-9
0.4458517881126211	2.9990161121192616e-9
0.44878104705318417	3.018443001062022e-9
0.45172495228844983	3.038176278292421e-9
0.45468357704989204	3.0582228073209433e-9
0.4576569949351413	3.0785896529817257e-9
0.46064527990981685	3.0992840887315838e-9
0.4636485063093658	3.1203136042645795e-9
0.4666667488409128	3.1416859134572087e-9
0.4697000825851173	3.1634089626612376e-9
0.4727485829980427	3.185490939361725e-9
0.47581232591303285	3.207940281219018e-9
0.478891387542598	3.23076568551435e-9
0.48198584448031084	3.253976119019931e-9
0.4850957737027124	3.27758082831572e-9
0.48822125257122595	3.3015893505763974e-9
0.49136235883408197	3.3260115248532286e-9
0.4945191706282523	3.350857503877368e-9
0.4976917664813935	3.376137766412324e-9
0.5008802253138004	3.4018631301855025e-9
0.5040846264403696	3.4280447654300877e-9
0.5073050495725715	3.4546942090706404e-9
0.5105415748204343	3.4818233795884115e-9
0.5137942826945365	3.509444592603442e-9
0.517063254108009	3.5375705772139245e-9
0.5203485703785492	3.566214493135685e-9
0.5236503132304419	3.5953899486867485e-9
0.5269685647965939	3.625111019665925e-9
0.5303034076205766	3.6553922691762974e-9
0.5336549246586795	3.6862487684491595e-9
0.5370231992819728	3.7176961187263815e-9
0.5404083152783826	3.749750474264194e-9
0.5438103568547747	3.7824285665244346e-9
0.5472294086390483	3.815747729624862e-9
0.5506655556822436	3.849725927124473e-9
0.5541188834606549	3.8843817802247605e-9
0.5575894778779582	3.9197345974742275e-9
0.5610774252673477	3.955804406068808e-9
0.5645828123936844	3.9926119848478504e-9
0.5681057264556525	4.03017889909196e-9
0.5716462550879309	4.06852753723773e-9
0.5752044863633705	4.107681149630485e-9
0.5787805087951873	4.147663889448129e-9
0.5823744113391631	4.188500855935519e-9
0.5859862833958588	4.23021814010246e-9
0.5896162148128381	4.272842873047181e-9
0.5932642958869024	4.316403277080893e-9
0.5969306173663369	4.36092871984226e-9
0.6006152704531684	4.406449771604611e-9
0.6043183468054344	4.4529982659950704e-9
0.6080399385394615	4.5006073643614285e-9
0.6117801382321587	4.54931162404197e-9
0.6155390389233192	4.599147070813081e-9
0.6193167341179359	4.6501512758126596e-9
0.6231133177885255	4.702363437260472e-9
0.6269288843774683	4.755824467324358e-9
0.6307635287993556	4.810577084509555e-9
0.6346173464433522	4.866665911980311e-9
0.6384904331755688	4.924137582257917e-9
0.6423828853414466	4.983040848778128e-9
0.6462947997681537	5.043426704832011e-9
0.6502262737669944	5.105348510461508e-9
0.6541774051358293	5.168862127931841e-9
0.6581482921615082	5.234026066458401e-9
0.6621390336223156	5.300901636929727e-9
0.6661497287904271	5.3695531174347365e-9
0.6701804774343789	5.440047930480406e-9
0.6742313798215507	5.512456832869317e-9
0.6783025367206585	5.586854119301461e-9
0.682394049404262	5.663317840868e-9
0.6865060196512833	5.741930039722019e-9
0.6906385497495399	5.822777001341162e-9
0.6947917424982876	5.905949525941364e-9
0.6989657012107791	5.991543220766514e-9
0.7031605297168331	6.079658815157735e-9
0.7073763323654171	6.170402500516409e-9
0.7116132140272443	6.263886297503647e-9
0.7158712800973803	6.360228453082839e-9
0.7201506364978669	6.459553870308476e-9
0.724451389680356	6.561994574101171e-9
0.7287736466287575	6.667690216633072e-9
0.7331175148619014	6.776788626383282e-9
0.737483102436211	6.889446405425521e-9
0.7418705179483918	7.005829580079853e-9
0.7462798705381338	7.1261143107205755e-9
0.7507112698908246	7.250487667290491e-9
0.7551648262402787	7.3791484779471015e-9
0.7596406503714802	7.512308259280463e-9
0.7641388536233378	7.650192237722426e-9
0.7686595478914543	7.793040473138223e-9
0.7732028456309116	7.941109097193465e-9
0.777768859859066	8.094671680969147e-9
0.7823577041583611	8.25402074849968e-9
0.7869694926791531	8.419469455507449e-9
0.7916043401425489	8.591353455671094e-9
0.7962623618432616	8.770032980399018e-9
0.8009436736524779	8.955895162388947e-9
0.8056483920207402	9.14935663838951e-9
0.8103766339808439	9.350866472707347e-9
0.8151285171507483	9.560909450341643e-9
0.8199041597365018	9.780009797425864e-9
0.8247036805351844	1.0008735397250593e-8
0.8295271989378604	1.0247702582910122e-8
0.8343748349325497	1.0497581603053211e-8
0.8392467091072124	1.0759102875926257e-8
0.8441429426527486	1.1033064169614431e-8
0.8490636573660123	1.1320338874039474e-8
0.8540089756528424	1.1621885564005535e-8
0.8589790205311068	1.1938759093814942e-8
0.8639739156337622	1.2272123514484138e-8
0.868973915633762	1.2621844104712766e-8
0.8739739156337618	1.2988744762624788e-8
0.8789739156337616	1.3374101547580668e-8
0.8839739156337615	1.3779326172507251e-8
0.8889739156337613	1.4205985040173856e-8
0.893973915633761	1.465582146151747e-8
0.8989739156337608	1.5130781641244805e-8
0.9039739156337606	1.5633045128587975e-8
0.9089739156337604	1.6165060566281738e-8
0.9139739156337602	1.672958773279748e-8
0.91897391563376	1.7329747066977217e-8
0.9239739156337599	1.7969078096909945e-8
0.9289739156337596	1.8651608473894312e-8
0.9339739156337594	1.9381935646955077e-8
0.9389739156337592	2.01653236147664e-8
0.943973915633759	2.1007817673386217e-8
0.9489739156337588	2.1916380656036128e-8
0.9539739156337586	2.2899054854553216e-8
0.9589739156337583	2.3965154644351382e-8
0.9639739156337582	2.5125495833552478e-8
0.968973915633758	2.6392668955860826e-8
0.9739739156337578	2.7781365165831706e-8
0.9789739156337576	2.9308765122568777e-8
0.9839739156337574	3.0995003321283314e-8
0.9889739156337571	3.286372282074283e-8
0.9939739156337569	3.4942738301402314e-8
0.9989739156337567	3.726482897324608e-8
1.0039739156337566	3.9868687153123454e-8
1.0089739156337563	4.280005349095827e-8
1.0139739156337562	4.611307601307665e-8
1.0189739156337558	4.9871937572523765e-8
1.0239739156337557	5.415280519388237e-8
1.0289739156337556	5.904616546392806e-8
1.0339739156337553	6.465962289531212e-8
1.0389739156337552	7.112125349051086e-8
1.0439739156337549	7.85836240470416e-8
1.0489739156337547	8.722860965456238e-8
1.0539739156337544	9.727316802925363e-8
1.0589739156337543	1.089762606269409e-7
1.0639739156337542	1.2264714783717915e-7
1.0689739156337539	1.386553301204952e-7
1.0739739156337538	1.5744246004268293e-7
1.0789739156337534	1.7953661334299186e-7
1.0839739156337533	2.055693822665486e-7
1.088973915633753	2.3629634350655047e-7
1.093973915633753	2.726215586798964e-7
1.0989739156337526	3.156268901024931e-7
1.1039739156337525	3.666070619346727e-7
1.1089739156337524	4.271115701476742e-7
1.113973915633752	4.989947482639274e-7
1.118973915633752	5.844755339127512e-7
1.1239739156337516	6.862087587581973e-7
1.1289739156337515	8.073701064126742e-7
1.1339739156337512	9.51757254739293e-7
1.138973915633751	1.123910145420291e-6
1.143973915633751	1.3292538089787905e-6
1.1489739156337506	1.5742677200928794e-6
1.1539739156337505	1.8666862655420267e-6
1.1589739156337502	2.215735569985483e-6
1.16397391563375	2.6324126295710272e-6
1.1689739156337497	3.129813424675627e-6
1.1739739156337496	3.7235173780366017e-6
1.1789739156337493	4.432036126167037e-6
1.1839739156337492	5.277334981825023e-6
1.187980436725312	6.0707636628144095e-6
1.1919869578168745	6.984196958906403e-6
1.1959934789084372	8.035391436881706e-6
1.2	9.244608088069239e-6
