0.0006999999999999628	4.4164864931118856e-8
0.001403500000000035	4.4200000889243126e-8
0.0021105174999999296	4.4235356918213334e-8
0.0028210700874998964	4.427093499987923e-8
0.003535175437937438	4.4306736805173905e-8
0.004252851315127062	4.4342764015619545e-8
0.004974115571702636	4.437901832681845e-8
0.005698986149561044	4.4415501448967605e-8
0.006427481080308875	4.445221510725068e-8
0.007159618485710418	4.448916104216943e-8
0.007895416578138905	4.4526341009831773e-8
0.008634893661029494	4.45637567822219e-8
0.00937806812933463	4.460141014745683e-8
0.010124958469981361	4.4639302910029564e-8
0.010875583262331262	4.46774368910418e-8
0.01162996117864295	4.471581392844152e-8
0.012388110984536127	4.47544358772497e-8
0.013150051539458866	4.4793304609790567e-8
0.013915801797156208	4.483242201591775e-8
0.014685380806142003	4.48717900032422e-8
0.015458807710172712	4.491141049736258e-8
0.01623610174872358	4.4951285442092996e-8
0.017017282257467212	4.499141679968909e-8
0.017802368668754516	4.503180655109058e-8
0.01859138051209827	4.507245669614403e-8
0.019384337414658823	4.5113369253846685e-8
0.020181259101732015	4.51545462625805e-8
0.020982165397240727	4.5195989780356475e-8
0.02178707622422691	4.523770188505317e-8
0.02259601160534814	4.527968467466692e-8
0.02340899166337483	4.532194026755916e-8
0.024226036621691812	4.536447080270939e-8
0.02504716680480027	4.5407278439967885e-8
0.025872402638824326	4.5450365360316646e-8
0.02670176465201842	4.549373376612977e-8
0.02753527347527842	4.553738588143674e-8
0.028372949842654864	4.5581323952196e-8
0.0292148145918682	4.562555024656097e-8
0.03006088866482743	4.567006705516028e-8
0.03091119310815165	4.571487669137612e-8
0.0317657490736924	4.5759981491627946e-8
0.03262457781906081	4.580538381566128e-8
0.03348770070815601	4.5851086046836666e-8
0.034355139211696875	4.58970905924287e-8
0.035226914907755424	4.594339988392454e-8
0.03610304948229413	4.5990016377329754e-8
0.03698356472970569	4.603694255347456e-8
0.03786848255335419	4.608418091833208e-8
0.038757824966120964	4.613173400333087e-8
0.03965161409095162	4.617960436568344e-8
0.04054987216140643	4.6227794588708786e-8
0.04145262152221345	4.627630728216849e-8
0.04235988462982453	4.6325145082605726e-8
0.04327168405297366	4.6374310653682565e-8
0.0441880424732386	4.642380668653181e-8
0.04510898268560485	4.647363590011024e-8
0.046034527599032954	4.652380104155598e-8
0.04696470023702812	4.6574304886553455e-8
0.04789952373821329	4.662515023970108e-8
0.048839021356904266	4.6676339934887713e-8
0.04978321646368884	4.6727876835677154e-8
0.05073213254600732	4.677976383569048e-8
0.05168579320873729	4.6832003859000275e-8
0.052644222174780875	4.6884599860532185e-8
0.05360744328565471	4.6937554826466455e-8
0.054575480502083065	4.69908717746538e-8
0.055548357904593434	4.704455375503144e-8
0.056526099694116344	4.709860385004687e-8
0.0575087301925869	4.7153025175094326e-8
0.05849627384354973	4.7207820878947564e-8
0.05948875521276744	4.726299414420577e-8
0.06048619898883127	4.7318548187753465e-8
0.061488629983775384	4.737448626121037e-8
0.06249607313369419	4.7430811651403196e-8
0.06350855349936275	4.748752768084405e-8
0.06452609626685958	4.754463770820401e-8
0.06554872674819387	4.760214512881136e-8
0.06657647038193484	4.766005337514489e-8
0.06760935273384447	4.771836591734175e-8
0.06864739949751365	4.777708626371308e-8
0.0696906364950013	4.7836217961264246e-8
0.07073908967747639	4.7895764596227635e-8
0.07179278512586384	4.795572979460238e-8
0.07285174905149322	4.801611722270495e-8
0.0739160077967507	4.8076930587725634e-8
0.07498558783573436	4.8138173638295795e-8
0.07606051577491299	4.819985016506596e-8
0.07714081835378758	4.8261964001291104e-8
0.07822652244555647	4.832451902342623e-8
0.07931765505778425	4.838751915173614e-8
0.0804142433330731	4.84509683509071e-8
0.08151631454973848	4.851487063067749e-8
0.08262389612248718	4.8579230046472696e-8
0.0837370156030995	4.864405070005369e-8
0.0848557006811149	4.8709336740178514e-8
0.0859799791845205	4.8775092363268206e-8
0.08710987908044313	4.884132181409369e-8
0.08824542847584534	4.890802938646644e-8
0.08938665561822454	4.8975219423942935e-8
0.09053358889631567	4.904289632054533e-8
0.09168625684079722	4.911106452149009e-8
0.09284468812500112	4.9179728523928345e-8
0.09400891156562617	4.9248892877708284e-8
0.0951789561234543	4.9318562186133676e-8
0.09635485090407148	4.9388741106755076e-8
0.09753662515859184	4.9459434352160836e-8
0.0987243082843847	4.953064669078885e-8
0.09991792982580656	4.9602382947749776e-8
0.10111751947493569	4.967464800566664e-8
0.10232310707231031	4.974744680552665e-8
0.1035347226076718	4.9820784347552154e-8
0.10475239622071016	4.9894665692083635e-8
0.10597615820181366	4.996909596047786e-8
0.10720603899282274	5.004408033603052e-8
0.10844206918778684	5.011962406489909e-8
0.10968427953372567	5.019573245706021e-8
0.1109327009313943	5.027241088727396e-8
0.11218736443605135	5.0349664796065773e-8
0.11344830125823162	5.04274996907321e-8
0.11471554276452282	5.050592114635785e-8
0.11598912047834534	5.058493480685694e-8
0.11726906608073695	5.066454638602908e-8
0.11855541141114062	5.074476166863887e-8
0.11984818846819621	5.082558651151419e-8
0.12114742941053713	5.0907026844658034e-8
0.12245316655758978	5.098908867239503e-8
0.1237654323903777	5.1071778074526655e-8
0.12508425955232963	5.1155101207511604e-8
0.12640968085009122	5.1239064305672744e-8
0.1277417292543416	5.132367368242201e-8
0.1290804379006133	5.140893573150887e-8
0.13042584009011637	5.149485692829286e-8
0.1317779692905669	5.1581443831043794e-8
0.13313685913701961	5.166870308226041e-8
0.13450254343270476	5.175664141001701e-8
0.13587505614986833	5.1845265629340875e-8
0.13725443143061763	5.193458264360489e-8
0.13864070358777073	5.2024599445959676e-8
0.14003390710570945	5.211532312078259e-8
0.14143407664123803	5.22067608451639e-8
0.1428412470244442	5.229891989041481e-8
0.1442554532595664	5.239180762360645e-8
0.14567673052586416	5.2485431509143846e-8
0.1471051141784935	5.257979911036585e-8
0.14854063974938603	5.2674918091175236e-8
0.149983342948133	5.2770796217707423e-8
0.15143325966287374	5.28674413600284e-8
0.15289042596118813	5.296486149386355e-8
0.15435487809099402	5.306306470236414e-8
0.15582665248144906	5.316205917791372e-8
0.1573057857438562	5.326185322396173e-8
0.15879231467257537	5.3362455256897577e-8
0.16028627624593816	5.3463873807968705e-8
0.16178770762716785	5.3566117525226786e-8
0.16329664616530362	5.3669195175523856e-8
0.16481312939613008	5.377311564653919e-8
0.1663371950431107	5.387788794885846e-8
0.16786888101832628	5.3983521218085214e-8
0.1694082254234178	5.40900247170024e-8
0.1709552665505349	5.4197407837779555e-8
0.17251004288328747	5.4305680104221105e-8
0.17407259309770393	5.441485117406061e-8
0.17564295606319252	5.452493084131262e-8
0.17722117084350858	5.4635929038661966e-8
0.17880727669772617	5.474785583990888e-8
0.18040131308121476	5.486072146246932e-8
0.18200331964662084	5.497453626992028e-8
0.18361333624485401	5.5089310774604726e-8
0.18523140292607826	5.520505564029144e-8
0.18685755994070874	5.532178168488988e-8
0.1884918477404122	5.5439499883224476e-8
0.19013430697911424	5.555822136986996e-8
0.1917849785140098	5.56779574420476e-8
0.19344390340657974	5.579871956258027e-8
0.19511112292361268	5.592051936291708e-8
0.1967866785382308	5.6043368646223444e-8
0.19847061193092203	5.6167279390535633e-8
0.20016296499057665	5.629226375198915e-8
0.20186377981552947	5.641833406811316e-8
0.2035730987146071	5.654550286120363e-8
0.20529096420818022	5.6673782841766525e-8
0.20701741902922113	5.6803186912043794e-8
0.20875250612436722	5.693372816961097e-8
0.210496268654989	5.7065419911063284e-8
0.21224874999826396	5.7198275635779025e-8
0.21400999374825516	5.7332309049769257e-8
0.21578004371699644	5.7467534069619126e-8
0.21755894393558148	5.7603964826516386e-8
0.2193467386552594	5.774161567037029e-8
0.22114347234853576	5.7880501174029765e-8
0.22294918971027836	5.80206361375928e-8
0.2247639356588297	5.8162035592822514e-8
0.2265877553371239	5.8304714807661876e-8
0.2284206941138094	5.844868929085348e-8
0.23026279758437848	5.859397479667033e-8
0.23211411157230027	5.874058732975665e-8
0.23397468213016168	5.888854315008143e-8
0.23584455554081238	5.903785877801104e-8
0.23772377831851643	5.9188550999503884e-8
0.23961239721010893	5.934063687142381e-8
0.24151045919615952	5.949413372699099e-8
0.24341801149214037	5.964905918135264e-8
0.24533510154960114	5.980543113729517e-8
0.24726177705734917	5.99632677910929e-8
0.24919808594263576	6.012258763849836e-8
0.251144076372349	6.02834094808872e-8
0.2530997967542107	6.044575243153822e-8
0.2550652957379817	6.060963592208332e-8
0.2570406222166717	6.077507970910829e-8
0.2590258253277551	6.094210388092149e-8
0.26102095445439405	6.11107288644912e-8
0.2630260592266659	6.128097543255333e-8
0.2650411895227993	6.145286471090328e-8
0.2670663954704134	6.162641818587027e-8
0.26910172744776534	6.180165771197549e-8
0.27114723608500396	6.197860551979639e-8
0.27320297226542917	6.215728422401997e-8
0.27526898712675635	6.23377168317122e-8
0.27734533206239	6.251992675079614e-8
0.2794320587227019	6.270393779875284e-8
0.2815292190163153	6.288977421154438e-8
0.2836368651113967	6.307746065276925e-8
0.28575504943695385	6.326702222306961e-8
0.28788382468413853	6.345848446976601e-8
0.29002324380755934	6.365187339676558e-8
0.29217336002659705	6.384721547472573e-8
0.29433422682673016	6.404453765148868e-8
0.29650589796086374	6.424386736279167e-8
0.29868842745066804	6.444523254327871e-8
0.30088186958792124	6.464866163779601e-8
0.3030862789358609	6.485418361299831e-8
0.30530171033054027	6.506182796928104e-8
0.307528218882193	6.527162475302023e-8
0.30976585997660405	6.548360456916593e-8
0.312014689276487	6.569779859418118e-8
0.31427476272286925	6.591423858933091e-8
0.3165461365364837	6.61329569143519e-8
0.3188288672191662	6.635398654149746e-8
0.32112301155526213	6.657736106998427e-8
0.32342862661303834	6.68031147408466e-8
0.3257457697461036	6.703128245220371e-8
0.32807449859483384	6.726189977497588e-8
0.3304148710878078	6.749500296904315e-8
0.33276694544324686	6.773062899986816e-8
0.33513078017046305	6.79688155556079e-8
0.33750643407131514	6.82096010647122e-8
0.3398939662416715	6.845302471404727e-8
0.3422934360728799	6.869912646754247e-8
0.34470490325324404	6.89479470853896e-8
0.3471284277695101	6.919952814381568e-8
0.34956406990835764	6.945391205543643e-8
0.3520118902578995	6.971114209022511e-8
0.354471949709189	6.99712623971086e-8
0.3569443094577349	7.023431802621556e-8
0.3594290310050235	7.050035495180599e-8
0.3619261761600484	7.076942009588807e-8
0.3644358070408486	7.104156135257321e-8
0.36695798607605284	7.131682761317218e-8
0.36949277600643327	7.159526879207278e-8
0.37204023988646523	7.187693585341715e-8
0.3746004410858973	7.216188083862621e-8
0.3771734432913268	7.245015689477555e-8
0.3797593105077832	7.274181830387362e-8
0.3823581070603219	7.303692051307362e-8
0.38496989759562367	7.333552016584582e-8
0.3875947470836016	7.363767513415149e-8
0.3902327208190196	7.394344455165619e-8
0.3928838844231145	7.425288884801791e-8
0.39554830384522993	7.456606978429395e-8
0.3982260453644561	7.488305048951092e-8
0.4009171755912785	7.520389549844169e-8
0.40362176146923495	7.55286707906219e-8
0.40633987027658097	7.585744383068407e-8
0.4090715696279639	7.619028361002882e-8
0.4118169274761037	7.652726068990676e-8
0.4145760121134843	7.686844724595243e-8
0.4173488921740515	7.721391711424221e-8
0.4201356366349219	7.756374583892828e-8
0.42293631481809635	7.79180107215033e-8
0.4257509963921868	7.827679087178942e-8
0.42857975137414767	7.864016726067359e-8
0.43142265013101855	7.900822277471919e-8
0.43427976338167373	7.938104227268939e-8
0.43715116219858224	7.975871264406286e-8
0.44003691800957523	8.014132286965077e-8
0.44293710259962304	8.052896408437397e-8
0.4458517881126211	8.092172964230322e-8
0.44878104705318417	8.131971518406463e-8
0.45172495228844983	8.172301870669977e-8
0.45468357704989204	8.213174063607736e-8
0.4576569949351413	8.25459839020053e-8
0.46064527990981685	8.296585401609052e-8
0.4636485063093658	8.339145915254877e-8
0.4666667488409128	8.382291023201746e-8
0.4697000825851173	8.426032100855928e-8
0.4727485829980427	8.470380815995973e-8
0.47581232591303285	8.515349138150121e-8
0.478891387542598	8.560949348332267e-8
0.48198584448031084	8.607194049156762e-8
0.4850957737027124	8.654096175348326e-8
0.48822125257122595	8.701669004663057e-8
0.49136235883408197	8.749926169241544e-8
0.4945191706282523	8.798881667413277e-8
0.4976917664813935	8.84854987597329e-8
0.5008802253138004	8.898945562953539e-8
0.5040846264403696	8.95008390091111e-8
0.5073050495725715	9.001980480760204e-8
0.5105415748204343	9.05465132617089e-8
0.5137942826945365	9.108112908563773e-8
0.517063254108009	9.162382162729557e-8
0.5203485703785492	9.217476503102049e-8
0.5236503132304419	9.273413840718831e-8
0.5269685647965939	9.330212600902861e-8
0.5303034076205766	9.387891741698628e-8
0.5336549246586795	9.446470773105767e-8
0.5370231992819728	9.50596977714448e-8
0.5404083152783826	9.566409428798305e-8
0.5438103568547747	9.627811017879207e-8
0.5472294086390483	9.690196471861366e-8
0.5506655556822436	9.753588379733476e-8
0.5541188834606549	9.818010016924576e-8
0.5575894778779582	9.883485371357778e-8
0.5610774252673477	9.950039170693828e-8
0.5645828123936844	1.0017696910825444e-7
0.5681057264556525	1.0086484885693116e-7
0.5716462550879309	1.015643021849006e-7
0.5752044863633705	1.0227560894335402e-7
0.5787805087951873	1.0299905794494354e-7
0.5823744113391631	1.0373494732232138e-7
0.5859862833958588	1.0448358490392917e-7
0.5896162148128381	1.0524528860800067e-7
0.5932642958869024	1.0602038685582509e-7
0.5969306173663369	1.0680921900534728e-7
0.6006152704531684	1.0761213580631271e-7
0.6043183468054344	1.0842949987817924e-7
0.6080399385394615	1.0926168621213586e-7
0.6117801382321587	1.1010908269867303e-7
0.6155390389233192	1.1097209068218897e-7
0.6193167341179359	1.1185112554428483e-7
0.6231133177885255	1.1274661731747987e-7
0.6269288843774683	1.1365901133118557e-7
0.6307635287993556	1.1458876889195309e-7
0.6346173464433522	1.155363680000957e-7
0.6384904331755688	1.1650230410499111e-7
0.6423828853414466	1.174870909014677e-7
0.6462947997681537	1.1849126116994584e-7
0.6502262737669944	1.1951536766310912e-7
0.6541774051358293	1.2055998404213312e-7
0.6581482921615082	1.216257058657229e-7
0.6621390336223156	1.2271315163546083e-7
0.6661497287904271	1.2382296390118486e-7
0.6701804774343789	1.24955810430492e-7
0.6742313798215507	1.2611238544667124e-7
0.6783025367206585	1.272934109398041e-7
0.682394049404262	1.2849963805610733e-7
0.6865060196512833	1.2973184857095396e-7
0.6906385497495399	1.3099085645155344e-7
0.6947917424982876	1.3227750951563835e-7
0.6989657012107791	1.3359269119314896e-7
0.7031605297168331	1.3493732239838992e-7
0.7073763323654171	1.3631236352084107e-7
0.7116132140272443	1.3771881654346471e-7
0.7158712800973803	1.391577272981499e-7
0.7201506364978669	1.4063018786873078e-7
0.724451389680356	1.421373391530312e-7
0.7287736466287575	1.436803735963438e-7
0.7331175148619014	1.4526053810993753e-7
0.737483102436211	1.468791371894347e-7
0.7418705179483918	1.4853753624931527e-7
0.7462798705381338	1.5023716519138653e-7
0.7507112698908246	1.5197952222672354e-7
0.7551648262402787	1.5376617797266824e-7
0.7596406503714802	1.5559877984848535e-7
0.7641388536233378	1.5747905679589267e-7
0.7686595478914543	1.594088243533263e-7
0.7732028456309116	1.613899901158927e-7
0.777768859859066	1.6342455961656562e-7
0.7823577041583611	1.6551464266812094e-7
0.7869694926791531	1.6766246020975793e-7
0.7916043401425489	1.698703517076886e-7
0.7962623618432616	1.721407831647261e-7
0.8009436736524779	1.744763558008078e-7
0.8056483920207402	1.7687981547419628e-7
0.8103766339808439	1.7935406292212725e-7
0.8151285171507483	1.8190216491020278e-7
0.8199041597365018	1.8452736639208808e-7
0.8247036805351844	1.8723310379536137e-7
0.8295271989378604	1.900230195660837e-7
0.8343748349325497	1.929009781245803e-7
0.8392467091072124	1.9587108340808507e-7
0.8441429426527486	1.98937698203789e-7
0.8490636573660123	2.021054655086842e-7
0.8540089756528424	2.0537933219209364e-7
0.8589790205311068	2.0876457528407097e-7
0.8639739156337622	2.1226683126963182e-7
0.868973915633762	2.158775654108146e-7
0.8739739156337618	2.195979419995051e-7
0.8789739156337616	2.2343294722714955e-7
0.8839739156337615	2.2738788820717014e-7
0.8889739156337613	2.3146842235029046e-7
0.893973915633761	2.35680590469111e-7
0.8989739156337608	2.400308542246501e-7
0.9039739156337606	2.445261386293184e-7
0.9089739156337604	2.4917388045351573e-7
0.9139739156337602	2.5398208354200864e-7
0.91897391563376	2.5895938223660756e-7
0.9239739156337599	2.6411511432982126e-7
0.9289739156337596	2.6945940524777396e-7
0.9339739156337594	2.7500326548889783e-7
0.9389739156337592	2.8075870373891956e-7
0.943973915633759	2.867388585559371e-7
0.9489739156337588	2.929581520876756e-7
0.9539739156337586	2.9943246996626425e-7
0.9589739156337583	3.061793723469976e-7
0.9639739156337582	3.1321834204501563e-7
0.968973915633758	3.2057107691134467e-7
0.9739739156337578	3.282618350184404e-7
0.9789739156337576	3.3631784294413235e-7
0.9839739156337574	3.4476977951110146e-7
0.9889739156337571	3.536523498282079e-7
0.9939739156337569	3.6300496747553507e-7
0.9989739156337567	3.7287256628067895e-7
1.0039739156337566	3.8330656747372864e-7
1.0089739156337563	3.943660332319609e-7
1.0139739156337562	4.061190439127489e-7
1.0189739156337558	4.186443438399999e-7
1.0239739156337557	4.3203330961659236e-7
1.0289739156337556	4.4639230589381517e-7
1.0339739156337553	4.618455067144261e-7
1.0389739156337552	4.785382764086986e-7
1.0439739156337549	4.966412231027681e-7
1.0489739156337547	5.163550608437837e-7
1.0539739156337544	5.37916443934222e-7
1.0589739156337543	5.616049702285565e-7
1.0639739156337542	5.877515899955783e-7
1.0689739156337539	6.167487048237603e-7
1.0739739156337538	6.490622985434545e-7
1.0789739156337534	6.8524651117019e-7
1.0839739156337533	7.259611497231643e-7
1.088973915633753	7.719927291743368e-7
1.093973915633753	8.242797560007231e-7
1.0989739156337526	8.839431097453459e-7
1.1039739156337525	9.523225492997349e-7
1.1089739156337524	1.0310205758682248e-6
1.113973915633752	1.1219551304128067e-6
1.118973915633752	1.227422897755577e-6
1.1239739156337516	1.3501753419418378e-6
1.1289739156337515	1.493510019316263e-6
1.1339739156337512	1.6613802206528529e-6
1.138973915633751	1.8585265979111266e-6
1.143973915633751	2.090635154265259e-6
1.1489739156337506	2.36452684125583e-6
1.1539739156337505	2.6883850419245286e-6
1.1589739156337502	3.0720284562496438e-6
1.16397391563375	3.5272383830684626e-6
1.1689739156337497	4.0681511540754096e-6
1.1739739156337496	4.711728567556353e-6
1.1789739156337493	5.478321640311204e-6
1.1839739156337492	6.3923458885681586e-6
1.187980436725312	7.250692515788692e-6
1.1919869578168745	8.24013542823818e-6
1.1959934789084372	9.381161665691454e-6
1.2	1.0697479996890858e-5
