0.0006999999999999628	6.38391690915681e-8
0.001403500000000035	6.388672385455023e-8
0.0021105174999999296	6.393457411296897e-8
0.0028210700874998964	6.398272240645834e-8
0.003535175437937438	6.403117094782e-8
0.004252851315127062	6.407992196490462e-8
0.004974115571702636	6.412897770404958e-8
0.005698986149561044	6.417834043071824e-8
0.006427481080308875	6.422801242998652e-8
0.007159618485710418	6.42779960069633e-8
0.007895416578138905	6.432829348716172e-8
0.008634893661029494	6.43789072168418e-8
0.00937806812933463	6.44298395633328e-8
0.010124958469981361	6.44810929153525e-8
0.010875583262331262	6.453266968330106e-8
0.01162996117864295	6.458457229956852e-8
0.012388110984536127	6.463680321882912e-8
0.013150051539458866	6.468936491832745e-8
0.013915801797156208	6.47422598981818e-8
0.014685380806142003	6.479549068166937e-8
0.015458807710172712	6.484905981552159e-8
0.01623610174872358	6.490296987021733e-8
0.017017282257467212	6.495722344028184e-8
0.017802368668754516	6.501182314458074e-8
0.01859138051209827	6.506677162662298e-8
0.019384337414658823	6.512207155486157e-8
0.020181259101732015	6.51777256230026e-8
0.020982165397240727	6.523373655031058e-8
0.02178707622422691	6.529010708192183e-8
0.02259601160534814	6.534683998916025e-8
0.02340899166337483	6.540393806985529e-8
0.024226036621691812	6.54614041486662e-8
0.02504716680480027	6.551924107740744e-8
0.025872402638824326	6.557745173538293e-8
0.02670176465201842	6.563603902971883e-8
0.02753527347527842	6.569500589569908e-8
0.028372949842654864	6.575435529712102e-8
0.0292148145918682	6.581409022663047e-8
0.03006088866482743	6.58742137060861e-8
0.03091119310815165	6.59347287869108e-8
0.0317657490736924	6.599563855046015e-8
0.03262457781906081	6.605694610838374e-8
0.03348770070815601	6.611865460300805e-8
0.034355139211696875	6.618076720770532e-8
0.035226914907755424	6.624328712728882e-8
0.03610304948229413	6.63062175983918e-8
0.03698356472970569	6.636956188986964e-8
0.03786848255335419	6.643332330319594e-8
0.038757824966120964	6.649750517288123e-8
0.03965161409095162	6.65621108668668e-8
0.04054987216140643	6.662714378696078e-8
0.04145262152221345	6.66926073692572e-8
0.04235988462982453	6.67585050845635e-8
0.04327168405297366	6.682484043884451e-8
0.0441880424732386	6.689161697366528e-8
0.04510898268560485	6.69588382666407e-8
0.046034527599032954	6.702650793189668e-8
0.04696470023702812	6.709462962053074e-8
0.04789952373821329	6.716320702108707e-8
0.048839021356904266	6.723224386003761e-8
0.04978321646368884	6.730174390226078e-8
0.05073213254600732	6.737171095154712e-8
0.05168579320873729	6.744214885108777e-8
0.052644222174780875	6.751306148399541e-8
0.05360744328565471	6.758445277381274e-8
0.054575480502083065	6.765632668504367e-8
0.055548357904593434	6.772868722368176e-8
0.056526099694116344	6.780153843775559e-8
0.0575087301925869	6.787488441787904e-8
0.05849627384354973	6.794872929780485e-8
0.05948875521276744	6.802307725499641e-8
0.06048619898883127	6.80979325112047e-8
0.061488629983775384	6.817329933305008e-8
0.06249607313369419	6.824918203262102e-8
0.06350855349936275	6.832558496807749e-8
0.06452609626685958	6.84025125442598e-8
0.06554872674819387	6.847996921332078e-8
0.06657647038193484	6.855795947535131e-8
0.06760935273384447	6.86364878790316e-8
0.06864739949751365	6.871555902227778e-8
0.0696906364950013	6.879517755291151e-8
0.07073908967747639	6.887534816933636e-8
0.07179278512586384	6.895607562121924e-8
0.07285174905149322	6.903736471019136e-8
0.0739160077967507	6.911922029056077e-8
0.07498558783573436	6.920164727002417e-8
0.07606051577491299	6.928465061040458e-8
0.07714081835378758	6.936823532839921e-8
0.07822652244555647	6.945240649633088e-8
0.07931765505778425	6.953716924291685e-8
0.0804142433330731	6.962252875405426e-8
0.08151631454973848	6.970849027361735e-8
0.08262389612248718	6.979505910425659e-8
0.0837370156030995	6.988224060822948e-8
0.0848557006811149	6.997004020823294e-8
0.0859799791845205	7.005846338825277e-8
0.08710987908044313	7.01475156944287e-8
0.08824542847584534	7.023720273593133e-8
0.08938665561822454	7.032753018585582e-8
0.09053358889631567	7.041850378213572e-8
0.09168625684079722	7.05101293284581e-8
0.09284468812500112	7.06024126952111e-8
0.09400891156562617	7.069535982043682e-8
0.0951789561234543	7.078897671080446e-8
0.09635485090407148	7.088326944260008e-8
0.09753662515859184	7.097824416273496e-8
0.0987243082843847	7.107390708976396e-8
0.09991792982580656	7.117026451493376e-8
0.10111751947493569	7.126732280323936e-8
0.10232310707231031	7.136508839449998e-8
0.1035347226076718	7.146356780446462e-8
0.10475239622071016	7.156276762592256e-8
0.10597615820181366	7.166269452983862e-8
0.10720603899282274	7.176335526651449e-8
0.10844206918778684	7.186475666676315e-8
0.10968427953372567	7.19669056431054e-8
0.1109327009313943	7.206980919099569e-8
0.11218736443605135	7.217347439005377e-8
0.11344830125823162	7.227790840533656e-8
0.11471554276452282	7.238311848861872e-8
0.11598912047834534	7.248911197970929e-8
0.11726906608073695	7.259589630777672e-8
0.11855541141114062	7.270347899270931e-8
0.11984818846819621	7.281186764650009e-8
0.12114742941053713	7.292106997465393e-8
0.12245316655758978	7.30310937776152e-8
0.1237654323903777	7.314194695223671e-8
0.12508425955232963	7.325363749325534e-8
0.12640968085009122	7.336617349481829e-8
0.1277417292543416	7.347956315201225e-8
0.1290804379006133	7.35938147624462e-8
0.13042584009011637	7.37089367278435e-8
0.1317779692905669	7.382493755567765e-8
0.13313685913701961	7.394182586082802e-8
0.13450254343270476	7.405961036727598e-8
0.13587505614986833	7.417829990982749e-8
0.13725443143061763	7.429790343586537e-8
0.13864070358777073	7.441843000715029e-8
0.14003390710570945	7.453988880163626e-8
0.14143407664123803	7.466228911532989e-8
0.1428412470244442	7.478564036419068e-8
0.1442554532595664	7.490995208605769e-8
0.14567673052586416	7.503523394261934e-8
0.1471051141784935	7.516149572142474e-8
0.14854063974938603	7.52887473379208e-8
0.149983342948133	7.541699883754753e-8
0.15143325966287374	7.554626039785849e-8
0.15289042596118813	7.567654233068642e-8
0.15435487809099402	7.58078550843652e-8
0.15582665248144906	7.594020924597542e-8
0.1573057857438562	7.607361554364356e-8
0.15879231467257537	7.620808484889396e-8
0.16028627624593816	7.634362817903246e-8
0.16178770762716785	7.648025669959287e-8
0.16329664616530362	7.661798172682334e-8
0.16481312939613008	7.675681473022042e-8
0.1663371950431107	7.689676733512915e-8
0.16786888101832628	7.703785132537711e-8
0.1694082254234178	7.718007864597373e-8
0.1709552665505349	7.732346140586247e-8
0.17251004288328747	7.746801188072979e-8
0.17407259309770393	7.761374251586685e-8
0.17564295606319252	7.776066592909632e-8
0.17722117084350858	7.790879491375707e-8
0.17880727669772617	7.80581424417528e-8
0.18040131308121476	7.82087216666603e-8
0.18200331964662084	7.836054592690655e-8
0.18361333624485401	7.851362874900993e-8
0.18523140292607826	7.866798385088974e-8
0.18685755994070874	7.882362514525086e-8
0.1884918477404122	7.898056674302842e-8
0.19013430697911424	7.91388229569194e-8
0.1917849785140098	7.929840830498e-8
0.19344390340657974	7.94593375143062e-8
0.19511112292361268	7.962162552478542e-8
0.1967866785382308	7.978528749293596e-8
0.19847061193092203	7.995033879583073e-8
0.20016296499057665	8.011679503510071e-8
0.20186377981552947	8.028467204102831e-8
0.2035730987146071	8.045398587672795e-8
0.20529096420818022	8.062475284242469e-8
0.20701741902922113	8.079698947981757e-8
0.20875250612436722	8.097071257655082e-8
0.210496268654989	8.114593917077399e-8
0.21224874999826396	8.132268655580667e-8
0.21400999374825516	8.150097228491352e-8
0.21578004371699644	8.168081417617826e-8
0.21755894393558148	8.186223031748886e-8
0.2193467386552594	8.204523907163973e-8
0.22114347234853576	8.222985908154906e-8
0.22294918971027836	8.241610927558895e-8
0.2247639356588297	8.260400887304408e-8
0.2265877553371239	8.279357738968895e-8
0.2284206941138094	8.298483464350331e-8
0.23026279758437848	8.31778007605086e-8
0.23211411157230027	8.337249618074975e-8
0.23397468213016168	8.356894166440606e-8
0.23584455554081238	8.376715829805659e-8
0.23772377831851643	8.396716750107998e-8
0.23961239721010893	8.416899103221475e-8
0.24151045919615952	8.437265099627566e-8
0.24341801149214037	8.45781698510174e-8
0.24533510154960114	8.478557041417535e-8
0.24726177705734917	8.499487587066336e-8
0.24919808594263576	8.520610977996119e-8
0.251144076372349	8.541929608365423e-8
0.2530997967542107	8.563445911318488e-8
0.2550652957379817	8.585162359777062e-8
0.2570406222166717	8.607081467252467e-8
0.2590258253277551	8.629205788677396e-8
0.26102095445439405	8.65153792125771e-8
0.2630260592266659	8.674080505346941e-8
0.2650411895227993	8.696836225340238e-8
0.2670663954704134	8.719807810591528e-8
0.26910172744776534	8.742998036354424e-8
0.27114723608500396	8.766409724745418e-8
0.27320297226542917	8.790045745732528e-8
0.27526898712675635	8.813909018147922e-8
0.27734533206239	8.838002510726915e-8
0.2794320587227019	8.862329243173515e-8
0.2815292190163153	8.88689228725324e-8
0.2836368651113967	8.911694767913292e-8
0.28575504943695385	8.936739864432948e-8
0.28788382468413853	8.962030811603438e-8
0.29002324380755934	8.987570900937644e-8
0.29217336002659705	9.013363481912726e-8
0.29433422682673016	9.039411963244979e-8
0.29650589796086374	9.06571981419767e-8
0.29868842745066804	9.092290565925303e-8
0.30088186958792124	9.11912781285129e-8
0.3030862789358609	9.14623521408485e-8
0.30530171033054027	9.17361649487437e-8
0.307528218882193	9.201275448101114e-8
0.30976585997660405	9.229215935812074e-8
0.312014689276487	9.257441890796323e-8
0.31427476272286925	9.285957318202943e-8
0.3165461365364837	9.31476629720434e-8
0.3188288672191662	9.343872982705492e-8
0.32112301155526213	9.373281607099387e-8
0.32342862661303834	9.402996482073779e-8
0.3257457697461036	9.433022000465532e-8
0.32807449859483384	9.463362638169952e-8
0.3304148710878078	9.49402295610179e-8
0.33276694544324686	9.525007602213095e-8
0.33513078017046305	9.556321313569427e-8
0.33750643407131514	9.587968918482304e-8
0.3398939662416715	9.619955338707708e-8
0.3422934360728799	9.65228559170393e-8
0.34470490325324404	9.684964792957561e-8
0.3471284277695101	9.717998158376597e-8
0.34956406990835764	9.751391006753841e-8
0.3520118902578995	9.785148762302573e-8
0.354471949709189	9.819276957268174e-8
0.3569443094577349	9.853781234616538e-8
0.3594290310050235	9.888667350804326e-8
0.3619261761600484	9.923941178629776e-8
0.3644358070408486	9.95960871017327e-8
0.36695798607605284	9.995676059824945e-8
0.36949277600643327	1.003214946740427e-7
0.37204023988646523	1.0069035301377113e-7
0.3746004410858973	1.010634006217061e-7
0.3771734432913268	1.0144070385591558e-7
0.3797593105077832	1.0182233046350265e-7
0.3823581070603219	1.0220834961695895e-7
0.38496989759562367	1.0259883195165434e-7
0.3875947470836016	1.0299384960451447e-7
0.3902327208190196	1.033934762539298e-7
0.3928838844231145	1.037977871609331e-7
0.39554830384522993	1.0420685921171265e-7
0.3982260453644561	1.0462077096148755e-7
0.4009171755912785	1.0503960267980788e-7
0.40362176146923495	1.0546343639734651e-7
0.40633987027658097	1.0589235595420864e-7
0.4090715696279639	1.0632644704985047e-7
0.4118169274761037	1.0676579729464749e-7
0.4145760121134843	1.072104962631802e-7
0.4173488921740515	1.0766063554932191e-7
0.4201356366349219	1.0811630882315721e-7
0.42293631481809635	1.0857761188986739e-7
0.4257509963921868	1.0904464275058958e-7
0.42857975137414767	1.0951750166539505e-7
0.43142265013101855	1.0999629121840726e-7
0.43427976338167373	1.1048111638521467e-7
0.43715116219858224	1.1097208460259925e-7
0.44003691800957523	1.1146930584074897e-7
0.44293710259962304	1.1197289267798779e-7
0.4458517881126211	1.1248296037817212e-7
0.44878104705318417	1.1299962697086443e-7
0.45172495228844983	1.1352301333436252e-7
0.45468357704989204	1.1405324328173478e-7
0.4576569949351413	1.145904436500031e-7
0.46064527990981685	1.1513474439256584e-7
0.4636485063093658	1.1568627867502758e-7
0.4666667488409128	1.1624518297457613e-7
0.4697000825851173	1.1681159718306614e-7
0.4727485829980427	1.1738566471395247e-7
0.47581232591303285	1.1796753261326634e-7
0.478891387542598	1.18557351674798e-7
0.48198584448031084	1.1915527655968337e-7
0.4850957737027124	1.19761465920564e-7
0.48822125257122595	1.203760825305716e-7
0.49136235883408197	1.2099929341731713e-7
0.4945191706282523	1.2163127000212805e-7
0.4976917664813935	1.2227218824477997e-7
0.5008802253138004	1.2292222879394852e-7
0.5040846264403696	1.2358157714370306e-7
0.5073050495725715	1.242504237962571e-7
0.5105415748204343	1.2492896443131645e-7
0.5137942826945365	1.2561740008231863e-7
0.517063254108009	1.2631593731991443e-7
0.5203485703785492	1.2702478844299838e-7
0.5236503132304419	1.2774417167769576e-7
0.5269685647965939	1.2847431138466925e-7
0.5303034076205766	1.292154382751543e-7
0.5336549246586795	1.2996778963617192e-7
0.5370231992819728	1.307316095653513e-7
0.5404083152783826	1.3150714921586282e-7
0.5438103568547747	1.3229466705195408e-7
0.5472294086390483	1.3309442911564544e-7
0.5506655556822436	1.339067093051404e-7
0.5541188834606549	1.347317896655601e-7
0.5575894778779582	1.3556996069264703e-7
0.5610774252673477	1.364215216501027e-7
0.5645828123936844	1.3728678090129454e-7
0.5681057264556525	1.3816605625606726e-7
0.5716462550879309	1.3905967533350254e-7
0.5752044863633705	1.3996797594145329e-7
0.5787805087951873	1.4089130647377627e-7
0.5823744113391631	1.4183002632621468e-7
0.5859862833958588	1.4278450633201352e-7
0.5896162148128381	1.4375512921827104e-7
0.5932642958869024	1.4474229008425744e-7
0.5969306173663369	1.457463969029285e-7
0.6006152704531684	1.4676787104691606e-7
0.6043183468054344	1.4780714784044202e-7
0.6080399385394615	1.4886467713861689e-7
0.6117801382321587	1.4994092393574095e-7
0.6155390389233192	1.5103636900430075e-7
0.6193167341179359	1.5215150956646585e-7
0.6231133177885255	1.5328686000003958e-7
0.6269288843774683	1.5444295258093332e-7
0.6307635287993556	1.5562033826436808e-7
0.6346173464433522	1.5681958750719095e-7
0.6384904331755688	1.5804129113382647e-7
0.6423828853414466	1.5928606124857952e-7
0.6462947997681537	1.6055453219721158e-7
0.6502262737669944	1.6184736158089307e-7
0.6541774051358293	1.6316523132590494e-7
0.6581482921615082	1.6450884881264377e-7
0.6621390336223156	1.6587894806784278e-7
0.6661497287904271	1.672762910240785e-7
0.6701804774343789	1.6870166885114504e-7
0.6742313798215507	1.7015590336395992e-7
0.6783025367206585	1.7163984851229646e-7
0.682394049404262	1.7315439195783566e-7
0.6865060196512833	1.747004567446241e-7
0.6906385497495399	1.7627900306935757e-7
0.6947917424982876	1.7789103015858936e-7
0.6989657012107791	1.7953757826039617e-7
0.7031605297168331	1.8121973075872913e-7
0.7073763323654171	1.829386164193898e-7
0.7116132140272443	1.846954117771966e-7
0.7158712800973803	1.864913436749228e-7
0.7201506364978669	1.8832769196528032e-7
0.724451389680356	1.9020579238841915e-7
0.7287736466287575	1.921270396383437e-7
0.7331175148619014	1.9409289063297887e-7
0.737483102436211	1.9610486800391966e-7
0.7418705179483918	1.9816456382337484e-7
0.7462798705381338	2.0027364358746416e-7
0.7507112698908246	2.0243385047693438e-7
0.7551648262402787	2.0464700991833205e-7
0.7596406503714802	2.0691503447096322e-7
0.7641388536233378	2.0923992906761564e-7
0.7686595478914543	2.1162379663983198e-7
0.7732028456309116	2.1406884416174232e-7
0.777768859859066	2.1657738915024197e-7
0.7823577041583611	2.1915186666330014e-7
0.7869694926791531	2.2179483684296067e-7
0.7916043401425489	2.245089930549921e-7
0.7962623618432616	2.272971706831704e-7
0.8009436736524779	2.3016235664324573e-7
0.8056483920207402	2.3310769968971782e-7
0.8103766339808439	2.3613652159780655e-7
0.8151285171507483	2.3925232931384885e-7
0.8199041597365018	2.4245882817984886e-7
0.8247036805351844	2.457599363525059e-7
0.8295271989378604	2.491598005543092e-7
0.8343748349325497	2.526628133142697e-7
0.8392467091072124	2.5627363187977024e-7
0.8441429426527486	2.5999719900914245e-7
0.8490636573660123	2.638387658880624e-7
0.8540089756528424	2.6780391745296884e-7
0.8589790205311068	2.7189860045243216e-7
0.8639739156337622	2.7612915463526404e-7
0.868973915633762	2.804847916777936e-7
0.8739739156337618	2.849664480841631e-7
0.8789739156337616	2.895796393088459e-7
0.8839739156337615	2.9433022337315934e-7
0.8889739156337613	2.992244312687729e-7
0.893973915633761	3.042689011442617e-7
0.8989739156337608	3.0947071689633273e-7
0.9039739156337606	3.148374518860908e-7
0.9089739156337604	3.2037721863471147e-7
0.9139739156337602	3.260987255130852e-7
0.91897391563376	3.320113416319903e-7
0.9239739156337599	3.3812517136949973e-7
0.9289739156337596	3.444511402483323e-7
0.9339739156337594	3.5100109420709575e-7
0.9389739156337592	3.577879147069439e-7
0.943973915633759	3.648256525928759e-7
0.9489739156337588	3.7212968420250456e-7
0.9539739156337586	3.797168939050451e-7
0.9589739156337583	3.8760588808208345e-7
0.9639739156337582	3.958172465589424e-7
0.968973915633758	4.043738186946016e-7
0.9739739156337578	4.133010727807422e-7
0.9789739156337576	4.226275091362754e-7
0.9839739156337574	4.323851493725249e-7
0.9889739156337571	4.4261011681782854e-7
0.9939739156337569	4.5334332611556706e-7
0.9989739156337567	4.6463130365069184e-7
1.0039739156337566	4.765271648422519e-7
1.0089739156337563	4.89091779613725e-7
1.0139739156337562	5.023951637008979e-7
1.0189739156337558	5.16518141096402e-7
1.0239739156337557	5.315543321227021e-7
1.0289739156337556	5.476125326863862e-7
1.0339739156337553	5.648195635733633e-7
1.0389739156337552	5.833236846513794e-7
1.0439739156337549	6.03298688096847e-7
1.0489739156337547	6.249488079109365e-7
1.0539739156337544	6.485146108176168e-7
1.0589739156337543	6.742800670826761e-7
1.0639739156337542	7.025810399819969e-7
1.0689739156337539	7.338154809258999e-7
1.0739739156337538	7.684556752264892e-7
1.0789739156337534	8.070629531061402e-7
1.0839739156337533	8.503053640955883e-7
1.088973915633753	8.989789132220309e-7
1.093973915633753	9.540330776432558e-7
1.0989739156337526	1.0166014665946963e-6
1.1039739156337525	1.0880386604080332e-6
1.1089739156337524	1.1699644715871918e-6
1.113973915633752	1.2643171192600792e-6
1.118973915633752	1.3734171058695735e-6
1.1239739156337516	1.5000439414445884e-6
1.1289739156337515	1.6475282878649275e-6
1.1339739156337512	1.8198626072009811e-6
1.138973915633751	2.021834011309108e-6
1.143973915633751	2.259183744615398e-6
1.1489739156337506	2.5387986127312027e-6
1.1539739156337505	2.868940725326031e-6
1.1589739156337502	3.25952318724454e-6
1.16397391563375	3.7224408881830915e-6
1.1689739156337497	4.2719673559411216e-6
1.1739739156337496	4.9252308051671074e-6
1.1789739156337493	5.702785090729462e-6
1.1839739156337492	6.629294320188157e-6
1.187980436725312	7.498948268347594e-6
1.1919869578168745	8.501064260466055e-6
1.1959934789084372	9.656357124181735e-6
1.2	1.0988810372903458e-5
