0.0006999999999999628	9.862986782961047e-9
0.001403500000000035	9.868947937546233e-9
0.0021105174999999296	9.874945288449794e-9
0.0028210700874998964	9.880978938313058e-9
0.003535175437937438	9.887049138092243e-9
0.004252851315127062	9.893156143181905e-9
0.004974115571702636	9.899300211257053e-9
0.005698986149561044	9.90548160224633e-9
0.006427481080308875	9.911700578343141e-9
0.007159618485710418	9.917957404021305e-9
0.007895416578138905	9.924252346052545e-9
0.008634893661029494	9.930585673526214e-9
0.00937806812933463	9.936957657869716e-9
0.010124958469981361	9.94336857287041e-9
0.010875583262331262	9.949818694698007e-9
0.01162996117864295	9.956308301927958e-9
0.012388110984536127	9.962837675565056e-9
0.013150051539458866	9.969407099068157e-9
0.013915801797156208	9.976016858375097e-9
0.014685380806142003	9.982667241927954e-9
0.015458807710172712	9.989358540699264e-9
0.01623610174872358	9.996091048218373e-9
0.017017282257467212	1.0002865060598074e-8
0.017802368668754516	1.0009680876562167e-8
0.01859138051209827	1.001653879747306e-8
0.019384337414658823	1.0023439127359794e-8
0.020181259101732015	1.0030382172946716e-8
0.020982165397240727	1.0037368243682494e-8
0.02178707622422691	1.0044397651769436e-8
0.02259601160534814	1.005147071219321e-8
0.02340899166337483	1.0058587742753323e-8
0.024226036621691812	1.0065749064093688e-8
0.02504716680480027	1.0072954999733523e-8
0.025872402638824326	1.0080205876099411e-8
0.02670176465201842	1.0087502022556538e-8
0.02753527347527842	1.0094843771441672e-8
0.028372949842654864	1.0102231458095987e-8
0.0292148145918682	1.0109665420898096e-8
0.03006088866482743	1.0117146001297948e-8
0.03091119310815165	1.0124673543851223e-8
0.0317657490736924	1.0132248396253875e-8
0.03262457781906081	1.0139870909377497e-8
0.03348770070815601	1.014754143730459e-8
0.034355139211696875	1.0155260337365415e-8
0.035226914907755424	1.0163027970173978e-8
0.03610304948229413	1.0170844699665585e-8
0.03698356472970569	1.0178710893134505e-8
0.03786848255335419	1.0186626921272072e-8
0.038757824966120964	1.0194593158205428e-8
0.03965161409095162	1.0202609981536828e-8
0.04054987216140643	1.0210677772383582e-8
0.04145262152221345	1.0218796915418154e-8
0.04235988462982453	1.02269677989094e-8
0.04327168405297366	1.0235190814763855e-8
0.0441880424732386	1.024346635856793e-8
0.04510898268560485	1.0251794829630535e-8
0.046034527599032954	1.0260176631026268e-8
0.04696470023702812	1.0268612169639723e-8
0.04789952373821329	1.0277101856209298e-8
0.048839021356904266	1.0285646105372988e-8
0.04978321646368884	1.0294245335713735e-8
0.05073213254600732	1.0302899969805937e-8
0.05168579320873729	1.0311610434262698e-8
0.052644222174780875	1.0320377159783397e-8
0.05360744328565471	1.0329200581202036e-8
0.054575480502083065	1.033808113753666e-8
0.055548357904593434	1.0347019272038861e-8
0.056526099694116344	1.0356015432244579e-8
0.0575087301925869	1.0365070070025186e-8
0.05849627384354973	1.0374183641639441e-8
0.05948875521276744	1.0383356607786492e-8
0.06048619898883127	1.0392589433659316e-8
0.061488629983775384	1.0401882588998804e-8
0.06249607313369419	1.0411236548148988e-8
0.06350855349936275	1.0420651790113059e-8
0.06452609626685958	1.0430128798609901e-8
0.06554872674819387	1.043966806213173e-8
0.06657647038193484	1.044927007400233e-8
0.06760935273384447	1.0458935332436485e-8
0.06864739949751365	1.0468664340600059e-8
0.0696906364950013	1.047845760667083e-8
0.07073908967747639	1.0488315643900574e-8
0.07179278512586384	1.0498238970677917e-8
0.07285174905149322	1.0508228110591959e-8
0.0739160077967507	1.051828359249702e-8
0.07498558783573436	1.0528405950578543e-8
0.07606051577491299	1.0538595724419394e-8
0.07714081835378758	1.054885345906803e-8
0.07822652244555647	1.0559179705106546e-8
0.07931765505778425	1.0569575018721066e-8
0.0804142433330731	1.0580039961772175e-8
0.08151631454973848	1.0590575101866823e-8
0.08262389612248718	1.0601181012431333e-8
0.0837370156030995	1.0611858272785643e-8
0.0848557006811149	1.0622607468218077e-8
0.0859799791845205	1.063342919006216e-8
0.08710987908044313	1.0644324035773967e-8
0.08824542847584534	1.0655292609010825e-8
0.08938665561822454	1.0666335519711407e-8
0.09053358889631567	1.0677453384176739e-8
0.09168625684079722	1.0688646825152897e-8
0.09284468812500112	1.0699916471914482e-8
0.09400891156562617	1.0711262960349789e-8
0.0951789561234543	1.0722686933047335e-8
0.09635485090407148	1.0734189039383294e-8
0.09753662515859184	1.074576993561084e-8
0.0987243082843847	1.0757430284950613e-8
0.09991792982580656	1.0769170757682635e-8
0.10111751947493569	1.0780992031239855e-8
0.10232310707231031	1.0792894790302956e-8
0.1035347226076718	1.0804879726896462e-8
0.10475239622071016	1.0816947540487402e-8
0.10597615820181366	1.0829098938084334e-8
0.10720603899282274	1.0841334634338471e-8
0.10844206918778684	1.0853655351646603e-8
0.10968427953372567	1.0866061820255467e-8
0.1109327009313943	1.0878554778367873e-8
0.11218736443605135	1.0891134972250469e-8
0.11344830125823162	1.0903803156343323e-8
0.11471554276452282	1.0916560093371548e-8
0.11598912047834534	1.0929406554458238e-8
0.11726906608073695	1.0942343319239501e-8
0.11855541141114062	1.0955371175981657e-8
0.11984818846819621	1.0968490921699957e-8
0.12114742941053713	1.0981703362279499e-8
0.12245316655758978	1.0995009312598172e-8
0.1237654323903777	1.100840959665133e-8
0.12508425955232963	1.1021905047679134e-8
0.12640968085009122	1.1035496508295279e-8
0.1277417292543416	1.1049184830618793e-8
0.1290804379006133	1.1062970876406913e-8
0.13042584009011637	1.1076855517191413e-8
0.1317779692905669	1.1090839634416355e-8
0.13313685913701961	1.110492411957861e-8
0.13450254343270476	1.1119109874370529e-8
0.13587505614986833	1.1133397810825229e-8
0.13725443143061763	1.1147788851464543e-8
0.13864070358777073	1.1162283929448679e-8
0.14003390710570945	1.117688398872965e-8
0.14143407664123803	1.1191589984206704e-8
0.1428412470244442	1.1206402881884117e-8
0.1442554532595664	1.1221323659032215e-8
0.14567673052586416	1.1236353304351586e-8
0.1471051141784935	1.1251492818139056e-8
0.14854063974938603	1.1266743212457353e-8
0.149983342948133	1.1282105511307887e-8
0.15143325966287374	1.1297580750806007e-8
0.15289042596118813	1.1313169979359453e-8
0.15435487809099402	1.1328874257850684e-8
0.15582665248144906	1.1344694659821436e-8
0.1573057857438562	1.1360632271661176e-8
0.15879231467257537	1.1376688192798999e-8
0.16028627624593816	1.1392863535898407e-8
0.16178770762716785	1.1409159427056209e-8
0.16329664616530362	1.1425577006004752e-8
0.16481312939613008	1.1442117426317663e-8
0.1663371950431107	1.1458781855619679e-8
0.16786888101832628	1.1475571475799948e-8
0.1694082254234178	1.1492487483229311e-8
0.1709552665505349	1.1509531088981964e-8
0.17251004288328747	1.1526703519060635e-8
0.17407259309770393	1.1544006014626028e-8
0.17564295606319252	1.156143983223087e-8
0.17722117084350858	1.1579006244058016e-8
0.17880727669772617	1.1596706538162904e-8
0.18040131308121476	1.1614542018720865e-8
0.18200331964662084	1.1632514006278722e-8
0.18361333624485401	1.1650623838011183e-8
0.18523140292607826	1.1668872867982409e-8
0.18685755994070874	1.1687262467412053e-8
0.1884918477404122	1.1705794024946735e-8
0.19013430697911424	1.1724468946936189e-8
0.1917849785140098	1.1743288657715393e-8
0.19344390340657974	1.1762254599891576e-8
0.19511112292361268	1.1781368234636588e-8
0.1967866785382308	1.1800631041985811e-8
0.19847061193092203	1.182004452114166e-8
0.20016296499057665	1.183961019078379e-8
0.20186377981552947	1.1859329589385127e-8
0.2035730987146071	1.1879204275534137e-8
0.20529096420818022	1.189923582826308e-8
0.20701741902922113	1.1919425847383012e-8
0.20875250612436722	1.193977595382578e-8
0.210496268654989	1.196028778999173e-8
0.21224874999826396	1.1980963020105584e-8
0.21400999374825516	1.200180333057794e-8
0.21578004371699644	1.2022810430375882e-8
0.21755894393558148	1.2043986051399277e-8
0.2193467386552594	1.2065331948865608e-8
0.22114347234853576	1.2086849901702193e-8
0.22294918971027836	1.2108541712946788e-8
0.2247639356588297	1.2130409210155721e-8
0.2265877553371239	1.2152454245821059e-8
0.2284206941138094	1.217467869779571e-8
0.23026279758437848	1.2197084469727413e-8
0.23211411157230027	1.2219673491502312e-8
0.23397468213016168	1.22424477196966e-8
0.23584455554081238	1.2265409138038422e-8
0.23772377831851643	1.228855975787935e-8
0.23961239721010893	1.2311901618675104e-8
0.24151045919615952	1.2335436788476973e-8
0.24341801149214037	1.2359167364433529e-8
0.24533510154960114	1.2383095473302656e-8
0.24726177705734917	1.2407223271974729e-8
0.24919808594263576	1.243155294800699e-8
0.251144076372349	1.2456086720168917e-8
0.2530997967542107	1.2480826838999783e-8
0.2550652957379817	1.2505775587378209e-8
0.2570406222166717	1.253093528110382e-8
0.2590258253277551	1.2556308269491437e-8
0.26102095445439405	1.2581896935978507e-8
0.2630260592266659	1.2607703698745929e-8
0.2650411895227993	1.2633731011352031e-8
0.2670663954704134	1.2659981363380912e-8
0.26910172744776534	1.2686457281105286e-8
0.27114723608500396	1.2713161328163139e-8
0.27320297226542917	1.2740096106251113e-8
0.27526898712675635	1.2767264255831585e-8
0.27734533206239	1.2794668456857035e-8
0.2794320587227019	1.282231142951006e-8
0.2815292190163153	1.2850195934960609e-8
0.2836368651113967	1.287832477613974e-8
0.28575504943695385	1.29067007985319e-8
0.28788382468413853	1.2935326890985088e-8
0.29002324380755934	1.2964205986539e-8
0.29217336002659705	1.299334106327365e-8
0.29433422682673016	1.302273514517653e-8
0.29650589796086374	1.3052391303030446e-8
0.29868842745066804	1.3082312655322392e-8
0.30088186958792124	1.3112502369173076e-8
0.3030862789358609	1.3142963661289468e-8
0.30530171033054027	1.317369979893876e-8
0.307528218882193	1.3204714100946218e-8
0.30976585997660405	1.323600993871704e-8
0.312014689276487	1.3267590737281944e-8
0.31427476272286925	1.3299459976369063e-8
0.3165461365364837	1.3331621191500979e-8
0.3188288672191662	1.3364077975118445e-8
0.32112301155526213	1.339683397773233e-8
0.32342862661303834	1.3429892909103118e-8
0.3257457697461036	1.3463258539449512e-8
0.32807449859483384	1.3496934700687528e-8
0.3304148710878078	1.3530925287699923e-8
0.33276694544324686	1.3565234259637215e-8
0.33513078017046305	1.3599865641252069e-8
0.33750643407131514	1.363482352426639e-8
0.3398939662416715	1.367011206877393e-8
0.3422934360728799	1.3705735504677995e-8
0.34470490325324404	1.374169813316625e-8
0.3471284277695101	1.3778004328223139e-8
0.34956406990835764	1.381465853818131e-8
0.3520118902578995	1.3851665287313918e-8
0.354471949709189	1.3889029177467404e-8
0.3569443094577349	1.3926754889737813e-8
0.3594290310050235	1.3964847186191119e-8
0.3619261761600484	1.4003310911628248e-8
0.3644358070408486	1.4042150995398265e-8
0.36695798607605284	1.4081372453258927e-8
0.36949277600643327	1.4120980389287452e-8
0.37204023988646523	1.4160979997843216e-8
0.3746004410858973	1.4201376565583065e-8
0.3771734432913268	1.4242175473531576e-8
0.3797593105077832	1.4283382199208597e-8
0.3823581070603219	1.4325002318814547e-8
0.38496989759562367	1.4367041509476723e-8
0.3875947470836016	1.440950555155771e-8
0.3902327208190196	1.4452400331028596e-8
0.3928838844231145	1.449573184190853e-8
0.39554830384522993	1.4539506188773652e-8
0.3982260453644561	1.4583729589336851e-8
0.4009171755912785	1.4628408377101394e-8
0.40362176146923495	1.4673549004090752e-8
0.40633987027658097	1.471915804365712e-8
0.4090715696279639	1.4765242193371566e-8
0.4118169274761037	1.4811808277998545e-8
0.4145760121134843	1.4858863252557639e-8
0.4173488921740515	1.4906414205475692e-8
0.4201356366349219	1.4954468361832867e-8
0.42293631481809635	1.5003033086705154e-8
0.4257509963921868	1.5052115888607235e-8
0.42857975137414767	1.5101724423040276e-8
0.43142265013101855	1.5151866496146355e-8
0.43427976338167373	1.5202550068475337e-8
0.43715116219858224	1.5253783258867555e-8
0.44003691800957523	1.5305574348456316e-8
0.44293710259962304	1.5357931784795457e-8
0.4458517881126211	1.5410864186115834e-8
0.44878104705318417	1.5464380345716455e-8
0.45172495228844983	1.551848923649431e-8
0.45468357704989204	1.5573200015619285e-8
0.4576569949351413	1.5628522029359344e-8
0.46064527990981685	1.5684464818061293e-8
0.4636485063093658	1.5741038121294262e-8
0.4666667488409128	1.5798251883161243e-8
0.4697000825851173	1.5856116257786302e-8
0.4727485829980427	1.591464161498391e-8
0.47581232591303285	1.5973838546117388e-8
0.478891387542598	1.6033717870155503e-8
0.48198584448031084	1.6094290639933817e-8
0.4850957737027124	1.615556814863011e-8
0.48822125257122595	1.6217561936462546e-8
0.49136235883408197	1.6280283797619747e-8
0.4945191706282523	1.6343745787433213e-8
0.4976917664813935	1.640796022980127e-8
0.5008802253138004	1.647293972487691e-8
0.5040846264403696	1.65386971570289e-8
0.5073050495725715	1.6605245703091134e-8
0.5105415748204343	1.6672598840909293e-8
0.5137942826945365	1.6740770358201257e-8
0.517063254108009	1.6809774361743268e-8
0.5203485703785492	1.6879625286898267e-8
0.5236503132304419	1.6950337907500407e-8
0.5269685647965939	1.702192734611382e-8
0.5303034076205766	1.709440908468242e-8
0.5336549246586795	1.716779897558926e-8
0.5370231992819728	1.7242113253144706e-8
0.5404083152783826	1.7317368545525952e-8
0.5438103568547747	1.739358188718739e-8
0.5472294086390483	1.7470770731767123e-8
0.5506655556822436	1.7548952965513962e-8
0.5541188834606549	1.7628146921261542e-8
0.5575894778779582	1.7708371392977132e-8
0.5610774252673477	1.778964565091624e-8
0.5645828123936844	1.7871989457414152e-8
0.5681057264556525	1.7955423083349988e-8
0.5716462550879309	1.803996732531855e-8
0.5752044863633705	1.812564352354968e-8
0.5787805087951873	1.8212473580619635e-8
0.5823744113391631	1.830047998099614e-8
0.5859862833958588	1.8389685811469253e-8
0.5896162148128381	1.8480114782519597e-8
0.5932642958869024	1.857179125068128e-8
0.5969306173663369	1.866474024196139e-8
0.6006152704531684	1.875898747638358e-8
0.6043183468054344	1.885455939372901e-8
0.6080399385394615	1.8951483180553322e-8
0.6117801382321587	1.9049786798568203e-8
0.6155390389233192	1.9149499014482462e-8
0.6193167341179359	1.925064943140791e-8
0.6231133177885255	1.935326852194519e-8
0.6269288843774683	1.9457387663078568e-8
0.6307635287993556	1.956303917302015e-8
0.6346173464433522	1.9670256350162486e-8
0.6384904331755688	1.9779073514314132e-8
0.6423828853414466	1.9889526050415797e-8
0.6462947997681537	2.0001650454957344e-8
0.6502262737669944	2.0115484385344187e-8
0.6541774051358293	2.0231066712494223e-8
0.6581482921615082	2.0348437576983728e-8
0.6621390336223156	2.0467638449104084e-8
0.6661497287904271	2.0588712193242428e-8
0.6701804774343789	2.071170313705992e-8
0.6742313798215507	2.0836657146010315e-8
0.6783025367206585	2.0963621703826258e-8
0.682394049404262	2.1092645999695183e-8
0.6865060196512833	2.122378102296568e-8
0.6906385497495399	2.1357079666360653e-8
0.6947917424982876	2.1492596838833198e-8
0.6989657012107791	2.1630389589400135e-8
0.7031605297168331	2.1770517243511644e-8
0.7073763323654171	2.1913041553795785e-8
0.7116132140272443	2.205802686734121e-8
0.7158712800973803	2.220554031207729e-8
0.7201506364978669	2.2355652005281826e-8
0.724451389680356	2.2508435287813823e-8
0.7287736466287575	2.266396698835448e-8
0.7331175148619014	2.2822327722755812e-8
0.737483102436211	2.2983602234597807e-8
0.7418705179483918	2.3147879784248742e-8
0.7462798705381338	2.3315254595179392e-8
0.7507112698908246	2.3485826368039194e-8
0.7551648262402787	2.3659700875141813e-8
0.7596406503714802	2.3836990650594834e-8
0.7641388536233378	2.4017815794470746e-8
0.7686595478914543	2.42023049132479e-8
0.7732028456309116	2.4390596223440863e-8
0.777768859859066	2.4582838851044853e-8
0.7823577041583611	2.4779194366404234e-8
0.7869694926791531	2.4979838602649113e-8
0.7916043401425489	2.5184963816296016e-8
0.7962623618432616	2.5394781261418296e-8
0.8009436736524779	2.5609524264509804e-8
0.8056483920207402	2.5829451906467443e-8
0.8103766339808439	2.6054853441850452e-8
0.8151285171507483	2.6286053614782834e-8
0.8199041597365018	2.6523419066846685e-8
0.8247036805351844	2.676736607668708e-8
0.8295271989378604	2.7018369925820623e-8
0.8343748349325497	2.7276976252821778e-8
0.8392467091072124	2.7543814841767968e-8
0.8441429426527486	2.7819616394462423e-8
0.8490636573660123	2.8105232964384207e-8
0.8540089756528424	2.840166288963734e-8
0.8589790205311068	2.8710081259989345e-8
0.8639739156337622	2.903187719896081e-8
0.868973915633762	2.936733746207179e-8
0.8739739156337618	2.971785932675083e-8
0.8789739156337616	3.008547840591952e-8
0.8839739156337615	3.047260834642569e-8
0.8889739156337613	3.088211569478889e-8
0.893973915633761	3.1317409831952277e-8
0.8989739156337608	3.178255102645866e-8
0.9039739156337606	3.2282380273391226e-8
0.9089739156337604	3.282267532986602e-8
0.9139739156337602	3.3410338252013234e-8
0.91897391563376	3.4053620813752314e-8
0.9239739156337599	3.476239548093239e-8
0.9289739156337596	3.5548481169635374e-8
0.9339739156337594	3.642603488757547e-8
0.9389739156337592	3.741202260619903e-8
0.943973915633759	3.852678541469509e-8
0.9489739156337588	3.9794720257414573e-8
0.9539739156337586	4.124509846333355e-8
0.9589739156337583	4.2913049972390754e-8
0.9639739156337582	4.484074680743474e-8
0.968973915633758	4.707882612241748e-8
0.9739739156337578	4.9688101305574855e-8
0.9789739156337576	5.274161940412596e-8
0.9839739156337574	5.6327134892211675e-8
0.9889739156337571	6.05500839187473e-8
0.9939739156337569	6.553716011627159e-8
0.9989739156337567	7.144061338744249e-8
1.0039739156337566	7.844341748405608e-8
1.0089739156337563	8.676548145632527e-8
1.0139739156337562	9.667111513480842e-8
1.0189739156337558	1.0847800085489585e-7
1.0239739156337557	1.225679740033536e-7
1.0289739156337556	1.393999752748478e-7
1.0339739156337553	1.5952560969436522e-7
1.0389739156337552	1.8360783376779854e-7
1.0439739156337549	2.1244339526512605e-7
1.0489739156337547	2.469897733083757e-7
1.0539739156337544	2.883975133893696e-7
1.0589739156337543	3.3804902710376805e-7
1.0639739156337542	3.976051349448321e-7
1.0689739156337539	4.6906087851485776e-7
1.0739739156337538	5.548124230403677e-7
1.0789739156337534	6.57737220292777e-7
1.0839739156337533	7.812900153364557e-7
1.088973915633753	9.296177687191746e-7
1.093973915633753	1.10769714101102e-6
1.0989739156337526	1.3214988627022872e-6
1.1039739156337525	1.5781841045979527e-6
1.1089739156337524	1.8863388885617784e-6
1.113973915633752	2.2562536534204792e-6
1.118973915633752	2.700256334268901e-6
1.1239739156337516	3.2331087433080926e-6
1.1289739156337515	3.8724776732044555e-6
1.1339739156337512	4.63949399294535e-6
1.138973915633751	5.559415078637317e-6
1.143973915633751	6.662408215643447e-6
1.1489739156337506	7.984475108130965e-6
1.1539739156337505	9.568540302255807e-6
1.1589739156337502	1.1465729108354015e-5
1.16397391563375	1.3736863400133591e-5
1.1689739156337497	1.645420633727197e-5
1.1739739156337496	1.970348941456564e-5
1.1789739156337493	2.3586257042663417e-5
1.1839739156337492	2.822256481172821e-5
1.187980436725312	3.2576123635931226e-5
1.1919869578168745	3.758835235156175e-5
1.1959934789084372	4.33552135675909e-5
1.2	4.9985738487485746e-5
