0.0006999999999999628	5.443935629085552e-9
0.001403500000000035	5.4472806238389565e-9
0.0021105174999999296	5.450645937949172e-9
0.0028210700874998964	5.4540316388178744e-9
0.003535175437937438	5.457437867789269e-9
0.004252851315127062	5.460864768542112e-9
0.004974115571702636	5.464312486033248e-9
0.005698986149561044	5.467781166486039e-9
0.006427481080308875	5.471270957397404e-9
0.007159618485710418	5.474782007546889e-9
0.007895416578138905	5.4783144670071995e-9
0.008634893661029494	5.4818684871552e-9
0.00937806812933463	5.485444220683849e-9
0.010124958469981361	5.4890418216147295e-9
0.010875583262331262	5.4926614453107425e-9
0.01162996117864295	5.496303248489354e-9
0.012388110984536127	5.499967389236168e-9
0.013150051539458866	5.503654027018891e-9
0.013915801797156208	5.507363322701337e-9
0.014685380806142003	5.511095438557962e-9
0.015458807710172712	5.514850538288544e-9
0.01623610174872358	5.518628787033071e-9
0.017017282257467212	5.5224303513870285e-9
0.017802368668754516	5.526255399416674e-9
0.01859138051209827	5.530104100674914e-9
0.019384337414658823	5.533976626216933e-9
0.020181259101732015	5.537873148616589e-9
0.020982165397240727	5.5417938419826526e-9
0.02178707622422691	5.545738881975396e-9
0.02259601160534814	5.549708445823447e-9
0.02340899166337483	5.553702712341011e-9
0.024226036621691812	5.557721861944973e-9
0.02504716680480027	5.5617660766726e-9
0.025872402638824326	5.565835540199258e-9
0.02670176465201842	5.5699304378565566e-9
0.02753527347527842	5.574050956650625e-9
0.028372949842654864	5.5781972852805555e-9
0.0292148145918682	5.5823696141574546e-9
0.03006088866482743	5.586568135423174e-9
0.03091119310815165	5.5907930429700075e-9
0.0317657490736924	5.595044532460002e-9
0.03262457781906081	5.5993228013449276e-9
0.03348770070815601	5.603628048886443e-9
0.034355139211696875	5.6079604761765535e-9
0.035226914907755424	5.61232028615812e-9
0.03610304948229413	5.616707683646043e-9
0.03698356472970569	5.621122875348446e-9
0.03786848255335419	5.625566069888238e-9
0.038757824966120964	5.630037477825003e-9
0.03965161409095162	5.634537311677153e-9
0.04054987216140643	5.6390657859444754e-9
0.04145262152221345	5.643623117130758e-9
0.04235988462982453	5.648209523767091e-9
0.04327168405297366	5.652825226435068e-9
0.0441880424732386	5.657470447790883e-9
0.04510898268560485	5.6621454125889715e-9
0.046034527599032954	5.666850347706947e-9
0.04696470023702812	5.671585482169842e-9
0.04789952373821329	5.676351047175671e-9
0.048839021356904266	5.681147276120634e-9
0.04978321646368884	5.685974404625096e-9
0.05073213254600732	5.690832670559695e-9
0.05168579320873729	5.695722314071975e-9
0.052644222174780875	5.700643577613276e-9
0.05360744328565471	5.705596705966218e-9
0.054575480502083065	5.710581946272161e-9
0.055548357904593434	5.715599548059541e-9
0.056526099694116344	5.7206497632724624e-9
0.0575087301925869	5.7257328462994466e-9
0.05849627384354973	5.730849054002725e-9
0.05948875521276744	5.735998645748343e-9
0.06048619898883127	5.741181883436082e-9
0.061488629983775384	5.746399031530258e-9
0.06249607313369419	5.751650357090722e-9
0.06350855349936275	5.756936129804488e-9
0.06452609626685958	5.762256622017721e-9
0.06554872674819387	5.767612108768218e-9
0.06657647038193484	5.773002867818354e-9
0.06760935273384447	5.778429179688472e-9
0.06864739949751365	5.783891327690959e-9
0.0696906364950013	5.789389597964562e-9
0.07073908967747639	5.794924279509457e-9
0.07179278512586384	5.800495664222536e-9
0.07285174905149322	5.806104046933555e-9
0.0739160077967507	5.811749725441671e-9
0.07498558783573436	5.817433000552408e-9
0.07606051577491299	5.823154176115475e-9
0.07714081835378758	5.828913559062753e-9
0.07822652244555647	5.8347114594473006e-9
0.07931765505778425	5.840548190482504e-9
0.0804142433330731	5.846424068582229e-9
0.08151631454973848	5.852339413401301e-9
0.08262389612248718	5.85829454787674e-9
0.0837370156030995	5.864289798269547e-9
0.0848557006811149	5.870325494207129e-9
0.0859799791845205	5.8764019687265434e-9
0.08710987908044313	5.882519558318098e-9
0.08824542847584534	5.888678602969903e-9
0.08938665561822454	5.89487944621308e-9
0.09053358889631567	5.9011224351674435e-9
0.09168625684079722	5.907407920588109e-9
0.09284468812500112	5.91373625691285e-9
0.09400891156562617	5.9201078023100175e-9
0.0951789561234543	5.926522918727386e-9
0.09635485090407148	5.932981971941479e-9
0.09753662515859184	5.939485331608258e-9
0.0987243082843847	5.946033371313827e-9
0.09991792982580656	5.952626468626669e-9
0.10111751947493569	5.959265005150128e-9
0.10232310707231031	5.9659493665762055e-9
0.1035347226076718	5.9726799427398255e-9
0.10475239622071016	5.979457127674228e-9
0.10597615820181366	5.986281319667134e-9
0.10720603899282274	5.993152921317822e-9
0.10844206918778684	6.0000723395951845e-9
0.10968427953372567	6.007039985896609e-9
0.1109327009313943	6.014056276107971e-9
0.11218736443605135	6.0211216306644105e-9
0.11344830125823162	6.028236474612275e-9
0.11471554276452282	6.035401237672014e-9
0.11598912047834534	6.0426163543020035e-9
0.11726906608073695	6.049882263763621e-9
0.11855541141114062	6.05719941018714e-9
0.11984818846819621	6.06456824263893e-9
0.12114742941053713	6.071989215189752e-9
0.12245316655758978	6.079462786983992e-9
0.1237654323903777	6.086989422310173e-9
0.12508425955232963	6.094569590672884e-9
0.12640968085009122	6.102203766865269e-9
0.1277417292543416	6.1098924310436055e-9
0.1290804379006133	6.117636068802281e-9
0.13042584009011637	6.125435171250709e-9
0.1317779692905669	6.1332902350911085e-9
0.13313685913701961	6.141201762697726e-9
0.13450254343270476	6.1491702621976416e-9
0.13587505614986833	6.157196247552545e-9
0.13725443143061763	6.165280238642322e-9
0.13864070358777073	6.173422761349541e-9
0.14003390710570945	6.181624347646146e-9
0.14143407664123803	6.18988553568094e-9
0.1428412470244442	6.198206869868961e-9
0.1442554532595664	6.206588900982295e-9
0.14567673052586416	6.215032186242567e-9
0.1471051141784935	6.2235372894148e-9
0.14854063974938603	6.2321047809033456e-9
0.149983342948133	6.24073523784896e-9
0.15143325966287374	6.249429244228159e-9
0.15289042596118813	6.258187390953772e-9
0.15435487809099402	6.2670102759777965e-9
0.15582665248144906	6.275898504395612e-9
0.1573057857438562	6.284852688552484e-9
0.15879231467257537	6.293873448151574e-9
0.16028627624593816	6.3029614103642045e-9
0.16178770762716785	6.312117209941872e-9
0.16329664616530362	6.321341489330479e-9
0.16481312939613008	6.3306348987864905e-9
0.1663371950431107	6.339998096495271e-9
0.16786888101832628	6.349431748691423e-9
0.1694082254234178	6.358936529781634e-9
0.1709552665505349	6.3685131224695144e-9
0.17251004288328747	6.378162217882714e-9
0.17407259309770393	6.387884515702589e-9
0.17564295606319252	6.3976807242960635e-9
0.17722117084350858	6.407551560850098e-9
0.17880727669772617	6.4174977515084444e-9
0.18040131308121476	6.427520031511198e-9
0.18200331964662084	6.437619145336879e-9
0.18361333624485401	6.447795846846919e-9
0.18523140292607826	6.458050899433337e-9
0.18685755994070874	6.468385076168895e-9
0.1884918477404122	6.478799159960056e-9
0.19013430697911424	6.48929394370315e-9
0.1917849785140098	6.4998702304431966e-9
0.19344390340657974	6.5105288335359095e-9
0.19511112292361268	6.52127057681278e-9
0.1967866785382308	6.532096294749433e-9
0.19847061193092203	6.543006832637144e-9
0.20016296499057665	6.5540030467576245e-9
0.20186377981552947	6.565085804561248e-9
0.2035730987146071	6.576255984849e-9
0.20529096420818022	6.5875144779574895e-9
0.20701741902922113	6.598862185947976e-9
0.20875250612436722	6.610300022799065e-9
0.210496268654989	6.621828914603178e-9
0.21224874999826396	6.633449799766752e-9
0.21400999374825516	6.6451636292147406e-9
0.21578004371699644	6.656971366598896e-9
0.21755894393558148	6.6688739885104145e-9
0.2193467386552594	6.68087248469686e-9
0.22114347234853576	6.692967858283282e-9
0.22294918971027836	6.7051611259979405e-9
0.2247639356588297	6.717453318402705e-9
0.2265877553371239	6.7298454801279165e-9
0.2284206941138094	6.742338670112268e-9
0.23026279758437848	6.754933961847478e-9
0.23211411157230027	6.767632443628007e-9
0.23397468213016168	6.7804352188060115e-9
0.23584455554081238	6.7933434060515064e-9
0.23772377831851643	6.806358139618025e-9
0.23961239721010893	6.819480569613759e-9
0.24151045919615952	6.832711862278231e-9
0.24341801149214037	6.846053200265244e-9
0.24533510154960114	6.859505782931311e-9
0.24726177705734917	6.873070826630357e-9
0.24919808594263576	6.886749565014813e-9
0.251144076372349	6.900543249343167e-9
0.2530997967542107	6.9144531487935865e-9
0.2550652957379817	6.928480550785119e-9
0.2570406222166717	6.942626761305064e-9
0.2590258253277551	6.95689310524385e-9
0.26102095445439405	6.97128092673708e-9
0.2630260592266659	6.985791589515058e-9
0.2650411895227993	7.000426477259826e-9
0.2670663954704134	7.015186993970458e-9
0.26910172744776534	7.030074564335748e-9
0.27114723608500396	7.045090634115803e-9
0.27320297226542917	7.06023667053181e-9
0.27526898712675635	7.075514162664433e-9
0.27734533206239	7.090924621861393e-9
0.2794320587227019	7.10646958215389e-9
0.2815292190163153	7.122150600682702e-9
0.2836368651113967	7.13796925813389e-9
0.28575504943695385	7.15392715918433e-9
0.28788382468413853	7.170025932957331e-9
0.29002324380755934	7.1862672334890306e-9
0.29217336002659705	7.202652740205278e-9
0.29433422682673016	7.219184158409547e-9
0.29650589796086374	7.235863219782237e-9
0.29868842745066804	7.252691682891673e-9
0.30088186958792124	7.2696713337170185e-9
0.3030862789358609	7.286803986183307e-9
0.30530171033054027	7.304091482709395e-9
0.307528218882193	7.321535694768747e-9
0.30976585997660405	7.339138523463481e-9
0.312014689276487	7.356901900112355e-9
0.31427476272286925	7.374827786852626e-9
0.3165461365364837	7.392918177256496e-9
0.3188288672191662	7.411175096962645e-9
0.32112301155526213	7.429600604322873e-9
0.32342862661303834	7.448196791064523e-9
0.3257457697461036	7.466965782969439e-9
0.32807449859483384	7.485909740569337e-9
0.3304148710878078	7.505030859858482e-9
0.33276694544324686	7.524331373024006e-9
0.33513078017046305	7.543813549194628e-9
0.33750643407131514	7.563479695207829e-9
0.3398939662416715	7.583332156396818e-9
0.3422934360728799	7.603373317396793e-9
0.34470490325324404	7.623605602972132e-9
0.3471284277695101	7.644031478864519e-9
0.34956406990835764	7.664653452663004e-9
0.3520118902578995	7.685474074695914e-9
0.354471949709189	7.706495938946673e-9
0.3569443094577349	7.727721683992754e-9
0.3594290310050235	7.749153993969431e-9
0.3619261761600484	7.770795599558757e-9
0.3644358070408486	7.79264927900467e-9
0.36695798607605284	7.814717859154998e-9
0.36949277600643327	7.837004216531078e-9
0.37204023988646523	7.859511278426172e-9
0.3746004410858973	7.882242024033228e-9
0.3771734432913268	7.905199485603176e-9
0.3797593105077832	7.92838674963482e-9
0.3823581070603219	7.951806958096945e-9
0.38496989759562367	7.975463309684109e-9
0.3875947470836016	7.99935906110689e-9
0.3902327208190196	8.023497528418117e-9
0.3928838844231145	8.047882088375769e-9
0.39554830384522993	8.072516179844206e-9
0.3982260453644561	8.097403305234698e-9
0.4009171755912785	8.122547031986812e-9
0.40362176146923495	8.147950994091742e-9
0.40633987027658097	8.173618893659528e-9
0.4090715696279639	8.199554502530719e-9
0.4118169274761037	8.225761663935377e-9
0.4145760121134843	8.252244294199535e-9
0.4173488921740515	8.279006384502011e-9
0.4201356366349219	8.306052002682625e-9
0.42293631481809635	8.333385295103873e-9
0.4257509963921868	8.361010488567866e-9
0.42857975137414767	8.388931892290508e-9
0.43142265013101855	8.417153899935233e-9
0.43427976338167373	8.445680991707821e-9
0.43715116219858224	8.474517736515248e-9
0.44003691800957523	8.503668794190335e-9
0.44293710259962304	8.533138917784872e-9
0.4458517881126211	8.562932955933791e-9
0.44878104705318417	8.593055855292919e-9
0.45172495228844983	8.623512663053032e-9
0.45468357704989204	8.65430852953305e-9
0.4576569949351413	8.68544871085606e-9
0.46064527990981685	8.716938571709715e-9
0.4636485063093658	8.748783588196525e-9
0.4666667488409128	8.78098935077529e-9
0.4697000825851173	8.813561567298759e-9
0.4727485829980427	8.846506066151119e-9
0.47581232591303285	8.879828799488019e-9
0.478891387542598	8.913535846585112e-9
0.48198584448031084	8.947633417298073e-9
0.4850957737027124	8.982127855639311e-9
0.48822125257122595	9.017025643475843e-9
0.49136235883408197	9.05233340435364e-9
0.4945191706282523	9.088057907453286e-9
0.4976917664813935	9.124206071683003e-9
0.5008802253138004	9.160784969914342e-9
0.5040846264403696	9.1978018333674e-9
0.5073050495725715	9.23526405615081e-9
0.5105415748204343	9.273179199964869e-9
0.5137942826945365	9.311554998973338e-9
0.517063254108009	9.350399364852999e-9
0.5203485703785492	9.38972039202784e-9
0.5236503132304419	9.429526363096586e-9
0.5269685647965939	9.469825754463016e-9
0.5303034076205766	9.510627242178047e-9
0.5336549246586795	9.55193970800305e-9
0.5370231992819728	9.593772245706816e-9
0.5404083152783826	9.636134167605178e-9
0.5438103568547747	9.679035011357019e-9
0.5472294086390483	9.722484547028773e-9
0.5506655556822436	9.766492784440934e-9
0.5541188834606549	9.811069980811379e-9
0.5575894778779582	9.85622664871097e-9
0.5610774252673477	9.90197356434806e-9
0.5645828123936844	9.948321776199705e-9
0.5681057264556525	9.995282614008855e-9
0.5716462550879309	1.0042867698168277e-8
0.5752044863633705	1.009108894951311e-8
0.5787805087951873	1.0139958599546745e-8
0.5823744113391631	1.0189489201125748e-8
0.5859862833958588	1.0239693639631617e-8
0.5896162148128381	1.0290585144662045e-8
0.5932642958869024	1.0342177302272825e-8
0.5969306173663369	1.0394484067809854e-8
0.6006152704531684	1.0447519779369246e-8
0.6043183468054344	1.0501299171932592e-8
0.6080399385394615	1.0555837392224044e-8
0.6117801382321587	1.0611150014345889e-8
0.6155390389233192	1.0667253056251248e-8
0.6193167341179359	1.0724162997122827e-8
0.6231133177885255	1.078189679573217e-8
0.6269288843774683	1.0840471909864152e-8
0.6307635287993556	1.089990631690253e-8
0.6346173464433522	1.0960218535683022e-8
0.6384904331755688	1.1021427649737077e-8
0.6423828853414466	1.1083553332063638e-8
0.6462947997681537	1.1146615871588077e-8
0.6502262737669944	1.1210636201488803e-8
0.6541774051358293	1.1275635929599382e-8
0.6581482921615082	1.1341637371125487e-8
0.6621390336223156	1.1408663583953932e-8
0.6661497287904271	1.1476738406873969e-8
0.6701804774343789	1.154588650108249e-8
0.6742313798215507	1.1616133395409833e-8
0.6783025367206585	1.1687505535771551e-8
0.682394049404262	1.1760030339442255e-8
0.6865060196512833	1.1833736254849189e-8
0.6906385497495399	1.1908652827709867e-8
0.6947917424982876	1.198481077448247e-8
0.6989657012107791	1.2062242064279674e-8
0.7031605297168331	1.2140980010605378e-8
0.7073763323654171	1.2221059374532184e-8
0.7116132140272443	1.2302516481242726e-8
0.7158712800973803	1.2385389352228682e-8
0.7201506364978669	1.246971785588598e-8
0.724451389680356	1.2555543879782917e-8
0.7287736466287575	1.2642911528527179e-8
0.7331175148619014	1.2731867351943386e-8
0.737483102436211	1.2822460609223092e-8
0.7418705179483918	1.2914743575863685e-8
0.7462798705381338	1.300877190161046e-8
0.7507112698908246	1.3104605029317612e-8
0.7551648262402787	1.3202306686708753e-8
0.7596406503714802	1.3301945465537333e-8
0.7641388536233378	1.3403595505711732e-8
0.7686595478914543	1.3507337305692898e-8
0.7732028456309116	1.3613258685039496e-8
0.777768859859066	1.3721455930561462e-8
0.7823577041583611	1.3832035164373084e-8
0.7869694926791531	1.3945113980506763e-8
0.7916043401425489	1.4060823407003941e-8
0.7962623618432616	1.4179310262988452e-8
0.8009436736524779	1.4300739995687072e-8
0.8056483920207402	1.4425300101369018e-8
0.8103766339808439	1.4553204257564937e-8
0.8151285171507483	1.4684697322737843e-8
0.8199041597365018	1.4820061395098056e-8
0.8247036805351844	1.4959623166090424e-8
0.8295271989378604	1.510376285822815e-8
0.8343748349325497	1.5252925103898716e-8
0.8392467091072124	1.5407632204616366e-8
0.8441429426527486	1.5568500312830044e-8
0.8490636573660123	1.5736259205646503e-8
0.8540089756528424	1.5911776477753276e-8
0.8589790205311068	1.6096087177007193e-8
0.8639739156337622	1.629043015007424e-8
0.868973915633762	1.6495454860688785e-8
0.8739739156337618	1.6712562192012894e-8
0.8789739156337616	1.6943653405053274e-8
0.8839739156337615	1.7190997785347886e-8
0.8889739156337613	1.745730648027121e-8
0.893973915633761	1.7745821276067782e-8
0.8989739156337608	1.80604213454481e-8
0.9039739156337606	1.8405751611636707e-8
0.9089739156337604	1.8787377114827362e-8
0.9139739156337602	1.9211968657189014e-8
0.91897391563376	1.9687526073329702e-8
0.9239739156337599	2.0223646760990824e-8
0.9289739156337596	2.0831848655665284e-8
0.9339739156337594	2.152595869559363e-8
0.9389739156337592	2.2322580063613613e-8
0.943973915633759	2.3241654185815076e-8
0.9489739156337588	2.43071367053606e-8
0.9539739156337586	2.5547810543013986e-8
0.9589739156337583	2.699826383573429e-8
0.9639739156337582	2.8700066169320374e-8
0.968973915633758	3.070318328033822e-8
0.9739739156337578	3.306767852396798e-8
0.9789739156337576	3.5865759160766983e-8
0.9839739156337574	3.9184237233471326e-8
0.9889739156337571	4.3127488876190246e-8
0.9939739156337569	4.782101279118461e-8
0.9989739156337567	5.341570890306918e-8
1.0039739156337566	6.009302252657994e-8
1.0089739156337563	6.807112856192959e-8
1.0139739156337562	7.761236521599162e-8
1.0189739156337558	8.903216867640208e-8
1.0239739156337557	1.0270981039500324e-7
1.0289739156337556	1.1910129877977578e-7
1.0339739156337553	1.387548790666806e-7
1.0389739156337552	1.6232965121821528e-7
1.0439739156337549	1.9061792856521444e-7
1.0489739156337547	2.2457208275545017e-7
1.0539739156337544	2.6533676714809677e-7
1.0589739156337543	3.1428758551206664e-7
1.0639739156337542	3.730774809252968e-7
1.0689739156337539	4.4369236718249985e-7
1.0739739156337538	5.285178188459652e-7
1.0789739156337534	6.30418984479791e-7
1.0839739156337533	7.528362999996895e-7
1.088973915633753	8.999000662082189e-7
1.093973915633753	1.0765675286903894e-6
1.0989739156337526	1.288786773036625e-6
1.1039739156337525	1.5436925390630386e-6
1.1089739156337524	1.8498399809133842e-6
1.113973915633752	2.2174834733658293e-6
1.118973915633752	2.6589088066621172e-6
1.1239739156337516	3.1888285408656965e-6
1.1289739156337515	3.824851922873034e-6
1.1339739156337512	4.588042618240166e-6
1.138973915633751	5.503579583755069e-6
1.143973915633751	6.601538703802506e-6
1.1489739156337506	7.917815319096475e-6
1.1539739156337505	9.495210456098549e-6
1.1589739156337502	1.1384706359179093e-5
1.16397391563375	1.3646959741292532e-5
1.1689739156337497	1.6354043866505775e-5
1.1739739156337496	1.959147297315957e-5
1.1789739156337493	2.3460544397579986e-5
1.1839739156337492	2.8081034764363427e-5
1.187980436725312	3.2420178879503554e-5
1.1919869578168745	3.741625471618942e-5
1.1959934789084372	4.3165034963648144e-5
1.2	4.9775348024523985e-5
