0.0006999999999999628	1.4237925184418633e-8
0.001403500000000035	1.424620231860236e-8
0.0021105174999999296	1.425452957753036e-8
0.0028210700874998964	1.4262907019547908e-8
0.003535175437937438	1.4271334988538683e-8
0.004252851315127062	1.4279813835551011e-8
0.004974115571702636	1.4288343914738088e-8
0.005698986149561044	1.4296925583311317e-8
0.006427481080308875	1.4305559201559137e-8
0.007159618485710418	1.4314245132870495e-8
0.007895416578138905	1.432298374376089e-8
0.008634893661029494	1.4331775403900077e-8
0.00937806812933463	1.4340620486141418e-8
0.010124958469981361	1.4349519366551731e-8
0.010875583262331262	1.4358472424442989e-8
0.01162996117864295	1.4367480042403768e-8
0.012388110984536127	1.4376542606332314e-8
0.013150051539458866	1.4385660505470023e-8
0.013915801797156208	1.4394834132435366e-8
0.014685380806142003	1.4404063883258645e-8
0.015458807710172712	1.4413350157417396e-8
0.01623610174872358	1.4422693357872462e-8
0.017017282257467212	1.4432093891104445e-8
0.017802368668754516	1.4441552167150582e-8
0.01859138051209827	1.4451068599642599e-8
0.019384337414658823	1.4460643605845239e-8
0.020181259101732015	1.4470277606694509e-8
0.020982165397240727	1.4479971026837457e-8
0.02178707622422691	1.4489724294671962e-8
0.02259601160534814	1.4499537842387184e-8
0.02340899166337483	1.450941210600479e-8
0.024226036621691812	1.4519347525420477e-8
0.02504716680480027	1.452934454444624e-8
0.025872402638824326	1.453940361085325e-8
0.02670176465201842	1.4549525176414942e-8
0.02753527347527842	1.4559709696951505e-8
0.028372949842654864	1.456995763237415e-8
0.0292148145918682	1.4580269446730274e-8
0.03006088866482743	1.4590645608249579e-8
0.03091119310815165	1.4601086589390145e-8
0.0317657490736924	1.4611592866886018e-8
0.03262457781906081	1.4622164921794427e-8
0.03348770070815601	1.4632803239544452e-8
0.034355139211696875	1.464350830998613e-8
0.035226914907755424	1.4654280627439831e-8
0.03610304948229413	1.4665120690747225e-8
0.03698356472970569	1.467602900332177e-8
0.03786848255335419	1.468700607320101e-8
0.038757824966120964	1.4698052413098726e-8
0.03965161409095162	1.4709168540458355e-8
0.04054987216140643	1.4720354977506912e-8
0.04145262152221345	1.4731612251309879e-8
0.04235988462982453	1.4742940893826305e-8
0.04327168405297366	1.4754341441965406e-8
0.0441880424732386	1.4765814437643408e-8
0.04510898268560485	1.4777360427841595e-8
0.046034527599032954	1.4788979964664606e-8
0.04696470023702812	1.4800673605400186e-8
0.04789952373821329	1.481244191257931e-8
0.048839021356904266	1.4824285454037386e-8
0.04978321646368884	1.4836204802976425e-8
0.05073213254600732	1.4848200538027522e-8
0.05168579320873729	1.4860273243315026e-8
0.052644222174780875	1.4872423508521064e-8
0.05360744328565471	1.4884651928950996e-8
0.054575480502083065	1.4896959105600209e-8
0.055548357904593434	1.490934564522153e-8
0.056526099694116344	1.492181216039339e-8
0.0575087301925869	1.493435926958992e-8
0.05849627384354973	1.4946987597250476e-8
0.05948875521276744	1.495969777385201e-8
0.06048619898883127	1.4972490435980908e-8
0.061488629983775384	1.4985366226406678e-8
0.06249607313369419	1.4998325794157035e-8
0.06350855349936275	1.5011369794592717e-8
0.06452609626685958	1.5024498889485113e-8
0.06554872674819387	1.5037713747093704e-8
0.06657647038193484	1.5051015042245317e-8
0.06760935273384447	1.5064403456414397e-8
0.06864739949751365	1.507787967780405e-8
0.0696906364950013	1.50914444014295e-8
0.07073908967747639	1.5105098329200937e-8
0.07179278512586384	1.5118842170009323e-8
0.07285174905149322	1.5132676639812557e-8
0.0739160077967507	1.5146602461722823e-8
0.07498558783573436	1.5160620366096223e-8
0.07606051577491299	1.5174731090622416e-8
0.07714081835378758	1.5188935380416698e-8
0.07822652244555647	1.5203233988112917e-8
0.07931765505778425	1.5217627673957846e-8
0.0804142433330731	1.5232117205907193e-8
0.08151631454973848	1.5246703359723033e-8
0.08262389612248718	1.5261386919072333e-8
0.0837370156030995	1.527616867562776e-8
0.0848557006811149	1.5291049429169102e-8
0.0859799791845205	1.530602998768697e-8
0.08710987908044313	1.5321111167487766e-8
0.08824542847584534	1.5336293793300396e-8
0.08938665561822454	1.5351578698384613e-8
0.09053358889631567	1.536696672464115e-8
0.09168625684079722	1.5382458722722913e-8
0.09284468812500112	1.539805555214914e-8
0.09400891156562617	1.5413758081420113e-8
0.0951789561234543	1.5429567188134495e-8
0.09635485090407148	1.5445483759108157e-8
0.09753662515859184	1.5461508690494828e-8
0.0987243082843847	1.547764288790898e-8
0.09991792982580656	1.5493887266550323e-8
0.10111751947493569	1.5510242751330396e-8
0.10232310707231031	1.5526710277001338e-8
0.1035347226076718	1.5543290788286466e-8
0.10475239622071016	1.555998524001292e-8
0.10597615820181366	1.5576794597247042e-8
0.10720603899282274	1.5593719835431028e-8
0.10844206918778684	1.5610761940522442e-8
0.10968427953372567	1.5627921909135812e-8
0.1109327009313943	1.5645200748686466e-8
0.11218736443605135	1.566259947753656e-8
0.11344830125823162	1.5680119125144238e-8
0.11471554276452282	1.569776073221418e-8
0.11598912047834534	1.5715525350851394e-8
0.11726906608073695	1.5733414044717284e-8
0.11855541141114062	1.5751427889188186e-8
0.11984818846819621	1.576956797151675e-8
0.12114742941053713	1.5787835390996046e-8
0.12245316655758978	1.5806231259126156e-8
0.1237654323903777	1.582475669978367e-8
0.12508425955232963	1.584341284939397e-8
0.12640968085009122	1.586220085710664e-8
0.1277417292543416	1.588112188497374e-8
0.1290804379006133	1.590017710813084e-8
0.13042584009011637	1.5919367714981533e-8
0.1317779692905669	1.593869490738458e-8
0.13313685913701961	1.5958159900844954e-8
0.13450254343270476	1.597776392470737e-8
0.13587505614986833	1.59975082223542e-8
0.13725443143061763	1.6017394051405043e-8
0.13864070358777073	1.603742268392201e-8
0.14003390710570945	1.6057595406616675e-8
0.14143407664123803	1.6077913521061366e-8
0.1428412470244442	1.6098378343904672e-8
0.1442554532595664	1.6118991207089415e-8
0.14567673052586416	1.6139753458075946e-8
0.1471051141784935	1.616066646006803e-8
0.14854063974938603	1.618173159224377e-8
0.149983342948133	1.6202950249989866e-8
0.15143325966287374	1.6224323845140448e-8
0.15289042596118813	1.6245853806220234e-8
0.15435487809099402	1.6267541578691592e-8
0.15582665248144906	1.628938862520649e-8
0.1573057857438562	1.6311396425862646e-8
0.15879231467257537	1.633356647846496e-8
0.16028627624593816	1.635590029879022e-8
0.16178770762716785	1.6378399420858495e-8
0.16329664616530362	1.6401065397208057e-8
0.16481312939613008	1.6423899799175893e-8
0.1663371950431107	1.644690421718381e-8
0.16786888101832628	1.647008026102817e-8
0.1694082254234178	1.6493429560177102e-8
0.1709552665505349	1.6516953764071936e-8
0.17251004288328747	1.6540654542434196e-8
0.17407259309770393	1.656453358557906e-8
0.17564295606319252	1.6588592604734e-8
0.17722117084350858	1.661283333236379e-8
0.17880727669772617	1.6637257522501185e-8
0.18040131308121476	1.6661866951084735e-8
0.18200331964662084	1.6686663416301762e-8
0.18361333624485401	1.6711648738939256e-8
0.18523140292607826	1.6736824762739864e-8
0.18685755994070874	1.6762193354766413e-8
0.1884918477404122	1.678775640577215e-8
0.19013430697911424	1.681351583057855e-8
0.1917849785140098	1.6839473568460468e-8
0.19344390340657974	1.6865631583538896e-8
0.19511112292361268	1.6891991865181062e-8
0.1967866785382308	1.6918556428408746e-8
0.19847061193092203	1.694532731431395e-8
0.20016296499057665	1.697230659048363e-8
0.20186377981552947	1.699949635143174e-8
0.2035730987146071	1.702689871904138e-8
0.20529096420818022	1.7054515843013793e-8
0.20701741902922113	1.7082349901328066e-8
0.20875250612436722	1.7110403100709e-8
0.210496268654989	1.7138677677104925e-8
0.21224874999826396	1.7167175896174755e-8
0.21400999374825516	1.719590005378495e-8
0.21578004371699644	1.722485247651743e-8
0.21755894393558148	1.7254035522186225e-8
0.2193467386552594	1.7283451580366364e-8
0.22114347234853576	1.731310307293243e-8
0.22294918971027836	1.734299245460904e-8
0.2247639356588297	1.7373122213532197e-8
0.2265877553371239	1.74034948718227e-8
0.2284206941138094	1.7434112986171015e-8
0.23026279758437848	1.7464979148434958e-8
0.23211411157230027	1.749609598624967e-8
0.23397468213016168	1.7527466163650387e-8
0.23584455554081238	1.7559092381708593e-8
0.23772377831851643	1.7590977379181576e-8
0.23961239721010893	1.7623123933176064e-8
0.24151045919615952	1.7655534859825504e-8
0.24341801149214037	1.7688213014982862e-8
0.24533510154960114	1.7721161294927365e-8
0.24726177705734917	1.7754382637087673e-8
0.24919808594263576	1.7787880020779612e-8
0.251144076372349	1.7821656467960966e-8
0.2530997967542107	1.785571504400222e-8
0.2550652957379817	1.7890058858474978e-8
0.2570406222166717	1.7924691065957136e-8
0.2590258253277551	1.7959614866856433e-8
0.26102095445439405	1.7994833508251813e-8
0.2630260592266659	1.803035028475467e-8
0.2650411895227993	1.8066168539387863e-8
0.2670663954704134	1.810229166448671e-8
0.26910172744776534	1.8138723102618355e-8
0.27114723608500396	1.817546634752335e-8
0.27320297226542917	1.821252494507846e-8
0.27526898712675635	1.8249902494281252e-8
0.27734533206239	1.8287602648258422e-8
0.2794320587227019	1.8325629115295626e-8
0.2815292190163153	1.8363985659893895e-8
0.2836368651113967	1.8402676103848266e-8
0.28575504943695385	1.844170432735277e-8
0.28788382468413853	1.8481074270132474e-8
0.29002324380755934	1.8520789932600136e-8
0.29217336002659705	1.8560855377042522e-8
0.29433422682673016	1.8601274728833907e-8
0.29650589796086374	1.8642052177678884e-8
0.29868842745066804	1.8683191978885557e-8
0.30088186958792124	1.8724698454668986e-8
0.3030862789358609	1.8766575995487084e-8
0.30530171033054027	1.8808829061408577e-8
0.307528218882193	1.8851462183514555e-8
0.30976585997660405	1.8894479965335317e-8
0.312014689276487	1.8937887084322568e-8
0.31427476272286925	1.8981688293357424e-8
0.3165461365364837	1.9025888422297698e-8
0.3188288672191662	1.9070492379562775e-8
0.32112301155526213	1.9115505153759593e-8
0.32342862661303834	1.9160931815349326e-8
0.3257457697461036	1.9206777518356625e-8
0.32807449859483384	1.9253047502123165e-8
0.3304148710878078	1.9299747093106122e-8
0.33276694544324686	1.934688170672268e-8
0.33513078017046305	1.9394456849244204e-8
0.33750643407131514	1.9442478119737914e-8
0.3398939662416715	1.949095121206171e-8
0.3422934360728799	1.953988191690979e-8
0.34470490325324404	1.95892761239145e-8
0.3471284277695101	1.9639139823802618e-8
0.34956406990835764	1.9689479110611292e-8
0.3520118902578995	1.9740300183962212e-8
0.354471949709189	1.9791609351398488e-8
0.3569443094577349	1.9843413030785287e-8
0.3594290310050235	1.9895717752776094e-8
0.3619261761600484	1.9948530163346583e-8
0.3644358070408486	2.0001857026399807e-8
0.36695798607605284	2.0055705226443273e-8
0.36949277600643327	2.011008177134135e-8
0.37204023988646523	2.016499379514496e-8
0.3746004410858973	2.022044856100269e-8
0.3771734432913268	2.0276453464153013e-8
0.3797593105077832	2.0333016035004387e-8
0.3823581070603219	2.039014394230246e-8
0.38496989759562367	2.044784499639072e-8
0.3875947470836016	2.0506127152564738e-8
0.3902327208190196	2.0564998514526596e-8
0.3928838844231145	2.0624467337939782e-8
0.39554830384522993	2.0684542034090392e-8
0.3982260453644561	2.0745231173658558e-8
0.4009171755912785	2.0806543490601257e-8
0.40362176146923495	2.0868487886154413e-8
0.40633987027658097	2.0931073432956236e-8
0.4090715696279639	2.099430937929669e-8
0.4118169274761037	2.1058205153497856e-8
0.4145760121134843	2.1122770368430496e-8
0.4173488921740515	2.1188014826171123e-8
0.4201356366349219	2.1253948522806228e-8
0.42293631481809635	2.132058165338704e-8
0.4257509963921868	2.138792461704312e-8
0.42857975137414767	2.1455988022259162e-8
0.43142265013101855	2.1524782692322233e-8
0.43427976338167373	2.1594319670945207e-8
0.43715116219858224	2.166461022807486e-8
0.44003691800957523	2.1735665865890008e-8
0.44293710259962304	2.1807498324999678e-8
0.4458517881126211	2.1880119590845873e-8
0.44878104705318417	2.1953541900324378e-8
0.45172495228844983	2.2027777748626005e-8
0.45468357704989204	2.2102839896313547e-8
0.4576569949351413	2.217874137664079e-8
0.46064527990981685	2.2255495503123524e-8
0.4636485063093658	2.233311587737523e-8
0.4666667488409128	2.2411616397216785e-8
0.4697000825851173	2.2491011265072647e-8
0.4727485829980427	2.257131499666686e-8
0.47581232591303285	2.265254243002885e-8
0.478891387542598	2.273470873482653e-8
0.48198584448031084	2.2817829422038958e-8
0.4850957737027124	2.290192035398221e-8
0.48822125257122595	2.2986997754708068e-8
0.49136235883408197	2.3073078220790066e-8
0.4945191706282523	2.3160178732513372e-8
0.4976917664813935	2.3248316665490115e-8
0.5008802253138004	2.3337509802717996e-8
0.5040846264403696	2.342777634710276e-8
0.5073050495725715	2.3519134934467807e-8
0.5105415748204343	2.3611604647072555e-8
0.5137942826945365	2.3705205027664856e-8
0.517063254108009	2.379995609409407e-8
0.5203485703785492	2.3895878354510872e-8
0.5236503132304419	2.3992992823183182e-8
0.5269685647965939	2.4091321036960207e-8
0.5303034076205766	2.419088507241444e-8
0.5336549246586795	2.4291707563700224e-8
0.5370231992819728	2.4393811721161577e-8
0.5404083152783826	2.4497221350731057e-8
0.5438103568547747	2.460196087415931e-8
0.5472294086390483	2.470805535012109e-8
0.5506655556822436	2.481553049624266e-8
0.5541188834606549	2.492441271210305e-8
0.5575894778779582	2.5034729103259234e-8
0.5610774252673477	2.5146507506355255e-8
0.5645828123936844	2.5259776515374173e-8
0.5681057264556525	2.537456550909689e-8
0.5716462550879309	2.549090467984023e-8
0.5752044863633705	2.560882506354488e-8
0.5787805087951873	2.572835857129464e-8
0.5823744113391631	2.5849538022352897e-8
0.5859862833958588	2.5972397178806273e-8
0.5896162148128381	2.609697078191412e-8
0.5932642958869024	2.622329459027217e-8
0.5969306173663369	2.6351405419901366e-8
0.6006152704531684	2.6481341186386705e-8
0.6043183468054344	2.6613140949199834e-8
0.6080399385394615	2.6746844958348705e-8
0.6117801382321587	2.688249470351025e-8
0.6155390389233192	2.7020132965815748e-8
0.6193167341179359	2.7159803872475074e-8
0.6231133177885255	2.730155295443593e-8
0.6269288843774683	2.744542720730363e-8
0.6307635287993556	2.759147515575427e-8
0.6346173464433522	2.773974692170901e-8
0.6384904331755688	2.7890294296553046e-8
0.6423828853414466	2.804317081771939e-8
0.6462947997681537	2.8198431849985185e-8
0.6502262737669944	2.8356134671866086e-8
0.6541774051358293	2.8516338567538237e-8
0.6581482921615082	2.8679104924761205e-8
0.6621390336223156	2.8844497339332777e-8
0.6661497287904271	2.9012581726665924e-8
0.6701804774343789	2.9183426441151012e-8
0.6742313798215507	2.935710240404683e-8
0.6783025367206585	2.953368324073895e-8
0.682394049404262	2.9713245428313292e-8
0.6865060196512833	2.989586845451949e-8
0.6906385497495399	3.008163498934564e-8
0.6947917424982876	3.0270631070596535e-8
0.6989657012107791	3.046294630507537e-8
0.7031605297168331	3.0658674087194536e-8
0.7073763323654171	3.0857911837130906e-8
0.7116132140272443	3.1060761260958816e-8
0.7158712800973803	3.1267328635588645e-8
0.7201506364978669	3.147772512179548e-8
0.724451389680356	3.16920671091686e-8
0.7287736466287575	3.191047659746327e-8
0.7331175148619014	3.213308161961187e-8
0.737483102436211	3.236001671258003e-8
0.7418705179483918	3.2591423443365847e-8
0.7462798705381338	3.282745099877392e-8
0.7507112698908246	3.306825684920631e-8
0.7551648262402787	3.331400749864612e-8
0.7596406503714802	3.3564879335351965e-8
0.7641388536233378	3.382105960060988e-8
0.7686595478914543	3.40827474963181e-8
0.7732028456309116	3.435015545634411e-8
0.777768859859066	3.462351061165207e-8
0.7823577041583611	3.490305648536333e-8
0.7869694926791531	3.518905496141885e-8
0.7916043401425489	3.548178857969626e-8
0.7962623618432616	3.57815632216476e-8
0.8009436736524779	3.6088711264262636e-8
0.8056483920207402	3.640359529702037e-8
0.8103766339808439	3.672661251716099e-8
0.8151285171507483	3.705819994406536e-8
0.8199041597365018	3.73988406248132e-8
0.8247036805351844	3.7749071041597704e-8
0.8295271989378604	3.810948997927341e-8
0.8343748349325497	3.8480769170146236e-8
0.8392467091072124	3.886366610587673e-8
0.8441429426527486	3.9259039496464477e-8
0.8490636573660123	3.9667867967987646e-8
0.8540089756528424	4.009127272940762e-8
0.8589790205311068	4.0530545111010766e-8
0.8639739156337622	4.09871800913183e-8
0.868973915633762	4.146099841023757e-8
0.8739739156337618	4.195327602199813e-8
0.8789739156337616	4.246603463584534e-8
0.8839739156337615	4.300163772236508e-8
0.8889739156337613	4.356285620143936e-8
0.893973915633761	4.4152947279587826e-8
0.8989739156337608	4.4775749109089426e-8
0.9039739156337606	4.5435794487357815e-8
0.9089739156337604	4.613844747332713e-8
0.9139739156337602	4.689006759075305e-8
0.91897391563376	4.769820724401204e-8
0.9239739156337599	4.857184912344151e-8
0.9289739156337596	4.95216917645909e-8
0.9339739156337594	5.0560493097171195e-8
0.9389739156337592	5.170348383307627e-8
0.943973915633759	5.296886496848153e-8
0.9489739156337588	5.437840659678399e-8
0.9539739156337586	5.595816874813127e-8
0.9589739156337583	5.773936920912905e-8
0.9639739156337582	5.975942837912041e-8
0.968973915633758	6.206322736281968e-8
0.9739739156337578	6.470462289390002e-8
0.9789739156337576	6.774827158347242e-8
0.9839739156337574	7.127182669486852e-8
0.9889739156337571	7.536858352562207e-8
0.9939739156337569	8.015066496502047e-8
0.9989739156337567	8.575285741264634e-8
1.0039739156337566	9.233722961377842e-8
1.0089739156337563	1.0009869383608269e-7
1.0139739156337562	1.092717010672447e-7
1.0189739156337558	1.2013830061298058e-7
1.0239739156337557	1.3303784087733384e-7
1.0289739156337556	1.4837864370508225e-7
1.0339739156337553	1.6665205122717522e-7
1.0389739156337552	1.884493237623432e-7
1.0439739156337549	2.1448196244937445e-7
1.0489739156337547	2.4560614380116407e-7
1.0539739156337544	2.828520886549633e-7
1.0589739156337543	3.274593489671381e-7
1.0639739156337542	3.8091918710311823e-7
1.0689739156337539	4.450254489189574e-7
1.0739739156337538	5.219355999637302e-7
1.0789739156337534	6.142439102587357e-7
1.0839739156337533	7.2506914480908e-7
1.088973915633753	8.581595524785446e-7
1.093973915633753	1.0180184539412876e-6
1.0989739156337526	1.2100543193507865e-6
1.1039739156337525	1.4407599074549985e-6
1.1089739156337524	1.7179258190018775e-6
1.113973915633752	2.0508947060806424e-6
1.118973915633752	2.4508633809339837e-6
1.1239739156337516	2.9312411844848686e-6
1.1289739156337515	3.5080742026054326e-6
1.1339739156337512	4.2005462455061325e-6
1.138973915633751	5.0315689106619955e-6
1.143973915633751	6.0284744970865135e-6
1.1489739156337506	7.223826976696251e-6
1.1539739156337505	8.656367585678597e-6
1.1589739156337502	1.0372112782128598e-5
1.16397391563375	1.2425623209667878e-5
1.1689739156337497	1.4881462771229664e-5
1.1739739156337496	1.781586679176948e-5
1.1789739156337493	2.1318637351227105e-5
1.1839739156337492	2.549528199432251e-5
1.187980436725312	2.941097980827969e-5
1.1919869578168745	3.391144455436616e-5
1.1959934789084372	3.907924973018603e-5
1.2	4.5007531647439395e-5
