0.0006999999999999628	7.971110757183196e-9
0.001403500000000035	7.975875298828735e-9
0.0021105174999999296	7.980668707956572e-9
0.0028210700874998964	7.985491042001733e-9
0.003535175437937438	7.990342499887385e-9
0.004252851315127062	7.995223284316836e-9
0.004974115571702636	8.00013359978177e-9
0.005698986149561044	8.00507365254083e-9
0.006427481080308875	8.010043650630567e-9
0.007159618485710418	8.01504380387942e-9
0.007895416578138905	8.020074323922388e-9
0.008634893661029494	8.025135424217647e-9
0.00937806812933463	8.030227320062832e-9
0.010124958469981361	8.035350228613007e-9
0.010875583262331262	8.040504368898482e-9
0.01162996117864295	8.045689961843245e-9
0.012388110984536127	8.050907230284342e-9
0.013150051539458866	8.056156398990664e-9
0.013915801797156208	8.06143769468324e-9
0.014685380806142003	8.066751346054881e-9
0.015458807710172712	8.072097583791105e-9
0.01623610174872358	8.077476640590548e-9
0.017017282257467212	8.082888751186323e-9
0.017802368668754516	8.088334152367307e-9
0.01859138051209827	8.093813083000159e-9
0.019384337414658823	8.099325784051172e-9
0.020181259101732015	8.104872498609029e-9
0.020982165397240727	8.11045347190715e-9
0.02178707622422691	8.116068951347073e-9
0.02259601160534814	8.121719186521902e-9
0.02340899166337483	8.127404429239687e-9
0.024226036621691812	8.13312493354783e-9
0.02504716680480027	8.138880955757353e-9
0.025872402638824326	8.144672754467502e-9
0.02670176465201842	8.150500590591058e-9
0.02753527347527842	8.15636472737954e-9
0.028372949842654864	8.162265430449105e-9
0.0292148145918682	8.16820296780649e-9
0.03006088866482743	8.174177609875552e-9
0.03091119310815165	8.180189629524141e-9
0.0317657490736924	8.18623930209122e-9
0.03262457781906081	8.192326905414405e-9
0.03348770070815601	8.198452719858016e-9
0.034355139211696875	8.20461702834117e-9
0.035226914907755424	8.210820116366689e-9
0.03610304948229413	8.2170622720501e-9
0.03698356472970569	8.22334378614908e-9
0.03786848255335419	8.229664952093457e-9
0.038757824966120964	8.236026066015412e-9
0.03965161409095162	8.24242742678019e-9
0.04054987216140643	8.24886933601747e-9
0.04145262152221345	8.255352098152513e-9
0.04235988462982453	8.26187602043858e-9
0.04327168405297366	8.268441412989118e-9
0.0441880424732386	8.275048588810852e-9
0.04510898268560485	8.281697863836927e-9
0.046034527599032954	8.288389556960945e-9
0.04696470023702812	8.295123990071208e-9
0.04789952373821329	8.301901488085246e-9
0.048839021356904266	8.30872237898544e-9
0.04978321646368884	8.315586993854725e-9
0.05073213254600732	8.322495666912525e-9
0.05168579320873729	8.329448735551858e-9
0.052644222174780875	8.336446540376536e-9
0.05360744328565471	8.343489425238923e-9
0.054575480502083065	8.35057773727843e-9
0.055548357904593434	8.357711826960189e-9
0.056526099694116344	8.364892048114756e-9
0.0575087301925869	8.372118757977986e-9
0.05849627384354973	8.379392317231713e-9
0.05948875521276744	8.386713090044933e-9
0.06048619898883127	8.394081444115403e-9
0.061488629983775384	8.401497750712248e-9
0.06249607313369419	8.40896238471886e-9
0.06350855349936275	8.416475724676429e-9
0.06452609626685958	8.42403815282835e-9
0.06554872674819387	8.431650055165017e-9
0.06657647038193484	8.43931182146928e-9
0.06760935273384447	8.447023845362972e-9
0.06864739949751365	8.45478652435332e-9
0.0696906364950013	8.462600259881045e-9
0.07073908967747639	8.470465457368235e-9
0.07179278512586384	8.47838252626767e-9
0.07285174905149322	8.486351880112224e-9
0.0739160077967507	8.494373936565512e-9
0.07498558783573436	8.502449117473127e-9
0.07606051577491299	8.51057784891456e-9
0.07714081835378758	8.518760561256005e-9
0.07822652244555647	8.526997689203707e-9
0.07931765505778425	8.535289671858609e-9
0.0804142433330731	8.543636952771448e-9
0.08151631454973848	8.5520399799985e-9
0.08262389612248718	8.560499206158838e-9
0.0837370156030995	8.569015088491648e-9
0.0848557006811149	8.577588088915304e-9
0.0859799791845205	8.586218674086179e-9
0.08710987908044313	8.594907315459874e-9
0.08824542847584534	8.603654489351857e-9
0.08938665561822454	8.61246067700009e-9
0.09053358889631567	8.621326364628207e-9
0.09168625684079722	8.630252043509514e-9
0.09284468812500112	8.639238210032624e-9
0.09400891156562617	8.648285365767244e-9
0.0951789561234543	8.65739401753175e-9
0.09635485090407148	8.666564677461228e-9
0.09753662515859184	8.675797863077033e-9
0.0987243082843847	8.685094097357186e-9
0.09991792982580656	8.694453908807828e-9
0.10111751947493569	8.703877831536251e-9
0.10232310707231031	8.713366405324377e-9
0.1035347226076718	8.722920175703977e-9
0.10475239622071016	8.732539694032931e-9
0.10597615820181366	8.742225517572515e-9
0.10720603899282274	8.751978209566156e-9
0.10844206918778684	8.761798339319393e-9
0.10968427953372567	8.77168648228102e-9
0.1109327009313943	8.78164322012581e-9
0.11218736443605135	8.791669140837967e-9
0.11344830125823162	8.801764838796898e-9
0.11471554276452282	8.811930914863403e-9
0.11598912047834534	8.82216797646795e-9
0.11726906608073695	8.832476637699832e-9
0.11855541141114062	8.842857519398561e-9
0.11984818846819621	8.853311249245814e-9
0.12114742941053713	8.863838461859826e-9
0.12245316655758978	8.874439798890415e-9
0.1237654323903777	8.885115909116495e-9
0.12508425955232963	8.895867448544568e-9
0.12640968085009122	8.906695080509107e-9
0.1277417292543416	8.91759947577454e-9
0.1290804379006133	8.928581312639047e-9
0.13042584009011637	8.93964127703996e-9
0.1317779692905669	8.950780062661105e-9
0.13313685913701961	8.961998371041809e-9
0.13450254343270476	8.9732969116878e-9
0.13587505614986833	8.984676402184132e-9
0.13725443143061763	8.996137568309699e-9
0.13864070358777073	9.007681144154208e-9
0.14003390710570945	9.019307872236541e-9
0.14143407664123803	9.03101850362573e-9
0.1428412470244442	9.042813798063746e-9
0.1442554532595664	9.054694524090306e-9
0.14567673052586416	9.066661459170041e-9
0.1471051141784935	9.07871538982192e-9
0.14854063974938603	9.090857111750694e-9
0.149983342948133	9.103087429980713e-9
0.15143325966287374	9.115407158992511e-9
0.15289042596118813	9.127817122861006e-9
0.15435487809099402	9.140318155396784e-9
0.15582665248144906	9.15291110028965e-9
0.1573057857438562	9.165596811254836e-9
0.15879231467257537	9.178376152181592e-9
0.16028627624593816	9.19124999728455e-9
0.16178770762716785	9.204219231258174e-9
0.16329664616530362	9.217284749433096e-9
0.16481312939613008	9.230447457936355e-9
0.1663371950431107	9.243708273853658e-9
0.16786888101832628	9.257068125395065e-9
0.1694082254234178	9.270527952063447e-9
0.1709552665505349	9.284088704826284e-9
0.17251004288328747	9.29775134629042e-9
0.17407259309770393	9.311516850879913e-9
0.17564295606319252	9.325386205017477e-9
0.17722117084350858	9.33936040730918e-9
0.17880727669772617	9.35344046873212e-9
0.18040131308121476	9.367627412826741e-9
0.18200331964662084	9.381922275891074e-9
0.18361333624485401	9.396326107180166e-9
0.18523140292607826	9.41083996910842e-9
0.18685755994070874	9.425464937455958e-9
0.1884918477404122	9.440202101578866e-9
0.19013430697911424	9.455052564623387e-9
0.1917849785140098	9.470017443744393e-9
0.19344390340657974	9.485097870327797e-9
0.19511112292361268	9.500294990217236e-9
0.1967866785382308	9.515609963945381e-9
0.19847061193092203	9.531043966969385e-9
0.20016296499057665	9.546598189911022e-9
0.20186377981552947	9.562273838801576e-9
0.2035730987146071	9.578072135331258e-9
0.20529096420818022	9.593994317104027e-9
0.20701741902922113	9.610041637896467e-9
0.20875250612436722	9.626215367922816e-9
0.210496268654989	9.642516794104671e-9
0.21224874999826396	9.658947220345978e-9
0.21400999374825516	9.675507967813569e-9
0.21578004371699644	9.6922003752237e-9
0.21755894393558148	9.709025799133696e-9
0.2193467386552594	9.725985614239775e-9
0.22114347234853576	9.743081213681029e-9
0.22294918971027836	9.760314009349214e-9
0.2247639356588297	9.777685432205037e-9
0.2265877553371239	9.795196932600949e-9
0.2284206941138094	9.812849980610314e-9
0.23026279758437848	9.830646066363467e-9
0.23211411157230027	9.848586700391002e-9
0.23397468213016168	9.866673413973375e-9
0.23584455554081238	9.88490775949853e-9
0.23772377831851643	9.90329131082661e-9
0.23961239721010893	9.92182566366246e-9
0.24151045919615952	9.940512435935799e-9
0.24341801149214037	9.959353268189319e-9
0.24533510154960114	9.978349823975255e-9
0.24726177705734917	9.997503790260273e-9
0.24919808594263576	1.001681687783879e-8
0.251144076372349	1.0036290821755492e-8
0.2530997967542107	1.0055927381736458e-8
0.2550652957379817	1.0075728342630063e-8
0.2570406222166717	1.009569551485683e-8
0.2590258253277551	1.0115830734869903e-8
0.26102095445439405	1.0136135865624534e-8
0.2630260592266659	1.0156612797058582e-8
0.2650411895227993	1.0177263446583272e-8
0.2670663954704134	1.019808975958494e-8
0.26910172744776534	1.0219093709937408e-8
0.27114723608500396	1.0240277300526603e-8
0.27320297226542917	1.0261642563786097e-8
0.27526898712675635	1.0283191562244686e-8
0.27734533206239	1.0304926389087069e-8
0.2794320587227019	1.0326849168726192e-8
0.2815292190163153	1.0348962057389137e-8
0.2836368651113967	1.0371267243716254e-8
0.28575504943695385	1.0393766949373883e-8
0.28788382468413853	1.0416463429681352e-8
0.29002324380755934	1.0439358974252101e-8
0.29217336002659705	1.046245590764973e-8
0.29433422682673016	1.0485756590059846e-8
0.29650589796086374	1.0509263417976479e-8
0.29868842745066804	1.0532978824905927e-8
0.30088186958792124	1.0556905282085663e-8
0.3030862789358609	1.0581045299221817e-8
0.30530171033054027	1.0605401425242856e-8
0.307528218882193	1.062997624907201e-8
0.30976585997660405	1.0654772400418074e-8
0.312014689276487	1.0679792550584566e-8
0.31427476272286925	1.0705039413299415e-8
0.3165461365364837	1.0730515745564542e-8
0.3188288672191662	1.0756224348525302e-8
0.32112301155526213	1.0782168068362376e-8
0.32342862661303834	1.080834979720473e-8
0.3257457697461036	1.0834772474065844e-8
0.32807449859483384	1.0861439085802457e-8
0.3304148710878078	1.0888352668097652e-8
0.33276694544324686	1.091551630646882e-8
0.33513078017046305	1.0942933137299974e-8
0.33750643407131514	1.0970606348901579e-8
0.3398939662416715	1.0998539182595996e-8
0.3422934360728799	1.1026734933831563e-8
0.34470490325324404	1.1055196953324822e-8
0.3471284277695101	1.1083928648231905e-8
0.34956406990835764	1.1112933483351232e-8
0.3520118902578995	1.1142214982356395e-8
0.354471949709189	1.1171776729061797e-8
0.3569443094577349	1.1201622368721709e-8
0.3594290310050235	1.1231755609363508e-8
0.3619261761600484	1.1262180223155756e-8
0.3644358070408486	1.1292900047813873e-8
0.36695798607605284	1.1323918988042548e-8
0.36949277600643327	1.1355241017017387e-8
0.37204023988646523	1.138687017790695e-8
0.3746004410858973	1.141881058543547e-8
0.3771734432913268	1.1451066427489357e-8
0.3797593105077832	1.1483641966767295e-8
0.3823581070603219	1.1516541542475785e-8
0.38496989759562367	1.1549769572072512e-8
0.3875947470836016	1.1583330553058225e-8
0.3902327208190196	1.1617229064818471e-8
0.3928838844231145	1.1651469770518407e-8
0.39554830384522993	1.1686057419050188e-8
0.3982260453644561	1.1720996847037533e-8
0.4009171755912785	1.1756292980896641e-8
0.40362176146923495	1.1791950838957148e-8
0.40633987027658097	1.1827975533645297e-8
0.4090715696279639	1.186437227372987e-8
0.4118169274761037	1.1901146366635144e-8
0.4145760121134843	1.1938303220821734e-8
0.4173488921740515	1.1975848348238651e-8
0.4201356366349219	1.201378736684835e-8
0.42293631481809635	1.205212600322842e-8
0.4257509963921868	1.2090870095251304e-8
0.42857975137414767	1.21300255948469e-8
0.43142265013101855	1.2169598570848372e-8
0.43427976338167373	1.2209595211927412e-8
0.43715116219858224	1.2250021829619527e-8
0.44003691800957523	1.2290884861444341e-8
0.44293710259962304	1.2332190874124249e-8
0.4458517881126211	1.2373946566904595e-8
0.44878104705318417	1.2416158774979965e-8
0.45172495228844983	1.2458834473030487e-8
0.45468357704989204	1.2501980778871765e-8
0.4576569949351413	1.254560495722463e-8
0.46064527990981685	1.2589714423607075e-8
0.4636485063093658	1.263431674835545e-8
0.4666667488409128	1.2679419660778517e-8
0.4697000825851173	1.272503105345099e-8
0.4727485829980427	1.2771158986650925e-8
0.47581232591303285	1.2817811692948415e-8
0.478891387542598	1.286499758195046e-8
0.48198584448031084	1.2912725245209167e-8
0.4850957737027124	1.2961003461300569e-8
0.48822125257122595	1.3009841201080552e-8
0.49136235883408197	1.3059247633125762e-8
0.4945191706282523	1.3109232129367785e-8
0.4976917664813935	1.3159804270928745e-8
0.5008802253138004	1.3210973854167112e-8
0.5040846264403696	1.326275089694332e-8
0.5073050495725715	1.3315145645115182e-8
0.5105415748204343	1.3368168579272503e-8
0.5137942826945365	1.342183042172382e-8
0.517063254108009	1.3476142143744391e-8
0.5203485703785492	1.353111497309999e-8
0.5236503132304419	1.3586760401857849e-8
0.5269685647965939	1.364309019449929e-8
0.5303034076205766	1.3700116396348268e-8
0.5336549246586795	1.3757851342331387e-8
0.5370231992819728	1.3816307666085509e-8
0.5404083152783826	1.3875498309430387e-8
0.5438103568547747	1.3935436532224777e-8
0.5472294086390483	1.3996135922626117e-8
0.5506655556822436	1.4057610407773035e-8
0.5541188834606549	1.411987426491524e-8
0.5575894778779582	1.4182942133012145e-8
0.5610774252673477	1.424682902482795e-8
0.5645828123936844	1.4311550339547811e-8
0.5681057264556525	1.437712187594596e-8
0.5716462550879309	1.4443559846136464e-8
0.5752044863633705	1.451088088993868e-8
0.5787805087951873	1.4579102089896001e-8
0.5823744113391631	1.4648240986983463e-8
0.5859862833958588	1.4718315597048108e-8
0.5896162148128381	1.47893444280264e-8
0.5932642958869024	1.4861346497987024e-8
0.5969306173663369	1.4934341354053045e-8
0.6006152704531684	1.5008349092260013e-8
0.6043183468054344	1.5083390378412127e-8
0.6080399385394615	1.515948647000687e-8
0.6117801382321587	1.5236659239300317e-8
0.6155390389233192	1.5314931197596742e-8
0.6193167341179359	1.539432552085176e-8
0.6231133177885255	1.547486607668922e-8
0.6269288843774683	1.5556577452940548e-8
0.6307635287993556	1.5639484987828935e-8
0.6346173464433522	1.5723614801933795e-8
0.6384904331755688	1.5808993832085457e-8
0.6423828853414466	1.5895649867359772e-8
0.6462947997681537	1.5983611587361135e-8
0.6502262737669944	1.607290860300772e-8
0.6541774051358293	1.616357150005836e-8
0.6581482921615082	1.625563188565437e-8
0.6621390336223156	1.634912243818521e-8
0.6661497287904271	1.6444076960831836e-8
0.6701804774343789	1.654053043919015e-8
0.6742313798215507	1.6638519103438396e-8
0.6783025367206585	1.673808049558229e-8
0.682394049404262	1.6839253542392175e-8
0.6865060196512833	1.694207863474675e-8
0.6906385497495399	1.7046597714211628e-8
0.6947917424982876	1.7152854367817004e-8
0.6989657012107791	1.726089393216616e-8
0.7031605297168331	1.7370763608192656e-8
0.7073763323654171	1.7482512588124577e-8
0.7116132140272443	1.7596192196483274e-8
0.7158712800973803	1.7711856047281055e-8
0.7201506364978669	1.782956021997758e-8
0.724451389680356	1.7949363457232598e-8
0.7287736466287575	1.8071327388071442e-8
0.7331175148619014	1.8195516780770686e-8
0.737483102436211	1.8321999830610712e-8
0.7418705179483918	1.845084848865624e-8
0.7462798705381338	1.858213883895428e-8
0.7507112698908246	1.8715951533024157e-8
0.7551648262402787	1.8852372292324886e-8
0.7596406503714802	1.8991492491583025e-8
0.7641388536233378	1.9133409838536388e-8
0.7686595478914543	1.9278229168913467e-8
0.7732028456309116	1.9426063379443905e-8
0.777768859859066	1.95770345265602e-8
0.7823577041583611	1.9731275124398013e-8
0.7869694926791531	1.988892968298065e-8
0.7916043401425489	2.0050156536407583e-8
0.7962623618432616	2.0215130021821535e-8
0.8009436736524779	2.0384043083394053e-8
0.8056483920207402	2.055711039212877e-8
0.8103766339808439	2.073457209267712e-8
0.8151285171507483	2.0916698313490558e-8
0.8199041597365018	2.110379460765524e-8
0.8247036805351844	2.1296208530055872e-8
0.8295271989378604	2.149433760388615e-8
0.8343748349325497	2.169863898814981e-8
0.8392467091072124	2.190964123042788e-8
0.8441429426527486	2.2127958579276387e-8
0.8490636573660123	2.2354308442449673e-8
0.8540089756528424	2.2589532716127445e-8
0.8589790205311068	2.283462388320354e-8
0.8639739156337622	2.3090756993957293e-8
0.868973915633762	2.3358241792935313e-8
0.8739739156337618	2.3638284706760206e-8
0.8789739156337616	2.3932619437288526e-8
0.8839739156337615	2.4243304269092718e-8
0.8889739156337613	2.4572786908904077e-8
0.893973915633761	2.4923982508064347e-8
0.8989739156337608	2.5300367564996806e-8
0.9039739156337606	2.5706092957441705e-8
0.9089739156337604	2.6146120020513424e-8
0.9139739156337602	2.6626384389592675e-8
0.91897391563376	2.7153993294653292e-8
0.9239739156337599	2.7737463158537017e-8
0.9289739156337596	2.8387005756516958e-8
0.9339739156337594	2.9114872887080025e-8
0.9389739156337592	2.99357715430122e-8
0.943973915633759	3.0867364028324846e-8
0.9489739156337588	3.193087042546445e-8
0.9539739156337586	3.31517943809252e-8
0.9589739156337583	3.456079746896507e-8
0.9639739156337582	3.6194752560491106e-8
0.968973915633758	3.8098012845090924e-8
0.9739739156337578	4.032394064202384e-8
0.9789739156337576	4.2936749146955656e-8
0.9839739156337574	4.6013721102562354e-8
0.9889739156337571	4.964788142126277e-8
0.9939739156337569	5.395121646856258e-8
0.9989739156337567	5.9058551564047636e-8
1.0039739156337566	6.513222090567023e-8
1.0089739156337563	7.236769132632513e-8
1.0139739156337562	8.100033395032396e-8
1.0189739156337558	9.13135770043523e-8
1.0239739156337557	1.0364872002958978e-7
1.0289739156337556	1.1841674605547613e-7
1.0339739156337553	1.3611253572845212e-7
1.0389739156337552	1.5733196806727984e-7
1.0439739156337549	1.827924889468926e-7
1.0489739156337547	2.1335784354454873e-7
1.0539739156337544	2.5006780626881564e-7
1.0589739156337543	2.941739051646732e-7
1.0639739156337542	3.471823321253143e-7
1.0689739156337539	4.109054608431388e-7
1.0739739156337538	4.875236674872846e-7
1.0789739156337534	5.796594716330376e-7
1.0839739156337533	6.904663948960139e-7
1.088973915633753	8.237353808086484e-7
1.093973915633753	9.840221412937195e-7
1.0989739156337526	1.1767994028498365e-6
1.1039739156337525	1.4086387298549065e-6
1.1089739156337524	1.6874274137168386e-6
1.113973915633752	2.0226268447069433e-6
1.118973915633752	2.4255798362294276e-6
1.1239739156337516	2.909875553984522e-6
1.1289739156337515	3.491782015132348e-6
1.1339739156337512	4.1907575582106674e-6
1.138973915633751	5.0300542264160805e-6
1.143973915633751	6.037427624955486e-6
1.1489739156337506	7.245969460842235e-6
1.1539739156337505	8.695080583622712e-6
1.1589739156337502	1.0431603827217916e-5
1.16397391563375	1.251113718930084e-5
1.1689739156337497	1.4999548731130045e-5
1.1739739156337496	1.7974714866734724e-5
1.1789739156337493	2.1528503240053976e-5
1.1839739156337492	2.576901994269195e-5
1.187980436725312	2.974735207430891e-5
1.1919869578168745	3.4322838849650916e-5
1.1959934789084372	3.958051594642052e-5
1.2	4.561645851780119e-5
