0.0006999999999999628	8.739121299648043e-9
0.001403500000000035	8.744557978238845e-9
0.0021105174999999296	8.750027735807773e-9
0.0028210700874998964	8.755530596816061e-9
0.003535175437937438	8.761066789450797e-9
0.004252851315127062	8.76663654679174e-9
0.004974115571702636	8.772240103990898e-9
0.005698986149561044	8.77787769824179e-9
0.006427481080308875	8.783549568792586e-9
0.007159618485710418	8.789255956962637e-9
0.007895416578138905	8.794997106160177e-9
0.008634893661029494	8.80077326190168e-9
0.00937806812933463	8.806584671831518e-9
0.010124958469981361	8.812431585742667e-9
0.010875583262331262	8.818314255598023e-9
0.01162996117864295	8.824232935552026e-9
0.012388110984536127	8.830187881972943e-9
0.013150051539458866	8.83617935346509e-9
0.013915801797156208	8.842207610892745e-9
0.014685380806142003	8.848272917402697e-9
0.015458807710172712	8.85437553844879e-9
0.01623610174872358	8.860515741815788e-9
0.017017282257467212	8.866693797644262e-9
0.017802368668754516	8.872909978455359e-9
0.01859138051209827	8.87916455917639e-9
0.019384337414658823	8.885457817166688e-9
0.020181259101732015	8.891790032243426e-9
0.020982165397240727	8.898161486708417e-9
0.02178707622422691	8.904572465374897e-9
0.02259601160534814	8.911023255595043e-9
0.02340899166337483	8.917514147287182e-9
0.024226036621691812	8.924045432964323e-9
0.02504716680480027	8.930617407762358e-9
0.025872402638824326	8.937230369468945e-9
0.02670176465201842	8.943884618552821e-9
0.02753527347527842	8.95058045819331e-9
0.028372949842654864	8.957318194310499e-9
0.0292148145918682	8.964098135595716e-9
0.03006088866482743	8.970920593542268e-9
0.03091119310815165	8.977785882477002e-9
0.0317657490736924	8.984694319591752e-9
0.03262457781906081	8.991646224975726e-9
0.03348770070815601	8.998641921648045e-9
0.034355139211696875	9.005681735590808e-9
0.035226914907755424	9.012765995782702e-9
0.03610304948229413	9.019895034232883e-9
0.03698356472970569	9.02706918601541e-9
0.03786848255335419	9.034288789304364e-9
0.038757824966120964	9.041554185408947e-9
0.03965161409095162	9.048865718809769e-9
0.04054987216140643	9.05622373719482e-9
0.04145262152221345	9.063628591496792e-9
0.04235988462982453	9.071080635930206e-9
0.04327168405297366	9.078580228029463e-9
0.0441880424732386	9.086127728687455e-9
0.04510898268560485	9.093723502194169e-9
0.046034527599032954	9.10136791627682e-9
0.04696470023702812	9.10906134213936e-9
0.04789952373821329	9.116804154503665e-9
0.048839021356904266	9.124596731650578e-9
0.04978321646368884	9.132439455461682e-9
0.05073213254600732	9.140332711461806e-9
0.05168579320873729	9.148276888862087e-9
0.052644222174780875	9.15627238060366e-9
0.05360744328565471	9.164319583401697e-9
0.054575480502083065	9.172418897790694e-9
0.055548357904593434	9.180570728169581e-9
0.056526099694116344	9.188775482848326e-9
0.0575087301925869	9.197033574094558e-9
0.05849627384354973	9.205345418181205e-9
0.05948875521276744	9.213711435434637e-9
0.06048619898883127	9.222132050283756e-9
0.061488629983775384	9.230607691309502e-9
0.06249607313369419	9.239138791295377e-9
0.06350855349936275	9.24772578727826e-9
0.06452609626685958	9.256369120600715e-9
0.06554872674819387	9.265069236963116e-9
0.06657647038193484	9.273826586477425e-9
0.06760935273384447	9.2826416237211e-9
0.06864739949751365	9.291514807792312e-9
0.0696906364950013	9.300446602365458e-9
0.07073908967747639	9.309437475748103e-9
0.07179278512586384	9.318487900938211e-9
0.07285174905149322	9.327598355682502e-9
0.0739160077967507	9.336769322535841e-9
0.07498558783573436	9.346001288921095e-9
0.07606051577491299	9.355294747190227e-9
0.07714081835378758	9.36465019468617e-9
0.07822652244555647	9.374068133805785e-9
0.07931765505778425	9.383549072063502e-9
0.0804142433330731	9.393093522156296e-9
0.08151631454973848	9.402702002029192e-9
0.08262389612248718	9.412375034942242e-9
0.0837370156030995	9.422113149538262e-9
0.0848557006811149	9.431916879911545e-9
0.0859799791845205	9.441786765677945e-9
0.08710987908044313	9.451723352045702e-9
0.08824542847584534	9.461727189887513e-9
0.08938665561822454	9.471798835813725e-9
0.09053358889631567	9.481938852246872e-9
0.09168625684079722	9.492147807496676e-9
0.09284468812500112	9.502426275837288e-9
0.09400891156562617	9.512774837584675e-9
0.0951789561234543	9.52319407917597e-9
0.09635485090407148	9.533684593249804e-9
0.09753662515859184	9.544246978727691e-9
0.0987243082843847	9.554881840897193e-9
0.09991792982580656	9.565589791496075e-9
0.10111751947493569	9.576371448797724e-9
0.10232310707231031	9.587227437698045e-9
0.1035347226076718	9.598158389804205e-9
0.10475239622071016	9.609164943523832e-9
0.10597615820181366	9.620247744156442e-9
0.10720603899282274	9.631407443986167e-9
0.10844206918778684	9.642644702375742e-9
0.10968427953372567	9.653960185862213e-9
0.1109327009313943	9.665354568254383e-9
0.11218736443605135	9.676828530731217e-9
0.11344830125823162	9.688382761942841e-9
0.11471554276452282	9.70001795811217e-9
0.11598912047834534	9.71173482313885e-9
0.11726906608073695	9.723534068704762e-9
0.11855541141114062	9.735416414381297e-9
0.11984818846819621	9.747382587738292e-9
0.12114742941053713	9.759433324454826e-9
0.12245316655758978	9.771569368432025e-9
0.1237654323903777	9.783791471907406e-9
0.12508425955232963	9.796100395571741e-9
0.12640968085009122	9.808496908687036e-9
0.1277417292543416	9.820981789207364e-9
0.1290804379006133	9.833555823901258e-9
0.13042584009011637	9.846219808475906e-9
0.1317779692905669	9.858974547704577e-9
0.13313685913701961	9.87182085555477e-9
0.13450254343270476	9.88475955531972e-9
0.13587505614986833	9.897791479751416e-9
0.13725443143061763	9.910917471196438e-9
0.13864070358777073	9.92413838173369e-9
0.14003390710570945	9.937455073314961e-9
0.14143407664123803	9.950868417907597e-9
0.1428412470244442	9.964379297639732e-9
0.1442554532595664	9.977988604948199e-9
0.14567673052586416	9.991697242728755e-9
0.1471051141784935	1.0005506124489389e-8
0.14854063974938603	1.0019416174505866e-8
0.149983342948133	1.0033428327980179e-8
0.15143325966287374	1.0047543531202138e-8
0.15289042596118813	1.0061762741713333e-8
0.15435487809099402	1.0076086928474271e-8
0.15582665248144906	1.0090517072034553e-8
0.1573057857438562	1.0105054164706074e-8
0.15879231467257537	1.01196992107392e-8
0.16028627624593816	1.0134453226502225e-8
0.16178770762716785	1.0149317240664259e-8
0.16329664616530362	1.0164292294381313e-8
0.16481312939613008	1.0179379441485313e-8
0.1663371950431107	1.0194579748677782e-8
0.16786888101832628	1.020989429572537e-8
0.1694082254234178	1.0225324175660797e-8
0.1709552665505349	1.0240870494985994e-8
0.17251004288328747	1.0256534373880097e-8
0.17407259309770393	1.0272316946410526e-8
0.17564295606319252	1.0288219360748597e-8
0.17722117084350858	1.0304242779388668e-8
0.17880727669772617	1.0320388379371865e-8
0.18040131308121476	1.033665735251369e-8
0.18200331964662084	1.0353050905636e-8
0.18361333624485401	1.0369570260803572e-8
0.18523140292607826	1.0386216655564737e-8
0.18685755994070874	1.0402991343197432e-8
0.1884918477404122	1.0419895592958651e-8
0.19013430697911424	1.0436930690340169e-8
0.1917849785140098	1.0454097937328094e-8
0.19344390340657974	1.0471398652667947e-8
0.19511112292361268	1.0488834172134845e-8
0.1967866785382308	1.0506405848808717e-8
0.19847061193092203	1.0524115053355033e-8
0.20016296499057665	1.0541963174311321e-8
0.20186377981552947	1.055995161837877e-8
0.2035730987146071	1.0578081810720044e-8
0.20529096420818022	1.0596355195262775e-8
0.20701741902922113	1.0614773235009099e-8
0.20875250612436722	1.0633337412351522e-8
0.210496268654989	1.0652049229394688e-8
0.21224874999826396	1.0670910208284531e-8
0.21400999374825516	1.0689921891542854e-8
0.21578004371699644	1.0709085842409323e-8
0.21755894393558148	1.0728403645190855e-8
0.2193467386552594	1.0747876905617073e-8
0.22114347234853576	1.0767507251203788e-8
0.22294918971027836	1.0787296331623799e-8
0.2247639356588297	1.0807245819085093e-8
0.2265877553371239	1.0827357408717262e-8
0.2284206941138094	1.0847632818965388e-8
0.23026279758437848	1.0868073791992816e-8
0.23211411157230027	1.0888682094091737e-8
0.23397468213016168	1.0909459516102597e-8
0.23584455554081238	1.0930407873842564e-8
0.23772377831851643	1.095152900854255e-8
0.23961239721010893	1.0972824787294227e-8
0.24151045919615952	1.0994297103505761e-8
0.24341801149214037	1.1015947877367881e-8
0.24533510154960114	1.103777905632951e-8
0.24726177705734917	1.1059792615584183e-8
0.24919808594263576	1.1081990558566533e-8
0.251144076372349	1.110437491745951e-8
0.2530997967542107	1.1126947753713068e-8
0.2550652957379817	1.1149711158573876e-8
0.2570406222166717	1.1172667253626809e-8
0.2590258253277551	1.1195818191348154e-8
0.26102095445439405	1.1219166155671427e-8
0.2630260592266659	1.1242713362565435e-8
0.2650411895227993	1.126646206062555e-8
0.2670663954704134	1.1290414531677772e-8
0.26910172744776534	1.1314573091396945e-8
0.27114723608500396	1.1338940089938515e-8
0.27320297226542917	1.136351791258473e-8
0.27526898712675635	1.1388308980405726e-8
0.27734533206239	1.1413315750935649e-8
0.2794320587227019	1.1438540718863893e-8
0.2815292190163153	1.1463986416742983e-8
0.2836368651113967	1.1489655415712493e-8
0.28575504943695385	1.1515550326239685e-8
0.28788382468413853	1.1541673798877654e-8
0.29002324380755934	1.1568028525041168e-8
0.29217336002659705	1.1594617237800858e-8
0.29433422682673016	1.1621442712696168e-8
0.29650589796086374	1.164850776856744e-8
0.29868842745066804	1.1675815268408277e-8
0.30088186958792124	1.170336812023791e-8
0.3030862789358609	1.1731169277994976e-8
0.30530171033054027	1.175922174245237e-8
0.307528218882193	1.1787528562155109e-8
0.30976585997660405	1.1816092834380149e-8
0.312014689276487	1.1844917706120774e-8
0.31427476272286925	1.1874006375094134e-8
0.3165461365364837	1.1903362090774888e-8
0.3188288672191662	1.1932988155453364e-8
0.32112301155526213	1.196288792532108e-8
0.32342862661303834	1.1993064811583188e-8
0.3257457697461036	1.2023522281598604e-8
0.32807449859483384	1.2054263860049901e-8
0.3304148710878078	1.208529313014196e-8
0.33276694544324686	1.2116613734831913e-8
0.33513078017046305	1.2148229378090812e-8
0.33750643407131514	1.2180143826197348e-8
0.3398939662416715	1.22123609090655e-8
0.3422934360728799	1.2244884521606933e-8
0.34470490325324404	1.2277718625128831e-8
0.3471284277695101	1.2310867248768801e-8
0.34956406990835764	1.234433449096748e-8
0.3520118902578995	1.2378124520980758e-8
0.354471949709189	1.2412241580432138e-8
0.3569443094577349	1.24466899849069e-8
0.3594290310050235	1.24814741255897e-8
0.3619261761600484	1.2516598470945934e-8
0.3644358070408486	1.2552067568449999e-8
0.36695798607605284	1.2587886046360232e-8
0.36949277600643327	1.2624058615543145e-8
0.37204023988646523	1.2660590071348762e-8
0.3746004410858973	1.2697485295537467e-8
0.3771734432913268	1.273474925826133e-8
0.3797593105077832	1.2772387020101936e-8
0.3823581070603219	1.281040373416478e-8
0.38496989759562367	1.2848804648235024e-8
0.3875947470836016	1.2887595106993403e-8
0.3902327208190196	1.2926780554298e-8
0.3928838844231145	1.2966366535530421e-8
0.39554830384522993	1.300635870001183e-8
0.3982260453644561	1.3046762803489605e-8
0.4009171755912785	1.308758471069705e-8
0.40362176146923495	1.3128830397989839e-8
0.40633987027658097	1.3170505956060926e-8
0.4090715696279639	1.3212617592737107e-8
0.4118169274761037	1.3255171635860689e-8
0.4145760121134843	1.3298174536258304e-8
0.4173488921740515	1.3341632870801482e-8
0.4201356366349219	1.3385553345560792e-8
0.42293631481809635	1.3429942799058424e-8
0.4257509963921868	1.3474808205622438e-8
0.42857975137414767	1.3520156678846199e-8
0.43142265013101855	1.3565995475157322e-8
0.43427976338167373	1.3612331997500404e-8
0.43715116219858224	1.3659173799137991e-8
0.44003691800957523	1.3706528587573762e-8
0.44293710259962304	1.3754404228604083e-8
0.4458517881126211	1.3802808750500941e-8
0.44878104705318417	1.385175034833388e-8
0.45172495228844983	1.3901237388434671e-8
0.45468357704989204	1.3951278413011377e-8
0.4576569949351413	1.4001882144917557e-8
0.46064527990981685	1.405305749258326e-8
0.4636485063093658	1.4104813555114536e-8
0.4666667488409128	1.4157159627567731e-8
0.4697000825851173	1.4210105206407338e-8
0.4727485829980427	1.4263659995153741e-8
0.47581232591303285	1.4317833910229777e-8
0.478891387542598	1.4372637087014824e-8
0.48198584448031084	1.4428079886114777e-8
0.4850957737027124	1.4484172899857875e-8
0.48822125257122595	1.4540926959026064e-8
0.49136235883408197	1.4598353139833463e-8
0.4945191706282523	1.4656462771160311e-8
0.4976917664813935	1.4715267442058422e-8
0.5008802253138004	1.4774779009535328e-8
0.5040846264403696	1.4835009606635156e-8
0.5073050495725715	1.4895971650825693e-8
0.5105415748204343	1.4957677852709504e-8
0.5137942826945365	1.5020141225071964e-8
0.517063254108009	1.5083375092284095e-8
0.5203485703785492	1.5147393100076922e-8
0.5236503132304419	1.5212209225704695e-8
0.5269685647965939	1.5277837788517893e-8
0.5303034076205766	1.534429346096492e-8
0.5336549246586795	1.541159128004543e-8
0.5370231992819728	1.547974665923723e-8
0.5404083152783826	1.5548775400922565e-8
0.5438103568547747	1.5618693709338504e-8
0.5472294086390483	1.5689518204080044e-8
0.5506655556822436	1.5761265934185643e-8
0.5541188834606549	1.5833954392835326e-8
0.5575894778779582	1.590760153269757e-8
0.5610774252673477	1.598222578195781e-8
0.5645828123936844	1.6057846061069584e-8
0.5681057264556525	1.613448180026773e-8
0.5716462550879309	1.6212152957889203e-8
0.5752044863633705	1.629088003954678e-8
0.5787805087951873	1.6370684118208815e-8
0.5823744113391631	1.645158685523735e-8
0.5859862833958588	1.6533610522445428e-8
0.5896162148128381	1.6616778025235088e-8
0.5932642958869024	1.6701112926885448e-8
0.5969306173663369	1.6786639474065617e-8
0.6006152704531684	1.687338262364981e-8
0.6043183468054344	1.696136807092539e-8
0.6080399385394615	1.7050622279284134e-8
0.6117801382321587	1.7141172511503212e-8
0.6155390389233192	1.7233046862724978e-8
0.6193167341179359	1.7326274295259877e-8
0.6231133177885255	1.742088467534539e-8
0.6269288843774683	1.7516908812009185e-8
0.6307635287993556	1.7614378498197376e-8
0.6346173464433522	1.771332655434677e-8
0.6384904331755688	1.7813786874597607e-8
0.6423828853414466	1.791579447586688e-8
0.6462947997681537	1.8019385550022867e-8
0.6502262737669944	1.812459751943204e-8
0.6541774051358293	1.8231469096180264e-8
0.6581482921615082	1.8340040345308023e-8
0.6621390336223156	1.8450352752435275e-8
0.6661497287904271	1.856244929620998e-8
0.6701804774343789	1.8676374526059405e-8
0.6742313798215507	1.879217464579561e-8
0.6783025367206585	1.890989760369855e-8
0.682394049404262	1.9029593189789172e-8
0.6865060196512833	1.9151313141106052e-8
0.6906385497495399	1.927511125592452e-8
0.6947917424982876	1.940104351799114e-8
0.6989657012107791	1.9529168232023834e-8
0.7031605297168331	1.9659546171916225e-8
0.7073763323654171	1.9792240743325975e-8
0.7116132140272443	1.9927318162600106e-8
0.7158712800973803	2.006484765432565e-8
0.7201506364978669	2.0204901670185004e-8
0.724451389680356	2.034755613226692e-8
0.7287736466287575	2.049289070455294e-8
0.7331175148619014	2.0640989096968136e-8
0.737483102436211	2.079193940720732e-8
0.7418705179483918	2.094583450651986e-8
0.7462798705381338	2.1102772476820248e-8
0.7507112698908246	2.1262857107922083e-8
0.7551648262402787	2.142619846541021e-8
0.7596406503714802	2.1592913541768244e-8
0.7641388536233378	2.1763127005910462e-8
0.7686595478914543	2.1936972069358606e-8
0.7732028456309116	2.2114591491059723e-8
0.777768859859066	2.2296138747422347e-8
0.7823577041583611	2.2481779399742378e-8
0.7869694926791531	2.2671692698023444e-8
0.7916043401425489	2.2866073468566164e-8
0.7962623618432616	2.3065134342952094e-8
0.8009436736524779	2.3269108398633153e-8
0.8056483920207402	2.3478252296795035e-8
0.8103766339808439	2.3692850022176763e-8
0.8151285171507483	2.3913217352949696e-8
0.8199041597365018	2.413970721762686e-8
0.8247036805351844	2.4372716131617553e-8
0.8295271989378604	2.461269195007814e-8
0.8343748349325497	2.486014322819949e-8
0.8392467091072124	2.5115650547547335e-8
0.8441429426527486	2.537988025073991e-8
0.8490636573660123	2.5653601130583894e-8
0.8540089756528424	2.5937704748823446e-8
0.8589790205311068	2.6233230220140334e-8
0.8639739156337622	2.654139449686876e-8
0.868973915633762	2.6862327160176932e-8
0.8739739156337618	2.719718553807086e-8
0.8789739156337616	2.75476937442502e-8
0.8839739156337615	2.7915883971231078e-8
0.8889739156337613	2.830415703334343e-8
0.893973915633761	2.871535515774353e-8
0.8989739156337608	2.9152849528210687e-8
0.9039739156337606	2.962064560060859e-8
0.9089739156337604	3.012350982896936e-8
0.9139739156337602	3.066712218872161e-8
0.91897391563376	3.125825978483427e-8
0.9239739156337599	3.1905017919112436e-8
0.9289739156337596	3.261707630059678e-8
0.9339739156337594	3.3406019661715483e-8
0.9389739156337592	3.428572394567869e-8
0.943973915633759	3.527282152387802e-8
0.9489739156337588	3.638726166565589e-8
0.9539739156337586	3.7652985812726027e-8
0.9589739156337583	3.909874122232725e-8
0.9639739156337582	4.075906137566395e-8
0.968973915633758	4.267544736821346e-8
0.9739739156337578	4.489779150634526e-8
0.9789739156337576	4.748609277087002e-8
0.9839739156337574	5.0512523960942104e-8
0.9889739156337571	5.4063922546706896e-8
0.9939739156337569	5.8244791949953816e-8
0.9989739156337567	6.318091763358584e-8
1.0039739156337566	6.902372360408388e-8
1.0089739156337563	7.595552042164763e-8
1.0139739156337562	8.419582641042946e-8
1.0189739156337558	9.400898046543146e-8
1.0239739156337557	1.0571330884891729e-7
1.0289739156337556	1.196921610617318e-7
1.0339739156337553	1.3640719292157846e-7
1.0389739156337552	1.5641435033352625e-7
1.0439739156337549	1.8038309718682893e-7
1.0489739156337547	2.0911953803213442e-7
1.0539739156337544	2.4359421379227445e-7
1.0589739156337543	2.849755003307511e-7
1.0639739156337542	3.3466971936612926e-7
1.0689739156337539	3.9436928366682107e-7
1.0739739156337538	4.661104489691695e-7
1.0789739156337534	5.523425395008534e-7
1.0839739156337533	6.56010858782609e-7
1.088973915633753	7.806558993977091e-7
1.093973915633753	9.305319318269259e-7
1.0989739156337526	1.1107485904158825e-6
1.1039739156337525	1.3274396908441555e-6
1.1089739156337524	1.5879642138777082e-6
1.113973915633752	1.901145178687587e-6
1.118973915633752	2.2775530067307476e-6
1.1239739156337516	2.7298409410277753e-6
1.1289739156337515	3.27314112671924e-6
1.1339739156337512	3.925531060329123e-6
1.138973915633751	4.708581250645054e-6
1.143973915633751	5.647996064790852e-6
1.1489739156337506	6.774360805883832e-6
1.1539739156337505	8.124009014260703e-6
1.1589739156337502	9.74002471520999e-6
1.16397391563375	1.1673394745358449e-5
1.1689739156337497	1.3984326248249226e-5
1.1739739156337496	1.674374378207696e-5
1.1789739156337493	2.0034979039304893e-5
1.1839739156337492	2.395566370001036e-5
1.187980436725312	2.7627806142127707e-5
1.1919869578168745	3.1844231940415023e-5
1.1959934789084372	3.668068050364941e-5
1.2	4.222233287185907e-5
