0.0006999999999999628	2.6987666911708515e-9
0.001403500000000035	2.7007110366712767e-9
0.0021105174999999296	2.702667378123491e-9
0.0028210700874998964	2.7046357915661746e-9
0.003535175437937438	2.7066163636063973e-9
0.004252851315127062	2.708609181773552e-9
0.004974115571702636	2.7106143344023335e-9
0.005698986149561044	2.7126319106328995e-9
0.006427481080308875	2.7146620004147997e-9
0.007159618485710418	2.716704694512491e-9
0.007895416578138905	2.718760084511541e-9
0.008634893661029494	2.7208282628258137e-9
0.00937806812933463	2.722909322704968e-9
0.010124958469981361	2.725003358242481e-9
0.010875583262331262	2.7271104643839213e-9
0.01162996117864295	2.729230736935498e-9
0.012388110984536127	2.73136427257305e-9
0.013150051539458866	2.733511168850965e-9
0.013915801797156208	2.7356715242115596e-9
0.014685380806142003	2.7378454379944828e-9
0.015458807710172712	2.7400330104464245e-9
0.01623610174872358	2.7422343427309424e-9
0.017017282257467212	2.7444495369384403e-9
0.017802368668754516	2.7466786960963716e-9
0.01859138051209827	2.748921924179579e-9
0.019384337414658823	2.7511793261207886e-9
0.020181259101732015	2.7534510078212766e-9
0.020982165397240727	2.755737076161714e-9
0.02178707622422691	2.758037639013208e-9
0.02259601160534814	2.7603528052483588e-9
0.02340899166337483	2.762682684752664e-9
0.024226036621691812	2.765027388435996e-9
0.02504716680480027	2.7673870282442646e-9
0.025872402638824326	2.76976171717124e-9
0.02670176465201842	2.772151569270569e-9
0.02753527347527842	2.7745566996678793e-9
0.028372949842654864	2.776977224573266e-9
0.0292148145918682	2.7794132612936874e-9
0.03006088866482743	2.781864928245742e-9
0.03091119310815165	2.7843323449685006e-9
0.0317657490736924	2.786815632136646e-9
0.03262457781906081	2.789314911573702e-9
0.03348770070815601	2.791830306265442e-9
0.034355139211696875	2.7943619403735984e-9
0.035226914907755424	2.796909939249677e-9
0.03610304948229413	2.79947442944895e-9
0.03698356472970569	2.80205553874476e-9
0.03786848255335419	2.8046533961428933e-9
0.038757824966120964	2.8072681318962786e-9
0.03965161409095162	2.8098998775198584e-9
0.04054987216140643	2.8125487658055986e-9
0.04145262152221345	2.8152149308378195e-9
0.04235988462982453	2.817898508008737e-9
0.04327168405297366	2.82059963403413e-9
0.0441880424732386	2.8233184469693774e-9
0.04510898268560485	2.8260550862256058e-9
0.046034527599032954	2.8288096925861532e-9
0.04696470023702812	2.831582408223207e-9
0.04789952373821329	2.834373376714778e-9
0.048839021356904266	2.8371827430617947e-9
0.04978321646368884	2.8400106537056093e-9
0.05073213254600732	2.842857256545572e-9
0.05168579320873729	2.8457227009570385e-9
0.052644222174780875	2.848607137809493e-9
0.05360744328565471	2.85151071948516e-9
0.054575480502083065	2.854433599897539e-9
0.055548357904593434	2.857375934510616e-9
0.056526099694116344	2.860337880358028e-9
0.0575087301925869	2.863319596062746e-9
0.05849627384354973	2.8663212418569186e-9
0.05948875521276744	2.8693429796020285e-9
0.06048619898883127	2.872384972809451e-9
0.061488629983775384	2.8754473866611527e-9
0.06249607313369419	2.8785303880308753e-9
0.06350855349936275	2.8816341455055594e-9
0.06452609626685958	2.8847588294070065e-9
0.06554872674819387	2.887904611814072e-9
0.06657647038193484	2.891071666585042e-9
0.06760935273384447	2.8942601693803412e-9
0.06864739949751365	2.897470297685725e-9
0.0696906364950013	2.9007022308356955e-9
0.07073908967747639	2.9039561500373083e-9
0.07179278512586384	2.907232238394419e-9
0.07285174905149322	2.9105306809321627e-9
0.0739160077967507	2.91385166462202e-9
0.07498558783573436	2.9171953784070064e-9
0.07606051577491299	2.920562013227501e-9
0.07714081835378758	2.9239517620473336e-9
0.07822652244555647	2.9273648198803046e-9
0.07931765505778425	2.9308013838171815e-9
0.0804142433330731	2.934261653052997e-9
0.08151631454973848	2.937745828914953e-9
0.08262389612248718	2.9412541148905464e-9
0.0837370156030995	2.944786716656376e-9
0.0848557006811149	2.948343842107211e-9
0.0859799791845205	2.9519257013855913e-9
0.08710987908044313	2.9555325069119936e-9
0.08824542847584534	2.95916447341526e-9
0.08938665561822454	2.9628218179637673e-9
0.09053358889631567	2.966504759996934e-9
0.09168625684079722	2.970213521357251e-9
0.09284468812500112	2.973948326322858e-9
0.09400891156562617	2.9777094016407143e-9
0.0951789561234543	2.9814969765601387e-9
0.09635485090407148	2.9853112828670674e-9
0.09753662515859184	2.989152554918749e-9
0.0987243082843847	2.9930210296790654e-9
0.09991792982580656	2.9969169467544765e-9
0.10111751947493569	3.00084054843043e-9
0.10232310707231031	3.0047920797084115e-9
0.1035347226076718	3.008771788343773e-9
0.10475239622071016	3.0127799248838977e-9
0.10597615820181366	3.0168167427072868e-9
0.10720603899282274	3.020882498063001e-9
0.10844206918778684	3.0249774501111206e-9
0.10968427953372567	3.0291018609634907e-9
0.1109327009313943	3.0332559957254775e-9
0.11218736443605135	3.037440122538215e-9
0.11344830125823162	3.041654512621702e-9
0.11471554276452282	3.04589944031848e-9
0.11598912047834534	3.0501751831383062e-9
0.11726906608073695	3.0544820218031957e-9
0.11855541141114062	3.0588202402936167e-9
0.11984818846819621	3.0631901258952713e-9
0.12114742941053713	3.067591969246751e-9
0.12245316655758978	3.072026064387864e-9
0.1237654323903777	3.076492708809127e-9
0.12508425955232963	3.0809922035016834e-9
0.12640968085009122	3.0855248530084276e-9
0.1277417292543416	3.090090965475902e-9
0.1290804379006133	3.094690852706993e-9
0.13042584009011637	3.09932483021476e-9
0.1317779692905669	3.1039932172770277e-9
0.13313685913701961	3.108696336992004e-9
0.13450254343270476	3.1134345163349715e-9
0.13587505614986833	3.1182080862157162e-9
0.13725443143061763	3.123017381537375e-9
0.13864070358777073	3.127862741255851e-9
0.14003390710570945	3.1327445084407853e-9
0.14143407664123803	3.1376630303371867e-9
0.1428412470244442	3.142618658428494e-9
0.1442554532595664	3.1476117485005137e-9
0.14567673052586416	3.1526426607067545e-9
0.1471051141784935	3.1577117596347102e-9
0.14854063974938603	3.162819414373544e-9
0.149983342948133	3.1679659985828404e-9
0.15143325966287374	3.173151890562798e-9
0.15289042596118813	3.1783774733254923e-9
0.15435487809099402	3.183643134667615e-9
0.15582665248144906	3.188949267244492e-9
0.1573057857438562	3.194296268645443e-9
0.15879231467257537	3.1996845414706004e-9
0.16028627624593816	3.2051144934091114e-9
0.16178770762716785	3.210586537318801e-9
0.16329664616530362	3.2161010913073463e-9
0.16481312939613008	3.221658578814944e-9
0.1663371950431107	3.227259428698594e-9
0.16786888101832628	3.2329040753178544e-9
0.1694082254234178	3.238592958622413e-9
0.1709552665505349	3.2443265242410806e-9
0.17251004288328747	3.2501052235726992e-9
0.17407259309770393	3.2559295138786938e-9
0.17564295606319252	3.261799858377314e-9
0.17722117084350858	3.267716726339866e-9
0.17880727669772617	3.2736805931887144e-9
0.18040131308121476	3.279691940597094e-9
0.18200331964662084	3.2857512565910518e-9
0.18361333624485401	3.2918590356532185e-9
0.18523140292607826	3.2980157788285997e-9
0.18685755994070874	3.3042219938326516e-9
0.1884918477404122	3.3104781951612095e-9
0.19013430697911424	3.3167849042027497e-9
0.1917849785140098	3.3231426493528604e-9
0.19344390340657974	3.3295519661309258e-9
0.19511112292361268	3.3360133972992075e-9
0.1967866785382308	3.3425274929842388e-9
0.19847061193092203	3.349094810800758e-9
0.20016296499057665	3.355715915977997e-9
0.20186377981552947	3.3623913814886397e-9
0.2035730987146071	3.369121788180391e-9
0.20529096420818022	3.3759077249100593e-9
0.20701741902922113	3.3827497886806467e-9
0.20875250612436722	3.3896485847810324e-9
0.210496268654989	3.396604726928587e-9
0.21224874999826396	3.4036188374147587e-9
0.21400999374825516	3.410691547253664e-9
0.21578004371699644	3.417823496333732e-9
0.21755894393558148	3.425015333572541e-9
0.2193467386552594	3.4322677170749e-9
0.22114347234853576	3.439581314294162e-9
0.22294918971027836	3.446956802197127e-9
0.2247639356588297	3.454394867432188e-9
0.2265877553371239	3.4618962065012006e-9
0.2284206941138094	3.469461525935067e-9
0.23026279758437848	3.4770915424728038e-9
0.23211411157230027	3.484786983244773e-9
0.23397468213016168	3.4925485859596715e-9
0.23584455554081238	3.500377099095508e-9
0.23772377831851643	3.5082732820949727e-9
0.23961239721010893	3.5162379055647244e-9
0.24151045919615952	3.524271751479335e-9
0.24341801149214037	3.532375613389447e-9
0.24533510154960114	3.5405502966347317e-9
0.24726177705734917	3.5487966185613412e-9
0.24919808594263576	3.557115408744403e-9
0.251144076372349	3.565507509215267e-9
0.2530997967542107	3.5739737746939057e-9
0.2550652957379817	3.5825150728265844e-9
0.2570406222166717	3.591132284428735e-9
0.2590258253277551	3.599826303733473e-9
0.26102095445439405	3.60859803864563e-9
0.2630260592266659	3.6174484110016114e-9
0.2650411895227993	3.626378356835207e-9
0.2670663954704134	3.6353888266494745e-9
0.26910172744776534	3.6444807856949065e-9
0.27114723608500396	3.6536552142539636e-9
0.27320297226542917	3.6629131079322893e-9
0.27526898712675635	3.672255477956693e-9
0.27734533206239	3.6816833514800386e-9
0.2794320587227019	3.6911977718933606e-9
0.2815292190163153	3.700799799145315e-9
0.2836368651113967	3.7104905100691983e-9
0.28575504943695385	3.720270998717731e-9
0.28788382468413853	3.730142376705754e-9
0.29002324380755934	3.740105773561386e-9
0.29217336002659705	3.750162337085203e-9
0.29433422682673016	3.760313233718568e-9
0.29650589796086374	3.770559648920538e-9
0.29868842745066804	3.780902787554085e-9
0.30088186958792124	3.791343874281791e-9
0.3030862789358609	3.8018841539711975e-9
0.30530171033054027	3.812524892110141e-9
0.307528218882193	3.823267375232465e-9
0.30976585997660405	3.8341129113542056e-9
0.312014689276487	3.845062830420697e-9
0.31427476272286925	3.856118484764953e-9
0.3165461365364837	3.8672812495775575e-9
0.3188288672191662	3.878552523388322e-9
0.32112301155526213	3.889933728560419e-9
0.32342862661303834	3.901426311796856e-9
0.3257457697461036	3.91303174466014e-9
0.32807449859483384	3.924751524105184e-9
0.3304148710878078	3.936587173026027e-9
0.33276694544324686	3.948540240816762e-9
0.33513078017046305	3.960612303947059e-9
0.33750643407131514	3.972804966552753e-9
0.3398939662416715	3.985119861042059e-9
0.3422934360728799	3.9975586487176736e-9
0.34470490325324404	4.010123020415493e-9
0.3471284277695101	4.0228146971602504e-9
0.34956406990835764	4.035635430838948e-9
0.3520118902578995	4.048587004892045e-9
0.354471949709189	4.061671235023757e-9
0.3569443094577349	4.0748899699312334e-9
0.3594290310050235	4.088245092053959e-9
0.3619261761600484	4.101738518343526e-9
0.3644358070408486	4.115372201054623e-9
0.36695798607605284	4.129148128557952e-9
0.36949277600643327	4.143068326175839e-9
0.37204023988646523	4.157134857040951e-9
0.3746004410858973	4.171349822979245e-9
0.3771734432913268	4.185715365418026e-9
0.3797593105077832	4.200233666319347e-9
0.3823581070603219	4.214906949140358e-9
0.38496989759562367	4.229737479820878e-9
0.3875947470836016	4.244727567799565e-9
0.3902327208190196	4.259879567059432e-9
0.3928838844231145	4.275195877203638e-9
0.39554830384522993	4.290678944562744e-9
0.3982260453644561	4.3063312633346225e-9
0.4009171755912785	4.322155376757759e-9
0.40362176146923495	4.338153878319452e-9
0.40633987027658097	4.354329413000097e-9
0.4090715696279639	4.37068467855471e-9
0.4118169274761037	4.387222426832995e-9
0.4145760121134843	4.403945465139388e-9
0.4173488921740515	4.420856657634723e-9
0.4201356366349219	4.437958926780467e-9
0.42293631481809635	4.4552552548277084e-9
0.4257509963921868	4.4727486853520135e-9
0.42857975137414767	4.490442324836178e-9
0.43142265013101855	4.5083393443024366e-9
0.43427976338167373	4.526442980996062e-9
0.43715116219858224	4.544756540122239e-9
0.44003691800957523	4.563283396638297e-9
0.44293710259962304	4.582026997103119e-9
0.4458517881126211	4.600990861586385e-9
0.44878104705318417	4.620178585639441e-9
0.45172495228844983	4.6395938423305055e-9
0.45468357704989204	4.6592403843466726e-9
0.4576569949351413	4.679122046165034e-9
0.46064527990981685	4.6992427462961566e-9
0.4636485063093658	4.719606489602352e-9
0.4666667488409128	4.7402173696939465e-9
0.4697000825851173	4.7610795714065865e-9
0.4727485829980427	4.782197373363028e-9
0.47581232591303285	4.8035751506227675e-9
0.478891387542598	4.8252173774231756e-9
0.48198584448031084	4.847128630015945e-9
0.4850957737027124	4.869313589602976e-9
0.48822125257122595	4.89177704537568e-9
0.49136235883408197	4.914523897662522e-9
0.4945191706282523	4.937559161189158e-9
0.4976917664813935	4.960887968456332e-9
0.5008802253138004	4.984515573240706e-9
0.5040846264403696	5.008447354224043e-9
0.5073050495725715	5.032688818756817e-9
0.5105415748204343	5.057245606762119e-9
0.5137942826945365	5.082123494786823e-9
0.517063254108009	5.107328400206503e-9
0.5203485703785492	5.132866385591909e-9
0.5236503132304419	5.1587436632447476e-9
0.5269685647965939	5.184966599910712e-9
0.5303034076205766	5.211541721679678e-9
0.5336549246586795	5.238475719081533e-9
0.5370231992819728	5.265775452388728e-9
0.5404083152783826	5.293447957135939e-9
0.5438103568547747	5.3215004498691855e-9
0.5472294086390483	5.349940334136244e-9
0.5506655556822436	5.378775206733367e-9
0.5541188834606549	5.408012864221698e-9
0.5575894778779582	5.437661309730487e-9
0.5610774252673477	5.467728760063895e-9
0.5645828123936844	5.498223653130795e-9
0.5681057264556525	5.529154655717925e-9
0.5716462550879309	5.560530671629497e-9
0.5752044863633705	5.5923608502174176e-9
0.5787805087951873	5.6246545953303485e-9
0.5823744113391631	5.657421574711201e-9
0.5859862833958588	5.690671729876615e-9
0.5896162148128381	5.724415286515561e-9
0.5932642958869024	5.758662765448354e-9
0.5969306173663369	5.79342499419199e-9
0.6006152704531684	5.828713119183456e-9
0.6043183468054344	5.864538618718848e-9
0.6080399385394615	5.900913316673638e-9
0.6117801382321587	5.937849397077437e-9
0.6155390389233192	5.975359419626784e-9
0.6193167341179359	6.013456336230478e-9
0.6231133177885255	6.052153508695728e-9
0.6269288843774683	6.091464727677237e-9
0.6307635287993556	6.131404233031373e-9
0.6346173464433522	6.17198673573626e-9
0.6384904331755688	6.2132274415640826e-9
0.6423828853414466	6.255142076720581e-9
0.6462947997681537	6.29774691569939e-9
0.6502262737669944	6.341058811639111e-9
0.6541774051358293	6.3850952295162795e-9
0.6581482921615082	6.429874282563105e-9
0.6621390336223156	6.475414772362421e-9
0.6661497287904271	6.521736233147974e-9
0.6701804774343789	6.56885898092983e-9
0.6742313798215507	6.616804168168541e-9
0.6783025367206585	6.665593844850789e-9
0.682394049404262	6.715251026966782e-9
0.6865060196512833	6.765799773569518e-9
0.6906385497495399	6.817265273807039e-9
0.6947917424982876	6.8696739455714925e-9
0.6989657012107791	6.923053547710154e-9
0.7031605297168331	6.977433308101917e-9
0.7073763323654171	7.0328440703335776e-9
0.7116132140272443	7.089318462221495e-9
0.7158712800973803	7.1468910900407085e-9
0.7201506364978669	7.205598763058911e-9
0.724451389680356	7.265480753856568e-9
0.7287736466287575	7.326579100975205e-9
0.7331175148619014	7.388938961711e-9
0.737483102436211	7.452609024404303e-9
0.7418705179483918	7.517641991422628e-9
0.7462798705381338	7.584095146261635e-9
0.7507112698908246	7.652031020872954e-9
0.7551648262402787	7.72151818257244e-9
0.7596406503714802	7.792632163801413e-9
0.7641388536233378	7.865456562756876e-9
0.7686595478914543	7.940084348649776e-9
0.7732028456309116	8.016619412311324e-9
0.777768859859066	8.09517841131373e-9
0.7823577041583611	8.175892969026816e-9
0.7869694926791531	8.258912299497989e-9
0.7916043401425489	8.344406345208184e-9
0.7962623618432616	8.432569533224879e-9
0.8009436736524779	8.523625277781198e-9
0.8056483920207402	8.617831384772494e-9
0.8103766339808439	8.715486547195546e-9
0.8151285171507483	8.816938161542013e-9
0.8199041597365018	8.92259174530343e-9
0.8247036805351844	9.032922297150626e-9
0.8295271989378604	9.148488016615187e-9
0.8343748349325497	9.269946892441868e-9
0.8392467091072124	9.39807678218053e-9
0.8441429426527486	9.533799744970091e-9
0.8490636573660123	9.678211560967572e-9
0.8540089756528424	9.832617582075884e-9
0.8589790205311068	9.998576318978512e-9
0.8639739156337622	1.0177952490730955e-8
0.868973915633762	1.037217743416854e-8
0.8739739156337618	1.0583484478737463e-8
0.8789739156337616	1.081473330938715e-8
0.8839739156337615	1.1069319412627697e-8
0.8889739156337613	1.13512766705045e-8
0.893973915633761	1.1665399741886442e-8
0.8989739156337608	1.201739006349797e-8
0.9039739156337606	1.2414030047087874e-8
0.9089739156337604	1.286339093824994e-8
0.9139739156337602	1.337508086461038e-8
0.91897391563376	1.3960540870078254e-8
0.9239739156337599	1.4633398247908249e-8
0.9289739156337596	1.5409888296574932e-8
0.9339739156337594	1.6309357786388715e-8
0.9389739156337592	1.7354866010075493e-8
0.943973915633759	1.857390237919611e-8
0.9489739156337588	1.9999243218269664e-8
0.9539739156337586	2.1669974816717218e-8
0.9589739156337583	2.3632715064913027e-8
0.9639739156337582	2.594307229140457e-8
0.968973915633758	2.8667387432661672e-8
0.9739739156337578	3.188481464193689e-8
0.9789739156337576	3.568980616313442e-8
0.9839739156337574	4.019508009674873e-8
0.9889739156337571	4.553516497061144e-8
0.9939739156337569	5.187063327842517e-8
0.9989739156337567	5.9393157935682775e-8
1.0039739156337566	6.833155160682173e-8
1.0089739156337563	7.89589798902483e-8
1.0139739156337562	9.160157637419184e-8
1.0189739156337558	1.0664873174388041e-7
1.0239739156337557	1.2456538179340534e-7
1.0289739156337556	1.4590668199423554e-7
1.0339739156337553	1.7133553111972735e-7
1.0389739156337552	2.0164349560245072e-7
1.0439739156337549	2.3777579251039086e-7
1.0489739156337547	2.808611154689165e-7
1.0539739156337544	3.3224723830813954e-7
1.0589739156337543	3.935435101454338e-7
1.0639739156337542	4.666715682826604e-7
1.0689739156337539	5.539258479002687e-7
1.0739739156337538	6.580457673386226e-7
1.0789739156337534	7.82301823290156e-7
1.0839739156337533	9.305982514412372e-7
1.088973915633753	1.1075954065876643e-6
1.093973915633753	1.3188556054561001e-6
1.0989739156337526	1.571016870916154e-6
1.1039739156337525	1.8719998357956324e-6
1.1089739156337524	2.23125402844258e-6
1.113973915633752	2.660050893495689e-6
1.118973915633752	3.171832225743558e-6
1.1239739156337516	3.782624240838531e-6
1.1289739156337515	4.511529304741461e-6
1.1339739156337512	5.381309426614624e-6
1.138973915633751	6.419078020724369e-6
1.143973915633751	7.657119193997923e-6
1.1489739156337506	9.133856945936004e-6
1.1539739156337505	1.0895000198027163e-5
1.1589739156337502	1.2994893509564954e-5
1.16397391563375	1.54981076751588e-5
1.1689739156337497	1.8481309096670905e-5
1.1739739156337496	2.2035451798633283e-5
1.1789739156337493	2.6268341076080485e-5
1.1839739156337492	3.130762282057116e-5
1.187980436725312	3.6028439632901184e-5
1.1919869578168745	4.1453578861199735e-5
1.1959934789084372	4.768592701210081e-5
1.2	5.484282455689844e-5
