0.0006999999999999628	5.719997239402727e-9
0.001403500000000035	5.723546331901905e-9
0.0021105174999999296	5.727116979160154e-9
0.0028210700874998964	5.730709245910336e-9
0.003535175437937438	5.734323281844267e-9
0.004252851315127062	5.737959239214444e-9
0.004974115571702636	5.7416172716242125e-9
0.005698986149561044	5.745297534015023e-9
0.006427481080308875	5.749000182674173e-9
0.007159618485710418	5.752725375244833e-9
0.007895416578138905	5.756473270737188e-9
0.008634893661029494	5.760244029540409e-9
0.00937806812933463	5.764037813435275e-9
0.010124958469981361	5.767854785607485e-9
0.010875583262331262	5.7716951106611735e-9
0.01162996117864295	5.775558954633044e-9
0.012388110984536127	5.779446485006695e-9
0.013150051539458866	5.783357870727298e-9
0.013915801797156208	5.787293282216622e-9
0.014685380806142003	5.7912528913883475e-9
0.015458807710172712	5.7952368716634675e-9
0.01623610174872358	5.799245397986304e-9
0.017017282257467212	5.803278646840358e-9
0.017802368668754516	5.8073367962647825e-9
0.01859138051209827	5.811420025870864e-9
0.019384337414658823	5.815528516858777e-9
0.020181259101732015	5.819662452034719e-9
0.020982165397240727	5.823822015828164e-9
0.02178707622422691	5.828007394309472e-9
0.02259601160534814	5.832218775207522e-9
0.02340899166337483	5.8364563479278985e-9
0.024226036621691812	5.8407203035711705e-9
0.02504716680480027	5.845010834951275e-9
0.025872402638824326	5.8493281366145355e-9
0.02670176465201842	5.853672404858592e-9
0.02753527347527842	5.858043837751713e-9
0.028372949842654864	5.862442635152466e-9
0.0292148145918682	5.8668689987294515e-9
0.03006088866482743	5.8713231319815815e-9
0.03091119310815165	5.875805240258306e-9
0.0317657490736924	5.880315530780438e-9
0.03262457781906081	5.884854212661073e-9
0.03348770070815601	5.889421496926887e-9
0.034355139211696875	5.8940175965394e-9
0.035226914907755424	5.898642726417297e-9
0.03610304948229413	5.903297103458191e-9
0.03698356472970569	5.907980946561236e-9
0.03786848255335419	5.912694476649777e-9
0.038757824966120964	5.917437916694534e-9
0.03965161409095162	5.922211491736836e-9
0.04054987216140643	5.927015428912549e-9
0.04145262152221345	5.931849957475963e-9
0.04235988462982453	5.936715308824148e-9
0.04327168405297366	5.941611716521692e-9
0.0441880424732386	5.946539416325965e-9
0.04510898268560485	5.951498646212103e-9
0.046034527599032954	5.956489646399178e-9
0.04696470023702812	5.961512659376068e-9
0.04789952373821329	5.966567929928102e-9
0.048839021356904266	5.971655705163884e-9
0.04978321646368884	5.976776234542437e-9
0.05073213254600732	5.981929769900957e-9
0.05168579320873729	5.987116565482793e-9
0.052644222174780875	5.992336877965856e-9
0.05360744328565471	5.9975909664914855e-9
0.054575480502083065	6.002879092693578e-9
0.055548357904593434	6.008201520728345e-9
0.056526099694116344	6.0135585173043595e-9
0.0575087301925869	6.018950351713111e-9
0.05849627384354973	6.024377295859763e-9
0.05948875521276744	6.0298396242948515e-9
0.06048619898883127	6.035337614245853e-9
0.061488629983775384	6.040871545649648e-9
0.06249607313369419	6.046441701185277e-9
0.06350855349936275	6.0520483663071584e-9
0.06452609626685958	6.057691829278802e-9
0.06554872674819387	6.063372381207222e-9
0.06657647038193484	6.069090316077467e-9
0.06760935273384447	6.074845930787907e-9
0.06864739949751365	6.080639525186044e-9
0.0696906364950013	6.086471402104859e-9
0.07073908967747639	6.092341867399506e-9
0.07179278512586384	6.098251229984785e-9
0.07285174905149322	6.1041998018729946e-9
0.0739160077967507	6.1101878982125935e-9
0.07498558783573436	6.116215837327071e-9
0.07606051577491299	6.1222839407547045e-9
0.07714081835378758	6.12839253328874e-9
0.07822652244555647	6.134541943018468e-9
0.07931765505778425	6.140732501370339e-9
0.0804142433330731	6.146964543150379e-9
0.08151631454973848	6.153238406586819e-9
0.08262389612248718	6.159554433373385e-9
0.0837370156030995	6.165912968713536e-9
0.0848557006811149	6.172314361364955e-9
0.0859799791845205	6.178758963685249e-9
0.08710987908044313	6.185247131677743e-9
0.08824542847584534	6.191779225038539e-9
0.08938665561822454	6.1983556072038435e-9
0.09053358889631567	6.204976645398454e-9
0.09168625684079722	6.211642710684601e-9
0.09284468812500112	6.218354178011829e-9
0.09400891156562617	6.2251114262673985e-9
0.0951789561234543	6.231914838327938e-9
0.09635485090407148	6.2387648011112145e-9
0.09753662515859184	6.245661705629404e-9
0.0987243082843847	6.2526059470426985e-9
0.09991792982580656	6.259597924714149e-9
0.10111751947493569	6.266638042264853e-9
0.10232310707231031	6.273726707630835e-9
0.1035347226076718	6.280864333119851e-9
0.10475239622071016	6.288051335469865e-9
0.10597615820181366	6.2952881359081795e-9
0.10720603899282274	6.302575160211465e-9
0.10844206918778684	6.30991283876675e-9
0.10968427953372567	6.317301606633618e-9
0.1109327009313943	6.324741903607057e-9
0.11218736443605135	6.332234174281752e-9
0.11344830125823162	6.339778868116892e-9
0.11471554276452282	6.347376439502545e-9
0.11598912047834534	6.355027347826884e-9
0.11726906608073695	6.362732057544416e-9
0.11855541141114062	6.370491038245584e-9
0.11984818846819621	6.378304764727205e-9
0.12114742941053713	6.38617371706444e-9
0.12245316655758978	6.394098380683604e-9
0.1237654323903777	6.402079246436406e-9
0.12508425955232963	6.410116810675389e-9
0.12640968085009122	6.418211575330508e-9
0.1277417292543416	6.426364047987134e-9
0.1290804379006133	6.434574741965314e-9
0.13042584009011637	6.442844176400324e-9
0.1317779692905669	6.451172876324783e-9
0.13313685913701961	6.459561372751668e-9
0.13450254343270476	6.4680102027594244e-9
0.13587505614986833	6.476519909577974e-9
0.13725443143061763	6.4850910426763405e-9
0.13864070358777073	6.493724157851995e-9
0.14003390710570945	6.5024198173214126e-9
0.14143407664123803	6.511178589812406e-9
0.1428412470244442	6.52000105065792e-9
0.1442554532595664	6.5288877818916275e-9
0.14567673052586416	6.537839372344887e-9
0.1471051141784935	6.546856417745746e-9
0.14854063974938603	6.555939520819483e-9
0.149983342948133	6.565089291390739e-9
0.15143325966287374	6.574306346487856e-9
0.15289042596118813	6.583591310448765e-9
0.15435487809099402	6.5929448150286836e-9
0.15582665248144906	6.602367499510114e-9
0.1573057857438562	6.611860010814214e-9
0.15879231467257537	6.62142300361467e-9
0.16028627624593816	6.6310571404534035e-9
0.16178770762716785	6.640763091858251e-9
0.16329664616530362	6.6505415364630046e-9
0.16481312939613008	6.660393161129326e-9
0.1663371950431107	6.67031866107114e-9
0.16786888101832628	6.680318739981123e-9
0.1694082254234178	6.690394110159518e-9
0.1709552665505349	6.700545492645414e-9
0.17251004288328747	6.710773617350155e-9
0.17407259309770393	6.721079223193589e-9
0.17564295606319252	6.731463058242569e-9
0.17722117084350858	6.741925879851908e-9
0.17880727669772617	6.752468454808361e-9
0.18040131308121476	6.763091559476827e-9
0.18200331964662084	6.7737959799496865e-9
0.18361333624485401	6.784582512198502e-9
0.18523140292607826	6.795451962229019e-9
0.18685755994070874	6.8064051462387436e-9
0.1884918477404122	6.817442890777611e-9
0.19013430697911424	6.8285660329118755e-9
0.1917849785140098	6.839775420390694e-9
0.19344390340657974	6.851071911816445e-9
0.19511112292361268	6.862456376817815e-9
0.1967866785382308	6.873929696226411e-9
0.19847061193092203	6.885492762256904e-9
0.20016296499057665	6.897146478690416e-9
0.20186377981552947	6.90889176106158e-9
0.2035730987146071	6.920729536849341e-9
0.20529096420818022	6.932660745671201e-9
0.20701741902922113	6.944686339481533e-9
0.20875250612436722	6.95680728277378e-9
0.210496268654989	6.969024552786396e-9
0.21224874999826396	6.981339139713091e-9
0.21400999374825516	6.993752046917308e-9
0.21578004371699644	7.006264291150624e-9
0.21755894393558148	7.018876902775941e-9
0.2193467386552594	7.031590925994865e-9
0.22114347234853576	7.044407419079684e-9
0.22294918971027836	7.057327454610219e-9
0.2247639356588297	7.070352119715358e-9
0.2265877553371239	7.0834825163192896e-9
0.2284206941138094	7.096719761393178e-9
0.23026279758437848	7.110064987211723e-9
0.23211411157230027	7.123519341614942e-9
0.23397468213016168	7.137083988275512e-9
0.23584455554081238	7.150760106971681e-9
0.23772377831851643	7.164548893865646e-9
0.23961239721010893	7.178451561787689e-9
0.24151045919615952	7.192469340526755e-9
0.24341801149214037	7.206603477126424e-9
0.24533510154960114	7.220855236187655e-9
0.24726177705734917	7.235225900177637e-9
0.24919808594263576	7.249716769745449e-9
0.251144076372349	7.264329164044066e-9
0.2530997967542107	7.279064421059652e-9
0.2550652957379817	7.29392389794766e-9
0.2570406222166717	7.308908971376204e-9
0.2590258253277551	7.3240210378769866e-9
0.26102095445439405	7.339261514203699e-9
0.2630260592266659	7.354631837698219e-9
0.2650411895227993	7.3701334666649195e-9
0.2670663954704134	7.385767880753156e-9
0.26910172744776534	7.401536581348163e-9
0.27114723608500396	7.4174410919704034e-9
0.27320297226542917	7.433482958684226e-9
0.27526898712675635	7.4496637505151805e-9
0.27734533206239	7.46598505987702e-9
0.2794320587227019	7.482448503007878e-9
0.2815292190163153	7.499055720416809e-9
0.2836368651113967	7.515808377339906e-9
0.28575504943695385	7.532708164207102e-9
0.28788382468413853	7.54975679711966e-9
0.29002324380755934	7.566956018338348e-9
0.29217336002659705	7.584307596783032e-9
0.29433422682673016	7.601813328543691e-9
0.29650589796086374	7.619475037403474e-9
0.29868842745066804	7.637294575373601e-9
0.30088186958792124	7.655273823241076e-9
0.3030862789358609	7.673414691129204e-9
0.30530171033054027	7.691719119071183e-9
0.307528218882193	7.710189077597181e-9
0.30976585997660405	7.728826568335917e-9
0.312014689276487	7.747633624629887e-9
0.31427476272286925	7.76661231216573e-9
0.3165461365364837	7.785764729619907e-9
0.3188288672191662	7.805093009319405e-9
0.32112301155526213	7.824599317919308e-9
0.32342862661303834	7.84428585709615e-9
0.3257457697461036	7.864154864258555e-9
0.32807449859483384	7.88420861327549e-9
0.3304148710878078	7.90444941522234e-9
0.33276694544324686	7.92487961914552e-9
0.33513078017046305	7.945501612846105e-9
0.33750643407131514	7.966317823683285e-9
0.3398939662416715	7.987330719397678e-9
0.3422934360728799	8.008542808956047e-9
0.34470490325324404	8.029956643416565e-9
0.3471284277695101	8.051574816817187e-9
0.34956406990835764	8.073399967085872e-9
0.3520118902578995	8.09543477697484e-9
0.354471949709189	8.117681975018818e-9
0.3569443094577349	8.140144336517935e-9
0.3594290310050235	8.162824684546748e-9
0.3619261761600484	8.185725890989318e-9
0.3644358070408486	8.208850877601922e-9
0.36695798607605284	8.232202617103646e-9
0.36949277600643327	8.255784134296063e-9
0.37204023988646523	8.279598507213056e-9
0.3746004410858973	8.303648868301337e-9
0.3771734432913268	8.32793840563304e-9
0.3797593105077832	8.352470364150947e-9
0.3823581070603219	8.377248046948215e-9
0.38496989759562367	8.40227481658254e-9
0.3875947470836016	8.42755409642725e-9
0.3902327208190196	8.453089372059364e-9
0.3928838844231145	8.478884192686392e-9
0.39554830384522993	8.50494217261347e-9
0.3982260453644561	8.531266992751163e-9
0.4009171755912785	8.557862402166555e-9
0.40362176146923495	8.584732219678236e-9
0.40633987027658097	8.611880335496768e-9
0.4090715696279639	8.639310712912707e-9
0.4118169274761037	8.667027390033074e-9
0.4145760121134843	8.695034481568712e-9
0.4173488921740515	8.723336180673614e-9
0.4201356366349219	8.751936760838586e-9
0.42293631481809635	8.780840577840839e-9
0.4257509963921868	8.810052071751485e-9
0.42857975137414767	8.839575769003392e-9
0.43142265013101855	8.869416284521072e-9
0.43427976338167373	8.899578323915044e-9
0.43715116219858224	8.930066685743316e-9
0.44003691800957523	8.960886263841717e-9
0.44293710259962304	8.992042049726764e-9
0.4458517881126211	9.023539135072071e-9
0.44878104705318417	9.0553827142632e-9
0.45172495228844983	9.087578087031768e-9
0.45468357704989204	9.120130661173431e-9
0.4576569949351413	9.153045955352236e-9
0.46064527990981685	9.186329601994248e-9
0.4636485063093658	9.219987350275434e-9
0.4666667488409128	9.254025069205063e-9
0.4697000825851173	9.288448750811362e-9
0.4727485829980427	9.323264513430652e-9
0.47581232591303285	9.358478605105945e-9
0.478891387542598	9.394097407098582e-9
0.48198584448031084	9.430127437517935e-9
0.4850957737027124	9.466575355073781e-9
0.48822125257122595	9.503447962956334e-9
0.49136235883408197	9.540752212849025e-9
0.4945191706282523	9.578495209080798e-9
0.4976917664813935	9.616684212922058e-9
0.5008802253138004	9.655326647031787e-9
0.5040846264403696	9.69443010006179e-9
0.5073050495725715	9.73400233142487e-9
0.5105415748204343	9.774051276234471e-9
0.5137942826945365	9.814585050423123e-9
0.517063254108009	9.855611956047718e-9
0.5203485703785492	9.897140486790216e-9
0.5236503132304419	9.939179333662805e-9
0.5269685647965939	9.981737390926969e-9
0.5303034076205766	1.0024823762235882e-8
0.5336549246586795	1.0068447767012337e-8
0.5370231992819728	1.0112618947071284e-8
0.5404083152783826	1.0157347073501212e-8
0.5438103568547747	1.0202642153815498e-8
0.5472294086390483	1.0248514439387937e-8
0.5506655556822436	1.0294974433186611e-8
0.5541188834606549	1.0342032897822465e-8
0.5575894778779582	1.0389700863927115e-8
0.5610774252673477	1.0437989638879979e-8
0.5645828123936844	1.0486910815901445e-8
0.5681057264556525	1.053647628353356e-8
0.5716462550879309	1.0586698235529984e-8
0.5752044863633705	1.0637589181178047e-8
0.5787805087951873	1.0689161956079386e-8
0.5823744113391631	1.0741429733414995e-8
0.5859862833958588	1.0794406035726483e-8
0.5896162148128381	1.0848104747244063e-8
0.5932642958869024	1.090254012679762e-8
0.5969306173663369	1.0957726821348941e-8
0.6006152704531684	1.1013679880187103e-8
0.6043183468054344	1.1070414769833817e-8
0.6080399385394615	1.11279473897091e-8
0.6117801382321587	1.1186294088614019e-8
0.6155390389233192	1.1245471682092159e-8
0.6193167341179359	1.1305497470740712e-8
0.6231133177885255	1.136638925954584e-8
0.6269288843774683	1.1428165378331277e-8
0.6307635287993556	1.1490844703415684e-8
0.6346173464433522	1.1554446680588396e-8
0.6384904331755688	1.1618991349526341e-8
0.6423828853414466	1.1684499369792894e-8
0.6462947997681537	1.1750992048576798e-8
0.6502262737669944	1.1818491370352614e-8
0.6541774051358293	1.1887020028670959e-8
0.6581482921615082	1.1956601460316077e-8
0.6621390336223156	1.2027259882106577e-8
0.6661497287904271	1.2099020330655652e-8
0.6701804774343789	1.2171908705459919e-8
0.6742313798215507	1.224595181574401e-8
0.6783025367206585	1.2321177431560253e-8
0.682394049404262	1.2397614339726379e-8
0.6865060196512833	1.2475292405284673e-8
0.6906385497495399	1.2554242639286414e-8
0.6947917424982876	1.2634497273847188e-8
0.6989657012107791	1.2716089845590928e-8
0.7031605297168331	1.27990552888044e-8
0.7073763323654171	1.2883430039870565e-8
0.7116132140272443	1.2969252154844243e-8
0.7158712800973803	1.3056561442388609e-8
0.7201506364978669	1.3145399614720509e-8
0.724451389680356	1.3235810459726681e-8
0.7287736466287575	1.3327840038040545e-8
0.7331175148619014	1.34215369096196e-8
0.737483102436211	1.3516952395280744e-8
0.7418705179483918	1.3614140879755503e-8
0.7462798705381338	1.3713160164172247e-8
0.7507112698908246	1.3814071877505538e-8
0.7551648262402787	1.3916941958516482e-8
0.7596406503714802	1.4021841222129428e-8
0.7641388536233378	1.4128846027131977e-8
0.7686595478914543	1.4238039065686306e-8
0.7732028456309116	1.4349510299527449e-8
0.777768859859066	1.4463358073094786e-8
0.7823577041583611	1.4579690440415217e-8
0.7869694926791531	1.4698626750605219e-8
0.7916043401425489	1.4820299546732448e-8
0.7962623618432616	1.4944856844897706e-8
0.8009436736524779	1.5072464875284064e-8
0.8056483920207402	1.5203311385239475e-8
0.8103766339808439	1.5337609627002937e-8
0.8151285171507483	1.547560318046758e-8
0.8199041597365018	1.5617571795648216e-8
0.8247036805351844	1.576383848183161e-8
0.8295271989378604	1.5914778122681932e-8
0.8343748349325497	1.607082796125933e-8
0.8392467091072124	1.623250037900457e-8
0.8441429426527486	1.640039849200984e-8
0.8490636573660123	1.6575235211038414e-8
0.8540089756528424	1.6757856564668907e-8
0.8589790205311068	1.694927027498856e-8
0.8639739156337622	1.7150680811701403e-8
0.868973915633762	1.7362667253023695e-8
0.8739739156337618	1.7586572246455846e-8
0.8789739156337616	1.782423525909249e-8
0.8839739156337615	1.807785086421111e-8
0.8889739156337613	1.8350040096128004e-8
0.893973915633761	1.8643936283064922e-8
0.8989739156337608	1.896328830480948e-8
0.9039739156337606	1.9312584822019888e-8
0.9089739156337604	1.9697203746460122e-8
0.9139739156337602	2.0123592090981196e-8
0.91897391563376	2.0599482384565465e-8
0.9239739156337599	2.113415309719603e-8
0.9289739156337596	2.1738742034934316e-8
0.9339739156337594	2.2426623489366038e-8
0.9389739156337592	2.32138621200165e-8
0.943973915633759	2.4119759188507576e-8
0.9489739156337588	2.5167509939406965e-8
0.9539739156337586	2.6384994743263817e-8
0.9589739156337583	2.7805731212430683e-8
0.9639739156337582	2.947002002619927e-8
0.968973915633758	3.142632384609221e-8
0.9739739156337578	3.373292668983175e-8
0.9789739156337576	3.645993073337745e-8
0.9839739156337574	3.9691659047853255e-8
0.9889739156337571	4.3529546639568904e-8
0.9939739156337569	4.8095618810528064e-8
0.9989739156337567	5.3536675848673184e-8
1.0039739156337566	6.002932705520772e-8
1.0089739156337563	6.778604591316744e-8
1.0139739156337562	7.706245274303757e-8
1.0189739156337558	8.816607260543569e-8
1.0239739156337557	1.0146686584096781e-7
1.0289739156337556	1.1740988808084251e-7
1.0339739156337553	1.3653050771587083e-7
1.0389739156337552	1.5947269392589792e-7
1.0439739156337549	1.870109901077998e-7
1.0489739156337547	2.2007690904220313e-7
1.0539739156337544	2.597906311085644e-7
1.0589739156337543	3.074990596444927e-7
1.0639739156337542	3.648214932384348e-7
1.0689739156337539	4.3370441928116736e-7
1.0739739156337538	5.164872233714506e-7
1.0789739156337534	6.159809531288573e-7
1.0839739156337533	7.355626817385376e-7
1.088973915633753	8.792884965185872e-7
1.093973915633753	1.0520287026686986e-6
1.0989739156337526	1.2596294951544583e-6
1.1039739156337525	1.5091061266948824e-6
1.1089739156337524	1.8088735023960882e-6
1.113973915633752	2.1690211777481935e-6
1.118973915633752	2.6016409425801857e-6
1.1239739156337516	3.121216554355405e-6
1.1289739156337515	3.7450867527987416e-6
1.1339739156337512	4.493994452843646e-6
1.138973915633751	5.3927369758439235e-6
1.143973915633751	6.470934330774784e-6
1.1489739156337506	7.763934873435669e-6
1.1539739156337505	9.31388010729599e-6
1.1589739156337502	1.1170952872159369e-5
1.16397391563375	1.3394835589556885e-5
1.1689739156337497	1.6056407448891656e-5
1.1739739156337496	1.9239711231388017e-5
1.1789739156337493	2.3044221635549884e-5
1.1839739156337492	2.7587447195352765e-5
1.187980436725312	3.1853621334927405e-5
1.1919869578168745	3.676498444980944e-5
1.1959934789084372	4.2415170038272836e-5
1.2	4.891044022364917e-5
