0.0006999999999999628	9.095665518039952e-8
0.001403500000000035	9.101992385162906e-8
0.0021105174999999296	9.108358275667717e-8
0.0028210700874998964	9.114763506064796e-8
0.003535175437937438	9.121208364707796e-8
0.004252851315127062	9.12769314206062e-8
0.004974115571702636	9.134218130976902e-8
0.005698986149561044	9.140783626775962e-8
0.006427481080308875	9.14738992730528e-8
0.007159618485710418	9.154037332992361e-8
0.007895416578138905	9.160726146891227e-8
0.008634893661029494	9.167456674726359e-8
0.00937806812933463	9.174229224933465e-8
0.010124958469981361	9.181044108697948e-8
0.010875583262331262	9.187901639995165e-8
0.01162996117864295	9.194802135626021e-8
0.012388110984536127	9.201745915255702e-8
0.013150051539458866	9.20873330144976e-8
0.013915801797156208	9.215764619711416e-8
0.014685380806142003	9.222840198518121e-8
0.015458807710172712	9.229960369358111e-8
0.01623610174872358	9.23712546676858e-8
0.017017282257467212	9.244335828371454e-8
0.017802368668754516	9.251591794911991e-8
0.01859138051209827	9.258893710296057e-8
0.019384337414658823	9.266241921628589e-8
0.020181259101732015	9.273636779251989e-8
0.020982165397240727	9.281078636784897e-8
0.02178707622422691	9.288567851161859e-8
0.02259601160534814	9.296104782672854e-8
0.02340899166337483	9.303689795003538e-8
0.024226036621691812	9.311323255276504e-8
0.02504716680480027	9.319005534092113e-8
0.025872402638824326	9.326737005569668e-8
0.02670176465201842	9.334518047391377e-8
0.02753527347527842	9.342349040843649e-8
0.028372949842654864	9.350230370861183e-8
0.0292148145918682	9.358162426070913e-8
0.03006088866482743	9.36614559883705e-8
0.03091119310815165	9.374180285305227e-8
0.0317657490736924	9.382266885449672e-8
0.03262457781906081	9.390405803118843e-8
0.03348770070815601	9.39859744608283e-8
0.034355139211696875	9.40684222608087e-8
0.035226914907755424	9.415140558870313e-8
0.03610304948229413	9.423492864275747e-8
0.03698356472970569	9.431899566237788e-8
0.03786848255335419	9.44036109286577e-8
0.038757824966120964	9.448877876486973e-8
0.03965161409095162	9.457450353699507e-8
0.04054987216140643	9.466078965425897e-8
0.04145262152221345	9.474764156965045e-8
0.04235988462982453	9.48350637804808e-8
0.04327168405297366	9.492306082892824e-8
0.0441880424732386	9.501163730259403e-8
0.04510898268560485	9.510079783508505e-8
0.046034527599032954	9.519054710657152e-8
0.04696470023702812	9.528088984438737e-8
0.04789952373821329	9.537183082361665e-8
0.048839021356904266	9.546337486769528e-8
0.04978321646368884	9.555552684903148e-8
0.05073213254600732	9.564829168961978e-8
0.05168579320873729	9.574167436166938e-8
0.052644222174780875	9.583567988825124e-8
0.05360744328565471	9.593031334394368e-8
0.054575480502083065	9.60255798554966e-8
0.055548357904593434	9.612148460249657e-8
0.056526099694116344	9.621803281804766e-8
0.0575087301925869	9.631522978946468e-8
0.05849627384354973	9.641308085897467e-8
0.05948875521276744	9.65115914244273e-8
0.06048619898883127	9.661076694002101e-8
0.061488629983775384	9.671061291703029e-8
0.06249607313369419	9.68111349245637e-8
0.06350855349936275	9.691233859031355e-8
0.06452609626685958	9.701422960132883e-8
0.06554872674819387	9.71168137047919e-8
0.06657647038193484	9.722009670882286e-8
0.06760935273384447	9.732408448327501e-8
0.06864739949751365	9.742878296056486e-8
0.0696906364950013	9.753419813649819e-8
0.07073908967747639	9.764033607111756e-8
0.07179278512586384	9.774720288956301e-8
0.07285174905149322	9.785480478294632e-8
0.0739160077967507	9.796314800923993e-8
0.07498558783573436	9.80722388941697e-8
0.07606051577491299	9.818208383214393e-8
0.07714081835378758	9.82926892871765e-8
0.07822652244555647	9.84040617938387e-8
0.07931765505778425	9.851620795821657e-8
0.0804142433330731	9.862913445889054e-8
0.08151631454973848	9.874284804793161e-8
0.08262389612248718	9.88573555519087e-8
0.0837370156030995	9.897266387291691e-8
0.0848557006811149	9.908877998962077e-8
0.0859799791845205	9.920571095831814e-8
0.08710987908044313	9.932346391401553e-8
0.08824542847584534	9.944204607152794e-8
0.08938665561822454	9.9561464726591e-8
0.09053358889631567	9.968172725700529e-8
0.09168625684079722	9.980284112377277e-8
0.09284468812500112	9.992481387228191e-8
0.09400891156562617	1.0004765313349874e-7
0.0951789561234543	1.0017136662517817e-7
0.09635485090407148	1.0029596215309457e-7
0.09753662515859184	1.004214476123061e-7
0.0987243082843847	1.0054783098841495e-7
0.09991792982580656	1.0067512035888366e-7
0.10111751947493569	1.008033238943401e-7
0.10232310707231031	1.0093244985993411e-7
0.1035347226076718	1.0106250661669248e-7
0.10475239622071016	1.0119350262291669e-7
0.10597615820181366	1.0132544643559169e-7
0.10720603899282274	1.0145834671183556e-7
0.10844206918778684	1.0159221221035066e-7
0.10968427953372567	1.0172705179292155e-7
0.1109327009313943	1.0186287442593583e-7
0.11218736443605135	1.0199968918191333e-7
0.11344830125823162	1.021375052410936e-7
0.11471554276452282	1.022763318930247e-7
0.11598912047834534	1.0241617853819025e-7
0.11726906608073695	1.0255705468967256e-7
0.11855541141114062	1.0269896997483033e-7
0.11984818846819621	1.0284193413702187e-7
0.12114742941053713	1.0298595703734965e-7
0.12245316655758978	1.0313104865643813e-7
0.1237654323903777	1.0327721909624967e-7
0.12508425955232963	1.0342447858192512e-7
0.12640968085009122	1.0357283746366016e-7
0.1277417292543416	1.0372230621862294e-7
0.1290804379006133	1.0387289545290413e-7
0.13042584009011637	1.0402461590348919e-7
0.1317779692905669	1.0417747844029169e-7
0.13313685913701961	1.0433149406819764e-7
0.13450254343270476	1.0448667392917628e-7
0.13587505614986833	1.0464302930440454e-7
0.13725443143061763	1.0480057161644809e-7
0.13864070358777073	1.0495931243147355e-7
0.14003390710570945	1.0511926346150871e-7
0.14143407664123803	1.0528043656674284e-7
0.1428412470244442	1.0544284375786984e-7
0.1442554532595664	1.0560649719847899e-7
0.14567673052586416	1.0577140920748471e-7
0.1471051141784935	1.0593759226161435e-7
0.14854063974938603	1.0610505899793248e-7
0.149983342948133	1.0627382221641671e-7
0.15143325966287374	1.0644389488258783e-7
0.15289042596118813	1.0661529013018571e-7
0.15435487809099402	1.0678802126390287e-7
0.15582665248144906	1.0696210176215887e-7
0.1573057857438562	1.0713754527995301e-7
0.15879231467257537	1.0731436565174114e-7
0.16028627624593816	1.0749257689439787e-7
0.16178770762716785	1.0767219321022238e-7
0.16329664616530362	1.0785322898999915e-7
0.16481312939613008	1.0803569881614355e-7
0.1663371950431107	1.0821961746587809e-7
0.16786888101832628	1.0840499991449383e-7
0.1694082254234178	1.0859186133867952e-7
0.1709552665505349	1.0878021711988869e-7
0.17251004288328747	1.0897008284782235e-7
0.17407259309770393	1.0916147432394001e-7
0.17564295606319252	1.0935440756505368e-7
0.17722117084350858	1.0954889880701879e-7
0.17880727669772617	1.0974496450846392e-7
0.18040131308121476	1.0994262135462192e-7
0.18200331964662084	1.101418862612362e-7
0.18361333624485401	1.1034277637853802e-7
0.18523140292607826	1.1054530909532004e-7
0.18685755994070874	1.107495020430807e-7
0.1884918477404122	1.109553731002709e-7
0.19013430697911424	1.1116294039661511e-7
0.1917849785140098	1.1137222231753293e-7
0.19344390340657974	1.1158323750865123e-7
0.19511112292361268	1.117960048804105e-7
0.1967866785382308	1.1201054361277035e-7
0.19847061193092203	1.1222687316001607e-7
0.20016296499057665	1.1244501325567383e-7
0.20186377981552947	1.1266498391751725e-7
0.2035730987146071	1.1288680545269271e-7
0.20529096420818022	1.131104984629567e-7
0.20701741902922113	1.1333608385002086e-7
0.20875250612436722	1.1356358282101954e-7
0.210496268654989	1.137930168940911e-7
0.21224874999826396	1.1402440790408772e-7
0.21400999374825516	1.142577780084067e-7
0.21578004371699644	1.1449314969295298e-7
0.21755894393558148	1.1473054577823567e-7
0.2193467386552594	1.1496998942559739e-7
0.22114347234853576	1.1521150414358176e-7
0.22294918971027836	1.1545511379445535e-7
0.2247639356588297	1.1570084260085462e-7
0.2265877553371239	1.1594871515261028e-7
0.2284206941138094	1.1619875641370241e-7
0.23026279758437848	1.1645099172939166e-7
0.23211411157230027	1.1670544683350701e-7
0.23397468213016168	1.1696214785589364e-7
0.23584455554081238	1.172211213300509e-7
0.23772377831851643	1.1748239420092472e-7
0.23961239721010893	1.1774599383290388e-7
0.24151045919615952	1.1801194801798555e-7
0.24341801149214037	1.1828028498413849e-7
0.24533510154960114	1.1855103340386213e-7
0.24726177705734917	1.1882422240294983e-7
0.24919808594263576	1.1909988156945879e-7
0.251144076372349	1.1937804096288944e-7
0.2530997967542107	1.1965873112359574e-7
0.2550652957379817	1.1994198308240097e-7
0.2570406222166717	1.2022782837046833e-7
0.2590258253277551	1.2051629902939188e-7
0.26102095445439405	1.2080742762154319e-7
0.2630260592266659	1.2110124724066323e-7
0.2650411895227993	1.2139779152271922e-7
0.2670663954704134	1.2169709465702623e-7
0.26910172744776534	1.219991913976362e-7
0.27114723608500396	1.2230411707502635e-7
0.27320297226542917	1.226119076080581e-7
0.27526898712675635	1.2292259951624683e-7
0.27734533206239	1.2323622993233662e-7
0.2794320587227019	1.235528366151905e-7
0.2815292190163153	1.2387245796301167e-7
0.2836368651113967	1.2419513302689098e-7
0.28575504943695385	1.245209015247065e-7
0.28788382468413853	1.248498038553794e-7
0.29002324380755934	1.251818811134958e-7
0.29217336002659705	1.2551717510430353e-7
0.29433422682673016	1.2585572835910394e-7
0.29650589796086374	1.2619758415102968e-7
0.29868842745066804	1.2654278651126235e-7
0.30088186958792124	1.2689138024564262e-7
0.3030862789358609	1.2724341095175362e-7
0.30530171033054027	1.275989250364281e-7
0.307528218882193	1.2795796973373557e-7
0.30976585997660405	1.2832059312345554e-7
0.312014689276487	1.2868684415003085e-7
0.31427476272286925	1.2905677264204828e-7
0.3165461365364837	1.2943042933223677e-7
0.3188288672191662	1.298078658780148e-7
0.32112301155526213	1.301891348826051e-7
0.32342862661303834	1.3057428991671242e-7
0.3257457697461036	1.3096338554082448e-7
0.32807449859483384	1.3135647732809563e-7
0.3304148710878078	1.3175362188792326e-7
0.33276694544324686	1.3215487689011432e-7
0.33513078017046305	1.3256030108979806e-7
0.33750643407131514	1.329699543529907e-7
0.3398939662416715	1.3338389768292544e-7
0.3422934360728799	1.3380219324710144e-7
0.34470490325324404	1.3422490440512688e-7
0.3471284277695101	1.3465209573735807e-7
0.34956406990835764	1.3508383307437367e-7
0.3520118902578995	1.3552018352729e-7
0.354471949709189	1.359612155189735e-7
0.3569443094577349	1.364069988161737e-7
0.3594290310050235	1.3685760456259586e-7
0.3619261761600484	1.373131053129474e-7
0.3644358070408486	1.3777357506802142e-7
0.36695798607605284	1.3823908931080117e-7
0.36949277600643327	1.3870972504367652e-7
0.37204023988646523	1.3918556082677113e-7
0.3746004410858973	1.3966667681744015e-7
0.3771734432913268	1.401531548109693e-7
0.3797593105077832	1.4064507828253278e-7
0.3823581070603219	1.4114253243043361e-7
0.38496989759562367	1.4164560422069588e-7
0.3875947470836016	1.4215438243304287e-7
0.3902327208190196	1.426689577083123e-7
0.3928838844231145	1.4318942259737853e-7
0.39554830384522993	1.4371587161161e-7
0.3982260453644561	1.442484012749387e-7
0.4009171755912785	1.447871101775961e-7
0.40362176146923495	1.4533209903158428e-7
0.40633987027658097	1.458834707279309e-7
0.4090715696279639	1.4644133039581547e-7
0.4118169274761037	1.47005785463621e-7
0.4145760121134843	1.4757694572201256e-7
0.4173488921740515	1.481549233890682e-7
0.4201356366349219	1.4873983317761322e-7
0.42293631481809635	1.4933179236477732e-7
0.4257509963921868	1.499309208639072e-7
0.42857975137414767	1.5053734129889684e-7
0.43142265013101855	1.511511790810648e-7
0.43427976338167373	1.5177256248863797e-7
0.43715116219858224	1.5240162274898017e-7
0.44003691800957523	1.530384941236749e-7
0.44293710259962304	1.5368331399655391e-7
0.4458517881126211	1.5433622296480051e-7
0.44878104705318417	1.5499736493328503e-7
0.45172495228844983	1.5566688721221624e-7
0.45468357704989204	1.563449406182751e-7
0.4576569949351413	1.5703167957938766e-7
0.46064527990981685	1.5772726224326227e-7
0.4636485063093658	1.5843185058985136e-7
0.4666667488409128	1.591456105479368e-7
0.4697000825851173	1.598687121159911e-7
0.4727485829980427	1.6060132948748062e-7
0.47581232591303285	1.613436411808592e-7
0.478891387542598	1.6209583017439092e-7
0.48198584448031084	1.628580840460562e-7
0.4850957737027124	1.6363059511877216e-7
0.48822125257122595	1.6441356061111103e-7
0.49136235883408197	1.652071827938295e-7
0.4945191706282523	1.6601166915242242e-7
0.4976917664813935	1.6682723255598031e-7
0.5008802253138004	1.676540914326794e-7
0.5040846264403696	1.684924699521479e-7
0.5073050495725715	1.6934259821505378e-7
0.5105415748204343	1.7020471245027588e-7
0.5137942826945365	1.710790552199564e-7
0.517063254108009	1.7196587563286666e-7
0.5203485703785492	1.728654295664257e-7
0.5236503132304419	1.7377797989782757e-7
0.5269685647965939	1.7470379674469477e-7
0.5303034076205766	1.756431577157117e-7
0.5336549246586795	1.7659634817174596e-7
0.5370231992819728	1.7756366149796405e-7
0.5404083152783826	1.7854539938746255e-7
0.5438103568547747	1.795418721370266e-7
0.5472294086390483	1.8055339895558552e-7
0.5506655556822436	1.8158030828605562e-7
0.5541188834606549	1.826229381411743e-7
0.5575894778779582	1.8368163645411606e-7
0.5610774252673477	1.8475676144463046e-7
0.5645828123936844	1.8584868200146576e-7
0.5681057264556525	1.8695777808201022e-7
0.5716462550879309	1.880844411299699e-7
0.5752044863633705	1.892290745121278e-7
0.5787805087951873	1.9039209397512105e-7
0.5823744113391631	1.9157392812338922e-7
0.5859862833958588	1.927750189193946e-7
0.5896162148128381	1.9399582220735473e-7
0.5932642958869024	1.9523680826178385e-7
0.5969306173663369	1.9649846236220304e-7
0.6006152704531684	1.9778128539552245e-7
0.6043183468054344	1.990857944876258e-7
0.6080399385394615	2.004125236658217e-7
0.6117801382321587	2.0176202455395215e-7
0.6155390389233192	2.0313486710203832e-7
0.6193167341179359	2.0453164035246472e-7
0.6231133177885255	2.0595295324488173e-7
0.6269288843774683	2.0739943546207128e-7
0.6307635287993556	2.0887173831928464e-7
0.6346173464433522	2.103705356996227e-7
0.6384904331755688	2.1189652503829667e-7
0.6423828853414466	2.134504283587211e-7
0.6462947997681537	2.1503299336371184e-7
0.6502262737669944	2.1664499458517186e-7
0.6541774051358293	2.182872345959363e-7
0.6581482921615082	2.1996054528780447e-7
0.6621390336223156	2.2166578921990714e-7
0.6661497287904271	2.2340386104203237e-7
0.6701804774343789	2.2517568899773976e-7
0.6742313798215507	2.269822365125821e-7
0.6783025367206585	2.2882450387303194e-7
0.682394049404262	2.3070353000228354e-7
0.6865060196512833	2.326203943393975e-7
0.6906385497495399	2.345762188289696e-7
0.6947917424982876	2.3657217002890502e-7
0.6989657012107791	2.3860946134453885e-7
0.7031605297168331	2.406893553981041e-7
0.7073763323654171	2.428131665431234e-7
0.7116132140272443	2.4498226353420014e-7
0.7158712800973803	2.471980723635606e-7
0.7201506364978669	2.4946207927665577e-7
0.724451389680356	2.5177583398013604e-7
0.7287736466287575	2.5414095305672975e-7
0.7331175148619014	2.565591236029031e-7
0.737483102436211	2.5903210710643057e-7
0.7418705179483918	2.6156174358276263e-7
0.7462798705381338	2.641499559906745e-7
0.7507112698908246	2.667987549497567e-7
0.7551648262402787	2.695102437842749e-7
0.7596406503714802	2.722866239205545e-7
0.7641388536233378	2.7513020066750737e-7
0.7686595478914543	2.7804338941314284e-7
0.7732028456309116	2.8102872227307764e-7
0.777768859859066	2.840888552310873e-7
0.7823577041583611	2.8722657581582675e-7
0.7869694926791531	2.904448113629014e-7
0.7916043401425489	2.937466379169983e-7
0.7962623618432616	2.9713528983492703e-7
0.8009436736524779	3.00614170157976e-7
0.8056483920207402	3.0418686182998537e-7
0.8103766339808439	3.0785713984735244e-7
0.8151285171507483	3.116289844381079e-7
0.8199041597365018	3.15506595380182e-7
0.8247036805351844	3.194944075838007e-7
0.8295271989378604	3.2359710808070615e-7
0.8343748349325497	3.278196545832408e-7
0.8392467091072124	3.321672958007933e-7
0.8441429426527486	3.3664559372963576e-7
0.8490636573660123	3.4126044816652584e-7
0.8540089756528424	3.460181237368191e-7
0.8589790205311068	3.509252797768379e-7
0.8639739156337622	3.559890034685579e-7
0.868973915633762	3.611958731368179e-7
0.8739739156337618	3.6654651444146803e-7
0.8789739156337616	3.7204699604945763e-7
0.8839739156337615	3.7770375138068186e-7
0.8889739156337613	3.835236100849948e-7
0.893973915633761	3.895138333636112e-7
0.8989739156337608	3.956821537675182e-7
0.9039739156337606	4.020368202013033e-7
0.9089739156337604	4.08586648995362e-7
0.9139739156337602	4.1534108207170506e-7
0.91897391563376	4.2231025342220404e-7
0.9239739156337599	4.2950506535047834e-7
0.9289739156337596	4.369372762074256e-7
0.9339739156337594	4.44619601684619e-7
0.9389739156337592	4.525658321313821e-7
0.943973915633759	4.607909688434719e-7
0.9489739156337588	4.693113828504967e-7
0.9539739156337586	4.781450004254014e-7
0.9589739156337583	4.873115203762346e-7
0.9639739156337582	4.968326691866118e-7
0.968973915633758	5.06732501281612e-7
0.9739739156337578	5.170377531515133e-7
0.9789739156337576	5.277782618168237e-7
0.9839739156337574	5.389874602254702e-7
0.9889739156337571	5.507029647080169e-7
0.9939739156337569	5.629672726674117e-7
0.9989739156337567	5.7582859235112e-7
1.0039739156337566	5.893418309705589e-7
1.0089739156337563	6.035697727486373e-7
1.0139739156337562	6.185844848716706e-7
1.0189739156337558	6.344689970176477e-7
1.0239739156337557	6.513193093900349e-7
1.0289739156337556	6.692467953228513e-7
1.0339739156337553	6.88381077916249e-7
1.0389739156337552	7.088734762691163e-7
1.0439739156337549	7.309011362408646e-7
1.0489739156337547	7.546719839552654e-7
1.0539739156337544	7.804306682385855e-7
1.0589739156337543	8.084656918049525e-7
1.0639739156337542	8.391179713905437e-7
1.0689739156337539	8.727911155456425e-7
1.0739739156337538	9.099637670373549e-7
1.0789739156337534	9.512044267307413e-7
1.0839739156337533	9.97189259721134e-7
1.088973915633753	1.0487234851550737e-6
1.093973915633753	1.1067670719245934e-6
1.0989739156337526	1.1724656072155672e-6
1.1039739156337525	1.2471873784944445e-6
1.1089739156337524	1.3325679176182016e-6
1.113973915633752	1.4305635051742698e-6
1.118973915633752	1.5435154320776234e-6
1.1239739156337516	1.674227173691214e-6
1.1289739156337515	1.8260570610883677e-6
1.1339739156337512	2.003029548732505e-6
1.138973915633751	2.209968794907203e-6
1.143973915633751	2.4526590112877425e-6
1.1489739156337506	2.7380369259598627e-6
1.1539739156337505	3.0744227698924e-6
1.1589739156337502	3.471797476330113e-6
1.16397391563375	3.942135318730246e-6
1.1689739156337497	4.49980305644302e-6
1.1739739156337496	5.162038867122754e-6
1.1789739156337493	5.949526986878256e-6
1.1839739156337492	6.887087123816998e-6
1.187980436725312	7.766526382284182e-6
1.1919869578168745	8.779379545095294e-6
1.1959934789084372	9.946495484103592e-6
1.2	1.1292017796813285e-5
