0.0006999999999999628	1.1568771381173435e-8
0.001403500000000035	1.1575603151577664e-8
0.0021105174999999296	1.1582476315966841e-8
0.0028210700874998964	1.158939096006717e-8
0.003535175437937438	1.1596347369034434e-8
0.004252851315127062	1.1603345833493876e-8
0.004974115571702636	1.1610386646650034e-8
0.005698986149561044	1.1617470104251657e-8
0.006427481080308875	1.1624596504605674e-8
0.007159618485710418	1.1631766148595411e-8
0.007895416578138905	1.1638979339701001e-8
0.008634893661029494	1.1646236384021979e-8
0.00937806812933463	1.1653537590300855e-8
0.010124958469981361	1.1660883269947595e-8
0.010875583262331262	1.166827373706529e-8
0.01162996117864295	1.1675709308476591e-8
0.012388110984536127	1.1683190303750386e-8
0.013150051539458866	1.1690717045229764e-8
0.013915801797156208	1.1698289858060009e-8
0.014685380806142003	1.1705909070217302e-8
0.015458807710172712	1.1713575012537833e-8
0.01623610174872358	1.1721288018748342e-8
0.017017282257467212	1.1729048425495224e-8
0.017802368668754516	1.173685657237605e-8
0.01859138051209827	1.1744712801970619e-8
0.019384337414658823	1.1752617459872492e-8
0.020181259101732015	1.1760570894721202e-8
0.020982165397240727	1.1768573458234965e-8
0.02178707622422691	1.1776625505243589e-8
0.02259601160534814	1.1784727393722151e-8
0.02340899166337483	1.1792879484825107e-8
0.024226036621691812	1.1801082142920497e-8
0.02504716680480027	1.1809335735625226e-8
0.025872402638824326	1.1817640633840425e-8
0.02670176465201842	1.1825997211787342e-8
0.02753527347527842	1.1834405847043966e-8
0.028372949842654864	1.1842866920581631e-8
0.0292148145918682	1.1851380816802823e-8
0.03006088866482743	1.1859947923579119e-8
0.03091119310815165	1.1868568632289506e-8
0.0317657490736924	1.1877243337859239e-8
0.03262457781906081	1.188597243880008e-8
0.03348770070815601	1.1894756337249566e-8
0.034355139211696875	1.1903595439012055e-8
0.035226914907755424	1.1912490153599944e-8
0.03610304948229413	1.1921440894275294e-8
0.03698356472970569	1.1930448078092261e-8
0.03786848255335419	1.1939512125940043e-8
0.038757824966120964	1.1948633462586175e-8
0.03965161409095162	1.1957812516720824e-8
0.04054987216140643	1.1967049721001456e-8
0.04145262152221345	1.1976345512098145e-8
0.04235988462982453	1.1985700330739517e-8
0.04327168405297366	1.1995114621759564e-8
0.0441880424732386	1.2004588834144519e-8
0.04510898268560485	1.2014123421081117e-8
0.046034527599032954	1.2023718840004774e-8
0.04696470023702812	1.2033375552649285e-8
0.04789952373821329	1.2043094025096454e-8
0.048839021356904266	1.2052874727827e-8
0.04978321646368884	1.2062718135771526e-8
0.05073213254600732	1.2072624728362914e-8
0.05168579320873729	1.2082594989589177e-8
0.052644222174780875	1.2092629408046843e-8
0.05360744328565471	1.2102728476995287e-8
0.054575480502083065	1.2112892694411954e-8
0.055548357904593434	1.2123122563048194e-8
0.056526099694116344	1.2133418590485934e-8
0.0575087301925869	1.2143781289195176e-8
0.05849627384354973	1.2154211176592422e-8
0.05948875521276744	1.2164708775099504e-8
0.06048619898883127	1.2175274612204014e-8
0.061488629983775384	1.2185909220519977e-8
0.06249607313369419	1.2196613137849627e-8
0.06350855349936275	1.2207386907246166e-8
0.06452609626685958	1.2218231077077057e-8
0.06554872674819387	1.2229146201088917e-8
0.06657647038193484	1.2240132838472761e-8
0.06760935273384447	1.2251191553930154e-8
0.06864739949751365	1.226232291774126e-8
0.0696906364950013	1.2273527505832554e-8
0.07073908967747639	1.2284805899846336e-8
0.07179278512586384	1.2296158687211611e-8
0.07285174905149322	1.2307586461214969e-8
0.0739160077967507	1.231908982107323e-8
0.07498558783573436	1.2330669372007373e-8
0.07606051577491299	1.234232572531687e-8
0.07714081835378758	1.235405949845562e-8
0.07822652244555647	1.2365871315109036e-8
0.07931765505778425	1.2377761805271857e-8
0.0804142433330731	1.238973160532774e-8
0.08151631454973848	1.240178135812969e-8
0.08262389612248718	1.2413911713081533e-8
0.0837370156030995	1.2426123326221342e-8
0.0848557006811149	1.2438416860305297e-8
0.0859799791845205	1.245079298489311e-8
0.08710987908044313	1.2463252376435368e-8
0.08824542847584534	1.2475795718360941e-8
0.08938665561822454	1.2488423701167286e-8
0.09053358889631567	1.2501137022510832e-8
0.09168625684079722	1.251393638729939e-8
0.09284468812500112	1.252682250778587e-8
0.09400891156562617	1.253979610366365e-8
0.0951789561234543	1.2552857902163156e-8
0.09635485090407148	1.2566008638149988e-8
0.09753662515859184	1.2579249054224582e-8
0.0987243082843847	1.2592579900823874e-8
0.09991792982580656	1.260600193632396e-8
0.10111751947493569	1.2619515927144487e-8
0.10232310707231031	1.2633122647855028e-8
0.1035347226076718	1.2646822881283016e-8
0.10475239622071016	1.266061741862329e-8
0.10597615820181366	1.2674507059549114e-8
0.10720603899282274	1.2688492612325938e-8
0.10844206918778684	1.2702574893925728e-8
0.10968427953372567	1.271675473014429e-8
0.1109327009313943	1.2731032955719466e-8
0.11218736443605135	1.2745410414452092e-8
0.11344830125823162	1.2759887959328413e-8
0.11471554276452282	1.277446645264487e-8
0.11598912047834534	1.2789146766134109e-8
0.11726906608073695	1.2803929781094427e-8
0.11855541141114062	1.2818816388520098e-8
0.11984818846819621	1.2833807489234382e-8
0.12114742941053713	1.284890399402451e-8
0.12245316655758978	1.2864106823779493e-8
0.1237654323903777	1.2879416909629365e-8
0.12508425955232963	1.2894835193087274e-8
0.12640968085009122	1.2910362626193883e-8
0.1277417292543416	1.2926000171664049e-8
0.1290804379006133	1.2941748803036302e-8
0.13042584009011637	1.2957609504824034e-8
0.1317779692905669	1.2973583272670515e-8
0.13313685913701961	1.2989671113505208e-8
0.13450254343270476	1.3005874045703787e-8
0.13587505614986833	1.3022193099250058e-8
0.13725443143061763	1.3038629315901394e-8
0.13864070358777073	1.3055183749356291e-8
0.14003390710570945	1.3071857465425508e-8
0.14143407664123803	1.3088651542205528e-8
0.1428412470244442	1.3105567070255465e-8
0.1442554532595664	1.3122605152776604e-8
0.14567673052586416	1.3139766905795724e-8
0.1471051141784935	1.3157053458350704e-8
0.14854063974938603	1.3174465952680626e-8
0.149983342948133	1.319200554441748e-8
0.15143325966287374	1.3209673402783116e-8
0.15289042596118813	1.3227470710788299e-8
0.15435487809099402	1.324539866543594e-8
0.15582665248144906	1.3263458477927865e-8
0.1573057857438562	1.3281651373874727e-8
0.15879231467257537	1.329997859351091e-8
0.16028627624593816	1.3318441391911397e-8
0.16178770762716785	1.3337041039214921e-8
0.16329664616530362	1.3355778820848615e-8
0.16481312939613008	1.3374656037758742e-8
0.1663371950431107	1.33936740066446e-8
0.16786888101832628	1.3412834060196523e-8
0.1694082254234178	1.343213754733943e-8
0.1709552665505349	1.3451585833479104e-8
0.17251004288328747	1.3471180300754584e-8
0.17407259309770393	1.349092234829397e-8
0.17564295606319252	1.3510813392475981e-8
0.17722117084350858	1.3530854867195566e-8
0.17880727669772617	1.3551048224134864e-8
0.18040131308121476	1.35713949330393e-8
0.18200331964662084	1.3591896481998127e-8
0.18361333624485401	1.3612554377731488e-8
0.18523140292607826	1.363337014588203e-8
0.18685755994070874	1.3654345331311481e-8
0.1884918477404122	1.367548149840456e-8
0.19013430697911424	1.3696780231376964e-8
0.1917849785140098	1.371824313459023e-8
0.19344390340657974	1.3739871832872301e-8
0.19511112292361268	1.3761667971844163e-8
0.1967866785382308	1.3783633218253067e-8
0.19847061193092203	1.380576926031191e-8
0.20016296499057665	1.382807780804525e-8
0.20186377981552947	1.385056059364234e-8
0.2035730987146071	1.3873219371816795e-8
0.20529096420818022	1.389605592017308e-8
0.20701741902922113	1.3919072039580821e-8
0.20875250612436722	1.3942269554556186e-8
0.210496268654989	1.3965650313650527e-8
0.21224874999826396	1.3989216189847342e-8
0.21400999374825516	1.4012969080966575e-8
0.21578004371699644	1.4036910910077409e-8
0.21755894393558148	1.4061043625919375e-8
0.2193467386552594	1.4085369203331464e-8
0.22114347234853576	1.4109889643690598e-8
0.22294918971027836	1.4134606975358248e-8
0.2247639356588297	1.4159523254137076e-8
0.2265877553371239	1.4184640563735843e-8
0.2284206941138094	1.4209961016244787e-8
0.23026279758437848	1.4235486752620412e-8
0.23211411157230027	1.426121994318003e-8
0.23397468213016168	1.4287162788106997e-8
0.23584455554081238	1.4313317517966413e-8
0.23772377831851643	1.4339686394231313e-8
0.23961239721010893	1.4366271709820058e-8
0.24151045919615952	1.439307578964536e-8
0.24341801149214037	1.4420100991173804e-8
0.24533510154960114	1.444734970499921e-8
0.24726177705734917	1.4474824355426168e-8
0.24919808594263576	1.4502527401066918e-8
0.251144076372349	1.4530461335451692e-8
0.2530997967542107	1.455862868765055e-8
0.2550652957379817	1.4587032022910516e-8
0.2570406222166717	1.46156739433052e-8
0.2590258253277551	1.4644557088399182e-8
0.26102095445439405	1.4673684135926573e-8
0.2630260592266659	1.4703057802484918e-8
0.2650411895227993	1.473268084424413e-8
0.2670663954704134	1.4762556057671046e-8
0.26910172744776534	1.4792686280270147e-8
0.27114723608500396	1.482307439134098e-8
0.27320297226542917	1.4853723312752195e-8
0.27526898712675635	1.4884636009733416e-8
0.27734533206239	1.4915815491684507e-8
0.2794320587227019	1.494726481300383e-8
0.2815292190163153	1.4978987073934376e-8
0.2836368651113967	1.5010985421430565e-8
0.28575504943695385	1.504326305004359e-8
0.28788382468413853	1.5075823202828007e-8
0.29002324380755934	1.510866917226932e-8
0.29217336002659705	1.514180430123254e-8
0.29433422682673016	1.5175231983933545e-8
0.29650589796086374	1.5208955666932682e-8
0.29868842745066804	1.5242978850152106e-8
0.30088186958792124	1.527730508791706e-8
0.3030862789358609	1.5311937990022046e-8
0.30530171033054027	1.5346881222821844e-8
0.307528218882193	1.5382138510349745e-8
0.30976585997660405	1.5417713635461426e-8
0.312014689276487	1.5453610441007306e-8
0.31427476272286925	1.5489832831033303e-8
0.3165461365364837	1.5526384772010802e-8
0.3188288672191662	1.5563270294096144e-8
0.32112301155526213	1.560049349242219e-8
0.32342862661303834	1.5638058528421047e-8
0.3257457697461036	1.5675969631180002e-8
0.32807449859483384	1.5714231098830827e-8
0.3304148710878078	1.5752847299974806e-8
0.33276694544324686	1.5791822675142585e-8
0.33513078017046305	1.583116173829174e-8
0.33750643407131514	1.5870869078342e-8
0.3398939662416715	1.591094936074997e-8
0.3422934360728799	1.5951407329124213e-8
0.34470490325324404	1.5992247806881833e-8
0.3471284277695101	1.6033475698948035e-8
0.34956406990835764	1.6075095993500072e-8
0.3520118902578995	1.611711376375732e-8
0.354471949709189	1.6159534169816865e-8
0.3569443094577349	1.620236246053968e-8
0.3594290310050235	1.6245603975485528e-8
0.3619261761600484	1.6289264146899977e-8
0.3644358070408486	1.6333348501754594e-8
0.36695798607605284	1.6377862663842728e-8
0.36949277600643327	1.6422812355931755e-8
0.37204023988646523	1.646820340197318e-8
0.3746004410858973	1.6514041729375387e-8
0.3771734432913268	1.6560333371336965e-8
0.3797593105077832	1.660708446924553e-8
0.3823581070603219	1.6654301275143818e-8
0.38496989759562367	1.670199015426392e-8
0.3875947470836016	1.675015758763333e-8
0.3902327208190196	1.6798810174755218e-8
0.3928838844231145	1.684795463636374e-8
0.39554830384522993	1.6897597817259985e-8
0.3982260453644561	1.6947746689227628e-8
0.4009171755912785	1.6998408354035154e-8
0.40362176146923495	1.704959004652332e-8
0.40633987027658097	1.7101299137784737e-8
0.4090715696279639	1.7153543138436305e-8
0.4118169274761037	1.720632970198849e-8
0.4145760121134843	1.7259666628316004e-8
0.4173488921740515	1.731356186723123e-8
0.4201356366349219	1.736802352216653e-8
0.42293631481809635	1.742305985396778e-8
0.4257509963921868	1.7478679284803643e-8
0.42857975137414767	1.7534890402195393e-8
0.43142265013101855	1.7591701963171293e-8
0.43427976338167373	1.7649122898549237e-8
0.43715116219858224	1.7707162317355362e-8
0.44003691800957523	1.7765829511379645e-8
0.44293710259962304	1.7825133959877818e-8
0.4458517881126211	1.788508533442272e-8
0.44878104705318417	1.7945693503910626e-8
0.45172495228844983	1.8006968539731277e-8
0.45468357704989204	1.806892072110437e-8
0.4576569949351413	1.8131560540592552e-8
0.46064527990981685	1.81948987097951e-8
0.4636485063093658	1.825894616523193e-8
0.4666667488409128	1.8323714074423353e-8
0.4697000825851173	1.838921384217573e-8
0.4727485829980427	1.845545711708015e-8
0.47581232591303285	1.8522455798232588e-8
0.478891387542598	1.859022204218656e-8
0.48198584448031084	1.8658768270146114e-8
0.4850957737027124	1.8728107175410635e-8
0.48822125257122595	1.8798251731081454e-8
0.49136235883408197	1.8869215198042266e-8
0.4945191706282523	1.8941011133224026e-8
0.4976917664813935	1.9013653398168923e-8
0.5008802253138004	1.9087156167904033e-8
0.5040846264403696	1.9161533940140645e-8
0.5073050495725715	1.9236801544812487e-8
0.5105415748204343	1.9312974153969286e-8
0.5137942826945365	1.9390067292041338e-8
0.517063254108009	1.946809684649183e-8
0.5203485703785492	1.9547079078876917e-8
0.5236503132304419	1.9627030636329482e-8
0.5269685647965939	1.9707968563491047e-8
0.5303034076205766	1.978991031490927e-8
0.5336549246586795	1.9872873767926404e-8
0.5370231992819728	1.9956877236081627e-8
0.5404083152783826	2.0041939483053575e-8
0.5438103568547747	2.012807973716966e-8
0.5472294086390483	2.0215317706510417e-8
0.5506655556822436	2.030367359464116e-8
0.5541188834606549	2.039316811700229e-8
0.5575894778779582	2.0483822517993072e-8
0.5610774252673477	2.0575658588786695e-8
0.5645828123936844	2.0668698685914996e-8
0.5681057264556525	2.0762965750666605e-8
0.5716462550879309	2.085848332934206e-8
0.5752044863633705	2.0955275594415432e-8
0.5787805087951873	2.1053367366653912e-8
0.5823744113391631	2.1152784138251922e-8
0.5859862833958588	2.1253552097037586e-8
0.5896162148128381	2.1355698151818952e-8
0.5932642958869024	2.145924995893753e-8
0.5969306173663369	2.1564235950104862e-8
0.6006152704531684	2.1670685361605305e-8
0.6043183468054344	2.1778628264948746e-8
0.6080399385394615	2.188809559907623e-8
0.6117801382321587	2.1999119204215444e-8
0.6155390389233192	2.2111731857506675e-8
0.6193167341179359	2.2225967310518383e-8
0.6231133177885255	2.234186032879331e-8
0.6269288843774683	2.2459446733572122e-8
0.6307635287993556	2.2578763445863023e-8
0.6346173464433522	2.2699848533035646e-8
0.6384904331755688	2.282274125814673e-8
0.6423828853414466	2.2947482132218467e-8
0.6462947997681537	2.3074112969721026e-8
0.6502262737669944	2.320267694753893e-8
0.6541774051358293	2.333321866773605e-8
0.6581482921615082	2.3465784224468857e-8
0.6621390336223156	2.3600421275448022e-8
0.6661497287904271	2.373717911839756e-8
0.6701804774343789	2.387610877302177e-8
0.6742313798215507	2.401726306906098e-8
0.6783025367206585	2.416069674110313e-8
0.682394049404262	2.4306466530911128e-8
0.6865060196512833	2.4454631298142023e-8
0.6906385497495399	2.4605252140471334e-8
0.6947917424982876	2.4758392524289583e-8
0.6989657012107791	2.4914118427333418e-8
0.7031605297168331	2.5072498494829823e-8
0.7073763323654171	2.52336042110031e-8
0.7116132140272443	2.5397510088108846e-8
0.7158712800973803	2.556429387553538e-8
0.7201506364978669	2.5734036791969243e-8
0.724451389680356	2.5906823784155526e-8
0.7287736466287575	2.60827438164403e-8
0.7331175148619014	2.6261890196060184e-8
0.737483102436211	2.6444360940082535e-8
0.7418705179483918	2.6630259191037962e-8
0.7462798705381338	2.6819693689653725e-8
0.7507112698908246	2.7012779314754953e-8
0.7551648262402787	2.720963770241021e-8
0.7596406503714802	2.7410397958831065e-8
0.7641388536233378	2.7615197484497988e-8
0.7686595478914543	2.7824182930587278e-8
0.7732028456309116	2.8037511313153688e-8
0.777768859859066	2.825535131587935e-8
0.7823577041583611	2.8477884818732787e-8
0.7869694926791531	2.8705308697861783e-8
0.7916043401425489	2.8937836951831018e-8
0.7962623618432616	2.9175703221289773e-8
0.8009436736524779	2.9419163783859906e-8
0.8056483920207402	2.96685011240899e-8
0.8103766339808439	2.9924028200526434e-8
0.8151285171507483	3.018609355928512e-8
0.8199041597365018	3.0455087477188467e-8
0.8247036805351844	3.073144935909185e-8
0.8295271989378604	3.1015676665331854e-8
0.8343748349325497	3.1308335708676166e-8
0.8392467091072124	3.161007473865769e-8
0.8441429426527486	3.1921639828433083e-8
0.8490636573660123	3.2243894199912944e-8
0.8540089756528424	3.257784177261578e-8
0.8589790205311068	3.2924655907732186e-8
0.8639739156337622	3.328571455026778e-8
0.868973915633762	3.366112117104484e-8
0.8739739156337618	3.405218489685356e-8
0.8789739156337616	3.446087566296577e-8
0.8839739156337615	3.4889520329219124e-8
0.8889739156337613	3.534087301189788e-8
0.893973915633761	3.581819959770453e-8
0.8989739156337608	3.632537932253242e-8
0.9039739156337606	3.686702688513769e-8
0.9089739156337604	3.7448639273241216e-8
0.9139739156337602	3.807677233131455e-8
0.91897391563376	3.875925312472362e-8
0.9239739156337599	3.9505435389355216e-8
0.9289739156337596	4.0326506841933116e-8
0.9339739156337594	4.123585891507153e-8
0.9389739156337592	4.224953163430768e-8
0.943973915633759	4.338674894585772e-8
0.9489739156337588	4.467056292264517e-8
0.9539739156337586	4.6128629029125254e-8
0.9589739156337583	4.779413914101757e-8
0.9639739156337582	4.970694444850151e-8
0.968973915633758	5.191490690590329e-8
0.9739739156337578	5.447552574967461e-8
0.9789739156337576	5.7457895056073145e-8
0.9839739156337574	6.094505967011276e-8
0.9889739156337571	6.503685049100102e-8
0.9939739156337569	6.98532965051842e-8
0.9989739156337567	7.553873066512277e-8
1.0039739156337566	8.226673037643775e-8
1.0089739156337563	9.024606176225441e-8
1.0139739156337562	9.97278309573309e-8
1.0189739156337558	1.1101408656166835e-7
1.0239739156337557	1.2446816638221996e-7
1.0289739156337556	1.4052714029157876e-7
1.0339739156337553	1.5971677130876118e-7
1.0389739156337552	1.8266950108105078e-7
1.0439739156337549	2.10146066442573e-7
1.0489739156337547	2.4306147374276976e-7
1.0539739156337544	2.825162008172947e-7
1.0589739156337543	3.298336670847027e-7
1.0639739156337542	3.8660521527902335e-7
1.0689739156337539	4.5474408956543093e-7
1.0739739156337538	5.365501809331407e-7
1.0789739156337534	6.34787649513042e-7
1.0839739156337533	7.527779336039339e-7
1.088973915633753	8.945111266167923e-7
1.093973915633753	1.0647792569271238e-6
1.0989739156337526	1.269335653917881e-6
1.1039739156337525	1.515085339419276e-6
1.1089739156337524	1.8103122610835447e-6
1.113973915633752	2.1649501969192715e-6
1.118973915633752	2.5909053215999875e-6
1.1239739156337516	3.1024397468609714e-6
1.1289739156337515	3.716626838578364e-6
1.1339739156337512	4.453890774680967e-6
1.138973915633751	5.338644635163992e-6
1.143973915633751	6.400043290250726e-6
1.1489739156337506	7.672869440685405e-6
1.1539739156337505	9.198573308873554e-6
1.1589739156337502	1.1026488597310117e-5
1.16397391563375	1.3215249304707725e-5
1.1689739156337497	1.583443366624474e-5
1.1739739156337496	1.8966462668356576e-5
1.1789739156337493	2.2708781047158383e-5
1.1839739156337492	2.7176348145188326e-5
1.187980436725312	3.137003965547777e-5
1.1919869578168745	3.619620251560261e-5
1.1959934789084372	4.1746026163448235e-5
1.2	4.812283380305675e-5
