0.0006999999999999628	8.702583066512607e-9
0.001403500000000035	8.707939029566795e-9
0.0021105174999999296	8.713327551704701e-9
0.0028210700874998964	8.718748664977464e-9
0.003535175437937438	8.724202593932975e-9
0.004252851315127062	8.729689567819861e-9
0.004974115571702636	8.735209817921441e-9
0.005698986149561044	8.740763577526806e-9
0.006427481080308875	8.746351081944042e-9
0.007159618485710418	8.751972568516074e-9
0.007895416578138905	8.757628276638226e-9
0.008634893661029494	8.763318447776972e-9
0.00937806812933463	8.769043325489411e-9
0.010124958469981361	8.774803155443373e-9
0.010875583262331262	8.780598185438152e-9
0.01162996117864295	8.786428665425977e-9
0.012388110984536127	8.792294847533492e-9
0.013150051539458866	8.798196986084189e-9
0.013915801797156208	8.80413533762081e-9
0.014685380806142003	8.810110160928502e-9
0.015458807710172712	8.816121717058114e-9
0.01623610174872358	8.822170269350043e-9
0.017017282257467212	8.828256083458335e-9
0.017802368668754516	8.834379427375451e-9
0.01859138051209827	8.84054057145676e-9
0.019384337414658823	8.846739788446239e-9
0.020181259101732015	8.852977353501763e-9
0.020982165397240727	8.859253544221515e-9
0.02178707622422691	8.865568640669994e-9
0.02259601160534814	8.871922925404955e-9
0.02340899166337483	8.87831668350466e-9
0.024226036621691812	8.884750202595153e-9
0.02504716680480027	8.891223772878442e-9
0.025872402638824326	8.897737687160462e-9
0.02670176465201842	8.904292240880092e-9
0.02753527347527842	8.910887732138083e-9
0.028372949842654864	8.917524461726412e-9
0.0292148145918682	8.92420273315833e-9
0.03006088866482743	8.930922852698745e-9
0.03091119310815165	8.937685129394584e-9
0.0317657490736924	8.944489875106363e-9
0.03262457781906081	8.951337404539275e-9
0.03348770070815601	8.958228035275605e-9
0.034355139211696875	8.96516208780688e-9
0.035226914907755424	8.972139885566794e-9
0.03610304948229413	8.979161754964622e-9
0.03698356472970569	8.986228025418944e-9
0.03786848255335419	8.993339029391941e-9
0.038757824966120964	9.000495102423947e-9
0.03965161409095162	9.007696583168997e-9
0.04054987216140643	9.014943813430095e-9
0.04145262152221345	9.02223713819568e-9
0.04235988462982453	9.02957690567626e-9
0.04327168405297366	9.036963467341655e-9
0.0441880424732386	9.04439717795854e-9
0.04510898268560485	9.051878395628873e-9
0.046034527599032954	9.059407481828582e-9
0.04696470023702812	9.066984801446968e-9
0.04789952373821329	9.074610722826448e-9
0.048839021356904266	9.082285617803236e-9
0.04978321646368884	9.090009861748027e-9
0.05073213254600732	9.097783833607844e-9
0.05168579320873729	9.10560791594825e-9
0.052644222174780875	9.113482494995938e-9
0.05360744328565471	9.121407960682222e-9
0.054575480502083065	9.129384706687015e-9
0.055548357904593434	9.13741313048352e-9
0.056526099694116344	9.145493633383605e-9
0.0575087301925869	9.153626620583594e-9
0.05849627384354973	9.161812501210752e-9
0.05948875521276744	9.17005168837095e-9
0.06048619898883127	9.178344599196292e-9
0.061488629983775384	9.186691654893713e-9
0.06249607313369419	9.19509328079468e-9
0.06350855349936275	9.203549906405066e-9
0.06452609626685958	9.212061965455943e-9
0.06554872674819387	9.220629895955131e-9
0.06657647038193484	9.229254140239656e-9
0.06760935273384447	9.237935145028742e-9
0.06864739949751365	9.246673361477605e-9
0.0696906364950013	9.255469245232324e-9
0.07073908967747639	9.264323256485107e-9
0.07179278512586384	9.273235860030774e-9
0.07285174905149322	9.282207525323797e-9
0.0739160077967507	9.291238726536327e-9
0.07498558783573436	9.300329942617083e-9
0.07606051577491299	9.309481657351098e-9
0.07714081835378758	9.318694359420322e-9
0.07822652244555647	9.327968542465357e-9
0.07931765505778425	9.337304705147686e-9
0.0804142433330731	9.346703351213422e-9
0.08151631454973848	9.356164989557534e-9
0.08262389612248718	9.365690134289323e-9
0.0837370156030995	9.37527930479877e-9
0.0848557006811149	9.38493302582403e-9
0.0859799791845205	9.394651827519732e-9
0.08710987908044313	9.404436245526857e-9
0.08824542847584534	9.414286821042811e-9
0.08938665561822454	9.424204100893522e-9
0.09053358889631567	9.434188637605928e-9
0.09168625684079722	9.444240989482161e-9
0.09284468812500112	9.454361720674543e-9
0.09400891156562617	9.464551401261743e-9
0.0951789561234543	9.474810607326322e-9
0.09635485090407148	9.485139921033335e-9
0.09753662515859184	9.495539930710298e-9
0.0987243082843847	9.506011230928431e-9
0.09991792982580656	9.516554422584984e-9
0.10111751947493569	9.527170112987134e-9
0.10232310707231031	9.537858915936937e-9
0.1035347226076718	9.548621451817959e-9
0.10475239622071016	9.559458347683096e-9
0.10597615820181366	9.570370237343783e-9
0.10720603899282274	9.581357761460848e-9
0.10844206918778684	9.592421567636403e-9
0.10968427953372567	9.603562310507957e-9
0.1109327009313943	9.614780651843156e-9
0.11218736443605135	9.626077260636779e-9
0.11344830125823162	9.637452813209051e-9
0.11471554276452282	9.648907993305543e-9
0.11598912047834534	9.660443492198738e-9
0.11726906608073695	9.67206000879124e-9
0.11855541141114062	9.68375824972093e-9
0.11984818846819621	9.695538929467328e-9
0.12114742941053713	9.707402770460402e-9
0.12245316655758978	9.719350503190725e-9
0.1237654323903777	9.731382866321488e-9
0.12508425955232963	9.743500606802641e-9
0.12640968085009122	9.755704479986678e-9
0.1277417292543416	9.76799524974674e-9
0.1290804379006133	9.780373688596136e-9
0.13042584009011637	9.792840577810519e-9
0.1317779692905669	9.805396707551836e-9
0.13313685913701961	9.8180428769941e-9
0.13450254343270476	9.830779894452091e-9
0.13587505614986833	9.84360857751132e-9
0.13725443143061763	9.856529753161043e-9
0.13864070358777073	9.869544257929144e-9
0.14003390710570945	9.882652938019233e-9
0.14143407664123803	9.895856649450621e-9
0.1428412470244442	9.909156258200282e-9
0.1442554532595664	9.922552640347351e-9
0.14567673052586416	9.936046682220407e-9
0.1471051141784935	9.949639280547153e-9
0.14854063974938603	9.963331342606574e-9
0.149983342948133	9.977123786384224e-9
0.15143325966287374	9.99101754072986e-9
0.15289042596118813	1.0005013545517888e-8
0.15435487809099402	1.0019112751811179e-8
0.15582665248144906	1.0033316122026901e-8
0.1573057857438562	1.0047624630106409e-8
0.15879231467257537	1.006203926168723e-8
0.16028627624593816	1.0076561014278784e-8
0.16178770762716785	1.0091190897440879e-8
0.16329664616530362	1.0105929932965641e-8
0.16481312939613008	1.0120779155063138e-8
0.1663371950431107	1.0135739610549404e-8
0.16786888101832628	1.0150812359038755e-8
0.1694082254234178	1.0165998473139617e-8
0.1709552665505349	1.0181299038653324e-8
0.17251004288328747	1.0196715154777168e-8
0.17407259309770393	1.0212247934311277e-8
0.17564295606319252	1.022789850386877e-8
0.17722117084350858	1.0243668004090313e-8
0.17880727669772617	1.0259557589862713e-8
0.18040131308121476	1.0275568430541272e-8
0.18200331964662084	1.0291701710176492e-8
0.18361333624485401	1.0307958627745377e-8
0.18523140292607826	1.0324340397386617e-8
0.18685755994070874	1.03408482486407e-8
0.1884918477404122	1.0357483426694118e-8
0.19013430697911424	1.0374247192628871e-8
0.1917849785140098	1.0391140823676196e-8
0.19344390340657974	1.0408165613475533e-8
0.19511112292361268	1.042532287233825e-8
0.1967866785382308	1.0442613927517074e-8
0.19847061193092203	1.046004012347985e-8
0.20016296499057665	1.0477602822189425e-8
0.20186377981552947	1.04953034033887e-8
0.2035730987146071	1.0513143264891337e-8
0.20529096420818022	1.0531123822878117e-8
0.20701741902922113	1.0549246512199622e-8
0.20875250612436722	1.0567512786683971e-8
0.210496268654989	1.0585924119452162e-8
0.21224874999826396	1.0604482003238139e-8
0.21400999374825516	1.0623187950716393e-8
0.21578004371699644	1.0642043494835888e-8
0.21755894393558148	1.066105018916051e-8
0.2193467386552594	1.0680209608216697e-8
0.22114347234853576	1.0699523347848132e-8
0.22294918971027836	1.0718993025577517e-8
0.2247639356588297	1.0738620280976132e-8
0.2265877553371239	1.0758406776040391e-8
0.2284206941138094	1.0778354195576972e-8
0.23026279758437848	1.0798464247595383e-8
0.23211411157230027	1.081873866370882e-8
0.23397468213016168	1.0839179199543674e-8
0.23584455554081238	1.0859787635157106e-8
0.23772377831851643	1.0880565775464177e-8
0.23961239721010893	1.0901515450673265e-8
0.24151045919615952	1.0922638516731219e-8
0.24341801149214037	1.0943936855777611e-8
0.24533510154960114	1.096541237660931e-8
0.24726177705734917	1.0987067015154168e-8
0.24919808594263576	1.1008902734955951e-8
0.251144076372349	1.1030921527668802e-8
0.2530997967542107	1.1053125413562955e-8
0.2550652957379817	1.1075516442041598e-8
0.2570406222166717	1.1098096692168491e-8
0.2590258253277551	1.1120868273208052e-8
0.26102095445439405	1.1143833325176139e-8
0.2630260592266659	1.116699401940445e-8
0.2650411895227993	1.1190352559116346e-8
0.2670663954704134	1.121391118001614e-8
0.26910172744776534	1.1237672150891438e-8
0.27114723608500396	1.12616377742288e-8
0.27320297226542917	1.1285810386843959e-8
0.27526898712675635	1.131019236052555e-8
0.27734533206239	1.1334786102694253e-8
0.2794320587227019	1.1359594057076354e-8
0.2815292190163153	1.13846187043934e-8
0.2836368651113967	1.1409862563067302e-8
0.28575504943695385	1.1435328189942169e-8
0.28788382468413853	1.1461018181022356e-8
0.29002324380755934	1.1486935172228678e-8
0.29217336002659705	1.151308184017155e-8
0.29433422682673016	1.153946090294271e-8
0.29650589796086374	1.1566075120925542e-8
0.29868842745066804	1.1592927297625145e-8
0.30088186958792124	1.1620020280517406e-8
0.3030862789358609	1.1647356961919389e-8
0.30530171033054027	1.167494027987986e-8
0.307528218882193	1.1702773219091804e-8
0.30976585997660405	1.1730858811827285e-8
0.312014689276487	1.1759200138894703e-8
0.31427476272286925	1.1787800330619957e-8
0.3165461365364837	1.1816662567851383e-8
0.3188288672191662	1.1845790082990008e-8
0.32112301155526213	1.18751861610454e-8
0.32342862661303834	1.190485414071722e-8
0.3257457697461036	1.1934797415505096e-8
0.32807449859483384	1.1965019434845565e-8
0.3304148710878078	1.1995523705278121e-8
0.33276694544324686	1.2026313791641363e-8
0.33513078017046305	1.2057393318298916e-8
0.33750643407131514	1.2088765970397978e-8
0.3398939662416715	1.21204354951593e-8
0.3422934360728799	1.215240570320164e-8
0.34470490325324404	1.218468046989998e-8
0.3471284277695101	1.2217263736780254e-8
0.34956406990835764	1.2250159512949726e-8
0.3520118902578995	1.2283371876566505e-8
0.354471949709189	1.2316904976347167e-8
0.3569443094577349	1.2350763033115722e-8
0.3594290310050235	1.2384950341393071e-8
0.3619261761600484	1.2419471271030796e-8
0.3644358070408486	1.2454330268888398e-8
0.36695798607605284	1.2489531860556777e-8
0.36949277600643327	1.2525080652129101e-8
0.37204023988646523	1.256098133202048e-8
0.3746004410858973	1.2597238672838464e-8
0.3771734432913268	1.2633857533305203e-8
0.3797593105077832	1.267084286023463e-8
0.3823581070603219	1.2708199690564142e-8
0.38496989759562367	1.2745933153445457e-8
0.3875947470836016	1.2784048472393839e-8
0.3902327208190196	1.2822550967500156e-8
0.3928838844231145	1.2861446057705744e-8
0.39554830384522993	1.2900739263144886e-8
0.3982260453644561	1.2940436207554191e-8
0.4009171755912785	1.2980542620753434e-8
0.40362176146923495	1.3021064341200394e-8
0.40633987027658097	1.3062007318620369e-8
0.4090715696279639	1.3103377616715722e-8
0.4118169274761037	1.314518141595605e-8
0.4145760121134843	1.3187425016453344e-8
0.4173488921740515	1.3230114840924561e-8
0.4201356366349219	1.3273257437745436e-8
0.42293631481809635	1.3316859484097803e-8
0.4257509963921868	1.3360927789215753e-8
0.42857975137414767	1.3405469297732034e-8
0.43142265013101855	1.3450491093130742e-8
0.43427976338167373	1.3496000401308837e-8
0.43715116219858224	1.3542004594251195e-8
0.44003691800957523	1.3588511193823824e-8
0.44293710259962304	1.3635527875689296e-8
0.4458517881126211	1.3683062473349661e-8
0.44878104705318417	1.3731122982322062e-8
0.45172495228844983	1.377971756445118e-8
0.45468357704989204	1.3828854552365977e-8
0.4576569949351413	1.3878542454084436e-8
0.46064527990981685	1.3928789957773612e-8
0.4636485063093658	1.3979605936672262e-8
0.4666667488409128	1.403099945417935e-8
0.4697000825851173	1.4082979769120098e-8
0.4727485829980427	1.4135556341193061e-8
0.47581232591303285	1.4188738836607879e-8
0.478891387542598	1.4242537133921918e-8
0.48198584448031084	1.429696133008352e-8
0.4850957737027124	1.435202174669108e-8
0.48822125257122595	1.4407728936478095e-8
0.49136235883408197	1.4464093690033784e-8
0.4945191706282523	1.4521127042768949e-8
0.4976917664813935	1.4578840282140072e-8
0.5008802253138004	1.4637244955141604e-8
0.5040846264403696	1.469635287607922e-8
0.5073050495725715	1.4756176134638029e-8
0.5105415748204343	1.4816727104257979e-8
0.5137942826945365	1.4878018450832524e-8
0.517063254108009	1.494006314174425e-8
0.5203485703785492	1.5002874455256e-8
0.5236503132304419	1.506646599027238e-8
0.5269685647965939	1.5130851676491122e-8
0.5303034076205766	1.519604578496397e-8
0.5336549246586795	1.5262062939086878e-8
0.5370231992819728	1.5328918126041723e-8
0.5404083152783826	1.539662670871253e-8
0.5438103568547747	1.546520443810099e-8
0.5472294086390483	1.5534667466267874e-8
0.5506655556822436	1.5605032359827213e-8
0.5541188834606549	1.567631611402401e-8
0.5575894778779582	1.574853616742727e-8
0.5610774252673477	1.5821710417271787e-8
0.5645828123936844	1.58958572354849e-8
0.5681057264556525	1.5970995485437566e-8
0.5716462550879309	1.6047144539461637e-8
0.5752044863633705	1.6124324297176705e-8
0.5787805087951873	1.6202555204675834e-8
0.5823744113391631	1.628185827462125e-8
0.5859862833958588	1.6362255107304734e-8
0.5896162148128381	1.6443767912734828e-8
0.5932642958869024	1.652641953381205e-8
0.5969306173663369	1.6610233470665404e-8
0.6006152704531684	1.6695233906224423e-8
0.6043183468054344	1.6781445733108772e-8
0.6080399385394615	1.6868894581924628e-8
0.6117801382321587	1.6957606851067265e-8
0.6155390389233192	1.704760973813205e-8
0.6193167341179359	1.7138931273055106e-8
0.6231133177885255	1.7231600353106168e-8
0.6269288843774683	1.732564677987716e-8
0.6307635287993556	1.7421101298417334e-8
0.6346173464433522	1.7517995638688306e-8
0.6384904331755688	1.761636255952383e-8
0.6423828853414466	1.7716235895305027e-8
0.6462947997681537	1.7817650605581973e-8
0.6502262737669944	1.79206428279014e-8
0.6541774051358293	1.8025249934129184e-8
0.6581482921615082	1.813151059059341e-8
0.6621390336223156	1.823946482241316e-8
0.6661497287904271	1.8349154082426176e-8
0.6701804774343789	1.8460621325181938e-8
0.6742313798215507	1.8573911086533398e-8
0.6783025367206585	1.868906956942935e-8
0.682394049404262	1.88061447366016e-8
0.6865060196512833	1.8925186410938844e-8
0.6906385497495399	1.904624638445999e-8
0.6947917424982876	1.9169378536938995e-8
0.6989657012107791	1.9294638965401317e-8
0.7031605297168331	1.9422086125905632e-8
0.7073763323654171	1.9551780989258482e-8
0.7116132140272443	1.96837872125874e-8
0.7158712800973803	1.9818171329025383e-8
0.7201506364978669	1.9955002958154905e-8
0.724451389680356	2.009435504033042e-8
0.7287736466287575	2.0236304098560844e-8
0.7331175148619014	2.0380930532313366e-8
0.737483102436211	2.0528318948412745e-8
0.7418705179483918	2.0678558535193523e-8
0.7462798705381338	2.0831743487245735e-8
0.7507112698908246	2.0987973489531218e-8
0.7551648262402787	2.1147354271376768e-8
0.7596406503714802	2.1309998242959784e-8
0.7641388536233378	2.1476025229454622e-8
0.7686595478914543	2.1645563321113092e-8
0.7732028456309116	2.1818749861344503e-8
0.777768859859066	2.1995732599470013e-8
0.7823577041583611	2.2176671040468453e-8
0.7869694926791531	2.236173803092483e-8
0.7916043401425489	2.2551121628833882e-8
0.7962623618432616	2.2745027315262204e-8
0.8009436736524779	2.2943680618573597e-8
0.8056483920207402	2.3147330237538728e-8
0.8103766339808439	2.335625176885421e-8
0.8151285171507483	2.3570752168258747e-8
0.8199041597365018	2.379117510361379e-8
0.8247036805351844	2.4017907394339802e-8
0.8295271989378604	2.425138677611974e-8
0.8343748349325497	2.449211128487758e-8
0.8392467091072124	2.4740650622273645e-8
0.8441429426527486	2.4997659949574194e-8
0.8490636573660123	2.5263896661787997e-8
0.8540089756528424	2.554024082447867e-8
0.8589790205311068	2.5827720118014743e-8
0.8639739156337622	2.6127540336188578e-8
0.868973915633762	2.6439855247376797e-8
0.8739739156337618	2.6765825215818794e-8
0.8789739156337616	2.7107170541658492e-8
0.8839739156337615	2.746592164871705e-8
0.8889739156337613	2.7844480242476954e-8
0.893973915633761	2.824569285695001e-8
0.8989739156337608	2.867293932510086e-8
0.9039739156337606	2.9130239227785583e-8
0.9089739156337604	2.9622380003661403e-8
0.9139739156337602	3.015507115902472e-8
0.91897391563376	3.073512992853392e-8
0.9239739156337599	3.1370704837175755e-8
0.9289739156337596	3.207154493910227e-8
0.9339739156337594	3.284932410641053e-8
0.9389739156337592	3.3718031666279006e-8
0.943973915633759	3.469444300528488e-8
0.9489739156337588	3.579868655591831e-8
0.9539739156337586	3.7054926949505636e-8
0.9589739156337583	3.849218817876622e-8
0.9639739156337582	4.014534550259698e-8
0.968973915633758	4.2056320714140624e-8
0.9739739156337578	4.4275522483538637e-8
0.9789739156337576	4.686358202227167e-8
0.9839739156337574	4.9893444588508656e-8
0.9889739156337571	5.345288971221595e-8
0.9939739156337569	5.764756788378875e-8
0.9989739156337567	6.260465932172498e-8
1.0039739156337566	6.847728191221335e-8
1.0089739156337563	7.544980121104172e-8
1.0139739156337562	8.374422636760207e-8
1.0189739156337558	9.36279129851715e-8
1.0239739156337557	1.0542283847414746e-7
1.0289739156337556	1.1951676881099043e-7
1.0339739156337553	1.3637669946969245e-7
1.0389739156337552	1.5656502962976307e-7
1.0439739156337549	1.807590199151834e-7
1.0489739156337547	2.0977419260886527e-7
1.0539739156337544	2.445924626889501e-7
1.0589739156337543	2.8639594181926595e-7
1.0639739156337542	3.3660753981843146e-7
1.0689739156337539	3.9693970394570163e-7
1.0739739156337538	4.6945289101499197e-7
1.0789739156337534	5.566256669492657e-7
1.0839739156337533	6.614386795851804e-7
1.088973915633753	7.874751605159647e-7
1.093973915633753	9.390410880683189e-7
1.0989739156337526	1.1213086937844555e-6
1.1039739156337525	1.3404876263642275e-6
1.1089739156337524	1.6040288063659097e-6
1.113973915633752	1.9208668168333563e-6
1.118973915633752	2.3017075814231495e-6
1.1239739156337516	2.759369080424622e-6
1.1289739156337515	3.3091839383660436e-6
1.1339739156337512	3.969473868897179e-6
1.138973915633751	4.762107157504709e-6
1.143973915633751	5.713151562006949e-6
1.1489739156337506	6.853636161578332e-6
1.1539739156337505	8.220436717224821e-6
1.1589739156337502	9.857299931579856e-6
1.16397391563375	1.18160225051577e-5
1.1689739156337497	1.4157800950071532e-5
1.1739739156337496	1.695476758710795e-5
1.1789739156337493	2.0291726834184998e-5
1.1839739156337492	2.426810356741059e-5
1.187980436725312	2.799352157475686e-5
1.1919869578168745	3.2272345443800306e-5
1.1959934789084372	3.718186925260297e-5
1.2	4.280908288799335e-5
