0.0006999999999999628	3.806036826065585e-7
0.001403500000000035	3.808017305087039e-7
0.0021105174999999296	3.810009610600467e-7
0.0028210700874998964	3.8120138304849977e-7
0.003535175437937438	3.8140300477878184e-7
0.004252851315127062	3.816058346171574e-7
0.004974115571702636	3.818098809943146e-7
0.005698986149561044	3.8201515240745876e-7
0.006427481080308875	3.822216574219433e-7
0.007159618485710418	3.8242940467273334e-7
0.007895416578138905	3.8263840286564164e-7
0.008634893661029494	3.828486607784858e-7
0.00937806812933463	3.8306018726218103e-7
0.010124958469981361	3.832729912417924e-7
0.010875583262331262	3.8348708171747746e-7
0.01162996117864295	3.8370246776555746e-7
0.012388110984536127	3.839191585394044e-7
0.013150051539458866	3.8413716327041816e-7
0.013915801797156208	3.843564912689741e-7
0.014685380806142003	3.84577151925384e-7
0.015458807710172712	3.8479915471078977e-7
0.01623610174872358	3.85022509178159e-7
0.017017282257467212	3.852472249632005e-7
0.017802368668754516	3.854733117853357e-7
0.01859138051209827	3.8570077944864936e-7
0.019384337414658823	3.859296378428424e-7
0.020181259101732015	3.8615989694425587e-7
0.020982165397240727	3.863915668167792e-7
0.02178707622422691	3.866246576129147e-7
0.02259601160534814	3.8685917957474743e-7
0.02340899166337483	3.87095143034962e-7
0.024226036621691812	3.873325584178717e-7
0.02504716680480027	3.8757143624046957e-7
0.025872402638824326	3.878117871134356e-7
0.02670176465201842	3.880536217422672e-7
0.02753527347527842	3.8829695092831005e-7
0.028372949842654864	3.8854178556984525e-7
0.0292148145918682	3.8878813666321747e-7
0.03006088866482743	3.890360153039366e-7
0.03091119310815165	3.8928543268780945e-7
0.0317657490736924	3.8953640011210073e-7
0.03262457781906081	3.8978892897666777e-7
0.03348770070815601	3.9004303078516513e-7
0.034355139211696875	3.902987171462307e-7
0.035226914907755424	3.9055599977466734e-7
0.03610304948229413	3.908148904927045e-7
0.03698356472970569	3.910754012312295e-7
0.03786848255335419	3.91337544031026e-7
0.038757824966120964	3.9160133104406254e-7
0.03965161409095162	3.918667745348072e-7
0.04054987216140643	3.9213388688149567e-7
0.04145262152221345	3.9240268057747734e-7
0.04235988462982453	3.9267316823259073e-7
0.04327168405297366	3.929453625744667e-7
0.0441880424732386	3.9321927644999053e-7
0.04510898268560485	3.9349492282663367e-7
0.046034527599032954	3.937723147939333e-7
0.04696470023702812	3.940514655649074e-7
0.04789952373821329	3.9433238847751254e-7
0.048839021356904266	3.9461509699615084e-7
0.04978321646368884	3.9489960471317216e-7
0.05073213254600732	3.951859253503804e-7
0.05168579320873729	3.9547407276062773e-7
0.052644222174780875	3.9576406092932765e-7
0.05360744328565471	3.960559039761112e-7
0.054575480502083065	3.9634961615639945e-7
0.055548357904593434	3.966452118630593e-7
0.056526099694116344	3.969427056280813e-7
0.0575087301925869	3.972421121242541e-7
0.05849627384354973	3.975434461668824e-7
0.05948875521276744	3.978467227155265e-7
0.06048619898883127	3.981519568757807e-7
0.061488629983775384	3.984591639010398e-7
0.06249607313369419	3.9876835919434657e-7
0.06350855349936275	3.9907955831019684e-7
0.06452609626685958	3.993927769564698e-7
0.06554872674819387	3.997080309962683e-7
0.06657647038193484	4.0002533644989153e-7
0.06760935273384447	4.0034470949676675e-7
0.06864739949751365	4.0066616647745677e-7
0.0696906364950013	4.0098972389565623e-7
0.07073908967747639	4.01315398420257e-7
0.07179278512586384	4.0164320688742543e-7
0.07285174905149322	4.019731663027055e-7
0.0739160077967507	4.023052938431746e-7
0.07498558783573436	4.0263960685959964e-7
0.07606051577491299	4.0297612287867253e-7
0.07714081835378758	4.0331485960522465e-7
0.07822652244555647	4.03655834924533e-7
0.07931765505778425	4.039990669046233e-7
0.0804142433330731	4.0434457379860934e-7
0.08151631454973848	4.0469237404710434e-7
0.08262389612248718	4.0504248628061317e-7
0.0837370156030995	4.0539492932201513e-7
0.0848557006811149	4.057497221890631e-7
0.0859799791845205	4.0610688409690946e-7
0.08710987908044313	4.0646643446071196e-7
0.08824542847584534	4.068283928982182e-7
0.08938665561822454	4.071927792324706e-7
0.09053358889631567	4.0755961349446825e-7
0.09168625684079722	4.079289159259517e-7
0.09284468812500112	4.0830070698217233e-7
0.09400891156562617	4.0867500733475083e-7
0.0951789561234543	4.090518378745145e-7
0.09635485090407148	4.094312197144857e-7
0.09753662515859184	4.098131741928309e-7
0.0987243082843847	4.1019772287587093e-7
0.09991792982580656	4.1058488756117744e-7
0.10111751947493569	4.1097469028070026e-7
0.10232310707231031	4.113671533039332e-7
0.1035347226076718	4.1176229914113936e-7
0.10475239622071016	4.121601505466369e-7
0.10597615820181366	4.125607305221589e-7
0.10720603899282274	4.1296406232018616e-7
0.10844206918778684	4.133701694474725e-7
0.10968427953372567	4.1377907566846445e-7
0.1109327009313943	4.141908050089394e-7
0.11218736443605135	4.146053817596162e-7
0.11344830125823162	4.150228304797775e-7
0.11471554276452282	4.154431760011075e-7
0.11598912047834534	4.158664434314284e-7
0.11726906608073695	4.162926581586299e-7
0.11855541141114062	4.16721845854561e-7
0.11984818846819621	4.1715403247909916e-7
0.12114742941053713	4.175892442841505e-7
0.12245316655758978	4.180275078178804e-7
0.1237654323903777	4.1846884992885895e-7
0.12508425955232963	4.1891329777040016e-7
0.12640968085009122	4.193608788049194e-7
0.1277417292543416	4.1981162080835864e-7
0.1290804379006133	4.202655518747219e-7
0.13042584009011637	4.2072270042066544e-7
0.1317779692905669	4.211830951901776e-7
0.13313685913701961	4.216467652593555e-7
0.13450254343270476	4.221137400412404e-7
0.13587505614986833	4.225840492907262e-7
0.13725443143061763	4.230577231096252e-7
0.13864070358777073	4.23534791951742e-7
0.14003390710570945	4.240152866280882e-7
0.14143407664123803	4.24499238312174e-7
0.1428412470244442	4.2498667854538616e-7
0.1442554532595664	4.2547763924248736e-7
0.14567673052586416	4.259721526971907e-7
0.1471051141784935	4.264702515878746e-7
0.14854063974938603	4.269719689833289e-7
0.149983342948133	4.2747733834867343e-7
0.15143325966287374	4.2798639355137086e-7
0.15289042596118813	4.28499168867325e-7
0.15435487809099402	4.290156989871211e-7
0.15582665248144906	4.2953601902233904e-7
0.1573057857438562	4.3006016451207566e-7
0.15879231467257537	4.305881714294424e-7
0.16028627624593816	4.311200761883532e-7
0.16178770762716785	4.3165591565026756e-7
0.16329664616530362	4.3219572713123016e-7
0.16481312939613008	4.327395484089164e-7
0.1663371950431107	4.332874177298386e-7
0.16786888101832628	4.3383937381675033e-7
0.1694082254234178	4.343954558761106e-7
0.1709552665505349	4.3495570360576107e-7
0.17251004288328747	4.355201572026704e-7
0.17407259309770393	4.360888573709272e-7
0.17564295606319252	4.366618453297889e-7
0.17722117084350858	4.372391628219582e-7
0.17880727669772617	4.378208521219995e-7
0.18040131308121476	4.384069560448699e-7
0.18200331964662084	4.389975179547126e-7
0.18361333624485401	4.395925817737642e-7
0.18523140292607826	4.401921919913865e-7
0.18685755994070874	4.4079639367342224e-7
0.1884918477404122	4.414052324715944e-7
0.19013430697911424	4.420187546331429e-7
0.1917849785140098	4.426370070106955e-7
0.19344390340657974	4.43260037072263e-7
0.19511112292361268	4.43887892911498e-7
0.1967866785382308	4.445206232581087e-7
0.19847061193092203	4.451582774885399e-7
0.20016296499057665	4.458009056368301e-7
0.20186377981552947	4.4644855840565746e-7
0.2035730987146071	4.471012871777327e-7
0.20529096420818022	4.477591440272803e-7
0.20701741902922113	4.48422181731861e-7
0.20875250612436722	4.490904537844001e-7
0.210496268654989	4.4976401440543833e-7
0.21224874999826396	4.5044291855569517e-7
0.21400999374825516	4.51127221948885e-7
0.21578004371699644	4.518169810646896e-7
0.21755894393558148	4.5251225316222485e-7
0.2193467386552594	4.5321309629359223e-7
0.22114347234853576	4.539195693177819e-7
0.22294918971027836	4.546317319149331e-7
0.2247639356588297	4.5534964460079914e-7
0.2265877553371239	4.560733687415752e-7
0.2284206941138094	4.568029665690793e-7
0.23026279758437848	4.575385011961823e-7
0.23211411157230027	4.582800366326244e-7
0.23397468213016168	4.590276378011662e-7
0.23584455554081238	4.5978137055409576e-7
0.23772377831851643	4.6054130169010085e-7
0.23961239721010893	4.613074989714603e-7
0.24151045919615952	4.62080031141714e-7
0.24341801149214037	4.6285896794365846e-7
0.24533510154960114	4.6364438013771935e-7
0.24726177705734917	4.6443633952082934e-7
0.24919808594263576	4.652349189456137e-7
0.251144076372349	4.6604019234012176e-7
0.2530997967542107	4.668522347278987e-7
0.2550652957379817	4.676711222485969e-7
0.2570406222166717	4.68496932179018e-7
0.2590258253277551	4.693297429546289e-7
0.26102095445439405	4.701696341916084e-7
0.2630260592266659	4.7101668670935816e-7
0.2650411895227993	4.718709825535801e-7
0.2670663954704134	4.727326050198596e-7
0.26910172744776534	4.736016386777778e-7
0.27114723608500396	4.7447816939567326e-7
0.27320297226542917	4.753622843659187e-7
0.27526898712675635	4.762540721307587e-7
0.27734533206239	4.771536226088837e-7
0.2794320587227019	4.780610271225287e-7
0.2815292190163153	4.789763784252473e-7
0.2836368651113967	4.79899770730397e-7
0.28575504943695385	4.808312997402591e-7
0.28788382468413853	4.817710626758685e-7
0.29002324380755934	4.827191583076195e-7
0.29217336002659705	4.836756869865593e-7
0.29433422682673016	4.846407506764975e-7
0.29650589796086374	4.856144529868587e-7
0.29868842745066804	4.865968992063968e-7
0.30088186958792124	4.875881963377272e-7
0.3030862789358609	4.885884531326934e-7
0.30530171033054027	4.895977801286968e-7
0.307528218882193	4.906162896858298e-7
0.30976585997660405	4.916440960250778e-7
0.312014689276487	4.926813152673727e-7
0.31427476272286925	4.93728065473725e-7
0.3165461365364837	4.94784466686345e-7
0.3188288672191662	4.958506409708339e-7
0.32112301155526213	4.969267124594952e-7
0.32342862661303834	4.980128073956904e-7
0.3257457697461036	4.991090541794566e-7
0.32807449859483384	5.002155834142367e-7
0.3304148710878078	5.013325279548932e-7
0.33276694544324686	5.024600229569658e-7
0.33513078017046305	5.035982059272467e-7
0.33750643407131514	5.047472167757124e-7
0.3398939662416715	5.059071978688345e-7
0.3422934360728799	5.070782940843338e-7
0.34470490325324404	5.082606528674373e-7
0.3471284277695101	5.094544242886471e-7
0.34956406990835764	5.106597611030637e-7
0.3520118902578995	5.118768188114262e-7
0.354471949709189	5.131057557227237e-7
0.3569443094577349	5.143467330186052e-7
0.3594290310050235	5.155999148196241e-7
0.3619261761600484	5.168654682532452e-7
0.3644358070408486	5.181435635238669e-7
0.36695798607605284	5.194343739847055e-7
0.36949277600643327	5.207380762118465e-7
0.37204023988646523	5.220548500803291e-7
0.3746004410858973	5.233848788424739e-7
0.3771734432913268	5.247283492083797e-7
0.3797593105077832	5.26085451428892e-7
0.3823581070603219	5.274563793808566e-7
0.38496989759562367	5.288413306549514e-7
0.3875947470836016	5.302405066460732e-7
0.3902327208190196	5.316541126464468e-7
0.3928838844231145	5.330823579414013e-7
0.39554830384522993	5.345254559081181e-7
0.3982260453644561	5.359836241173294e-7
0.4009171755912785	5.374570844380226e-7
0.40362176146923495	5.389460631454116e-7
0.40633987027658097	5.404507910321503e-7
0.4090715696279639	5.419715035230033e-7
0.4118169274761037	5.435084407929918e-7
0.4145760121134843	5.450618478893048e-7
0.4173488921740515	5.466319748569297e-7
0.4201356366349219	5.482190768682735e-7
0.42293631481809635	5.498234143568488e-7
0.4257509963921868	5.514452531552604e-7
0.42857975137414767	5.530848646374592e-7
0.43142265013101855	5.547425258657578e-7
0.43427976338167373	5.56418519742417e-7
0.43715116219858224	5.581131351662455e-7
0.44003691800957523	5.598266671942809e-7
0.44293710259962304	5.615594172087679e-7
0.4458517881126211	5.63311693089739e-7
0.44878104705318417	5.650838093931524e-7
0.45172495228844983	5.668760875351335e-7
0.45468357704989204	5.686888559823757e-7
0.4576569949351413	5.705224504488941e-7
0.46064527990981685	5.723772140995901e-7
0.4636485063093658	5.742534977606862e-7
0.4666667488409128	5.761516601374472e-7
0.4697000825851173	5.780720680393805e-7
0.4727485829980427	5.800150966134045e-7
0.47581232591303285	5.819811295849985e-7
0.478891387542598	5.839705595080462e-7
0.48198584448031084	5.859837880234201e-7
0.4850957737027124	5.880212261268102e-7
0.48822125257122595	5.900832944462291e-7
0.49136235883408197	5.921704235294656e-7
0.4945191706282523	5.942830541420906e-7
0.4976917664813935	5.964216375762709e-7
0.5008802253138004	5.985866359710472e-7
0.5040846264403696	6.007785226443739e-7
0.5073050495725715	6.029977824377306e-7
0.5105415748204343	6.052449120734607e-7
0.5137942826945365	6.075204205258357e-7
0.517063254108009	6.09824829406057e-7
0.5203485703785492	6.121586733621414e-7
0.5236503132304419	6.145225004941429e-7
0.5269685647965939	6.169168727856056e-7
0.5303034076205766	6.19342366551746e-7
0.5336549246586795	6.217995729054063e-7
0.5370231992819728	6.242890982414014e-7
0.5404083152783826	6.268115647402284e-7
0.5438103568547747	6.293676108920344e-7
0.5472294086390483	6.319578920417462e-7
0.5506655556822436	6.345830809564741e-7
0.5541188834606549	6.372438684161988e-7
0.5575894778779582	6.399409638288328e-7
0.5610774252673477	6.426750958709844e-7
0.5645828123936844	6.454470131555445e-7
0.5681057264556525	6.482574849274618e-7
0.5716462550879309	6.511073017892746e-7
0.5752044863633705	6.53997276457532e-7
0.5787805087951873	6.569282445521554e-7
0.5823744113391631	6.59901065419948e-7
0.5859862833958588	6.629166229943995e-7
0.5896162148128381	6.659758266933592e-7
0.5932642958869024	6.690796123568082e-7
0.5969306173663369	6.722289432266324e-7
0.6006152704531684	6.754248109707931e-7
0.6043183468054344	6.786682367541375e-7
0.6080399385394615	6.819602723584887e-7
0.6117801382321587	6.85302001354537e-7
0.6155390389233192	6.886945403285308e-7
0.6193167341179359	6.921390401666818e-7
0.6231133177885255	6.956366874005397e-7
0.6269288843774683	6.991887056166958e-7
0.6307635287993556	7.027963569345744e-7
0.6346173464433522	7.064609435560947e-7
0.6384904331755688	7.101838093913159e-7
0.6423828853414466	7.139663417645765e-7
0.6462947997681537	7.178099732057402e-7
0.6502262737669944	7.217161833315997e-7
0.6541774051358293	7.256865008227541e-7
0.6581482921615082	7.297225055017894e-7
0.6621390336223156	7.338258305188395e-7
0.6661497287904271	7.379981646509769e-7
0.6701804774343789	7.422412547226111e-7
0.6742313798215507	7.465569081543761e-7
0.6783025367206585	7.509469956484376e-7
0.682394049404262	7.554134540190002e-7
0.6865060196512833	7.599582891772511e-7
0.6906385497495399	7.645835792806809e-7
0.6947917424982876	7.692914780574742e-7
0.6989657012107791	7.740842183175231e-7
0.7031605297168331	7.78964115662449e-7
0.7073763323654171	7.839335724079447e-7
0.7116132140272443	7.889950817328606e-7
0.7158712800973803	7.941512320706082e-7
0.7201506364978669	7.994047117594753e-7
0.724451389680356	8.04758313970228e-7
0.7287736466287575	8.102149419303941e-7
0.7331175148619014	8.157776144666045e-7
0.737483102436211	8.214494718878971e-7
0.7418705179483918	8.272337822350838e-7
0.7462798705381338	8.331339479232399e-7
0.7507112698908246	8.391535128069327e-7
0.7551648262402787	8.452961697002634e-7
0.7596406503714802	8.515657683869017e-7
0.7641388536233378	8.579663241585069e-7
0.7686595478914543	8.645020269232963e-7
0.7732028456309116	8.711772509309418e-7
0.777768859859066	8.77996565164213e-7
0.7823577041583611	8.849647444528091e-7
0.7869694926791531	8.920867813707513e-7
0.7916043401425489	8.993678989848072e-7
0.7962623618432616	9.068135645289359e-7
0.8009436736524779	9.144295040877533e-7
0.8056483920207402	9.222217183814389e-7
0.8103766339808439	9.301964997554729e-7
0.8151285171507483	9.383604504904763e-7
0.8199041597365018	9.467205025618953e-7
0.8247036805351844	9.552839389956817e-7
0.8295271989378604	9.640584169849563e-7
0.8343748349325497	9.730519929551181e-7
0.8392467091072124	9.822731497906828e-7
0.8441429426527486	9.917308264678957e-7
0.8490636573660123	1.0014344503733415e-6
0.8540089756528424	1.0113939726313596e-6
0.8589790205311068	1.0216199068148168e-6
0.8639739156337622	1.0321233714739158e-6
0.868973915633762	1.0428729398262686e-6
0.8739739156337618	1.0538664807927012e-6
0.8789739156337616	1.0651129192128328e-6
0.8839739156337615	1.0766216515173411e-6
0.8889739156337613	1.0884025818751822e-6
0.893973915633761	1.100466162386362e-6
0.8989739156337608	1.1128234379798451e-6
0.9039739156337606	1.1254860967573703e-6
0.9089739156337604	1.1384665266594868e-6
0.9139739156337602	1.1517778794939566e-6
0.91897391563376	1.1654341435620216e-6
0.9239739156337599	1.1794502263526196e-6
0.9289739156337596	1.1938420490562242e-6
0.9339739156337594	1.2086266549871225e-6
0.9389739156337592	1.2238223344090398e-6
0.943973915633759	1.2394487687452912e-6
0.9489739156337588	1.2555271977406905e-6
0.9539739156337586	1.2720806138449735e-6
0.9589739156337583	1.2891339889336579e-6
0.9639739156337582	1.306714539498942e-6
0.968973915633758	1.3248520376665546e-6
0.9739739156337578	1.3435791768654917e-6
0.9789739156337576	1.3629320027476122e-6
0.9839739156337574	1.3829504220837877e-6
0.9889739156337571	1.4036788049254618e-6
0.9939739156337569	1.425166698403329e-6
0.9989739156337567	1.447469674244646e-6
1.0039739156337566	1.4706503365529319e-6
1.0089739156337563	1.4947795217645842e-6
1.0139739156337562	1.519937729154749e-6
1.0189739156337558	1.5462168280360734e-6
1.0239739156337557	1.5737220971376914e-6
1.0289739156337556	1.6025746628904177e-6
1.0339739156337553	1.6329144168547618e-6
1.0389739156337552	1.664903508771842e-6
1.0439739156337549	1.6987305312388976e-6
1.0489739156337547	1.7346155354701111e-6
1.0539739156337544	1.7728160457855124e-6
1.0589739156337543	1.8136342743216442e-6
1.0639739156337542	1.857425778104608e-6
1.0689739156337539	1.9046098494240014e-6
1.0739739156337538	1.9556819890133115e-6
1.0789739156337534	2.011228881816229e-6
1.0839739156337533	2.0719463794198135e-6
1.088973915633753	2.1386610943368913e-6
1.093973915633753	2.2123563325425256e-6
1.0989739156337526	2.294203235986612e-6
1.1039739156337525	2.3855981809699673e-6
1.1089739156337524	2.4882076869770397e-6
1.113973915633752	2.6040223406271234e-6
1.118973915633752	2.735421539007104e-6
1.1239739156337516	2.8852512155916287e-6
1.1289739156337515	3.0569171420166303e-6
1.1339739156337512	3.254496914305155e-6
1.138973915633751	3.482874349797138e-6
1.143973915633751	3.747900761542864e-6
1.1489739156337506	4.056588465055752e-6
1.1539739156337505	4.417342937959484e-6
1.1589739156337502	4.840241332197406e-6
1.16397391563375	5.3373665742966225e-6
1.1689739156337497	5.9232081331809085e-6
1.1739739156337496	6.6151427478295414e-6
1.1789739156337493	7.434011058525494e-6
1.1839739156337492	8.404809253313688e-6
1.187980436725312	9.31235559869921e-6
1.1919869578168745	1.0354751016283018e-5
1.1959934789084372	1.1552969756860679e-5
1.2	1.2931295020625233e-5
