0.0006999999999999628	3.390119026905015e-9
0.001403500000000035	3.3923914773180146e-9
0.0021105174999999296	3.3946778841360972e-9
0.0028210700874998964	3.3969783208334853e-9
0.003535175437937438	3.399292886890771e-9
0.004252851315127062	3.4016216830815143e-9
0.004974115571702636	3.403964811100012e-9
0.005698986149561044	3.406322373556883e-9
0.006427481080308875	3.408694473983184e-9
0.007159618485710418	3.411081216836487e-9
0.007895416578138905	3.4134827075076986e-9
0.008634893661029494	3.415899052329069e-9
0.00937806812933463	3.4183303585825558e-9
0.010124958469981361	3.4207767345085988e-9
0.010875583262331262	3.4232382893154666e-9
0.01162996117864295	3.4257151331887768e-9
0.012388110984536127	3.428207377301462e-9
0.013150051539458866	3.430715133823682e-9
0.013915801797156208	3.433238515933375e-9
0.014685380806142003	3.4357776378267258e-9
0.015458807710172712	3.4383326147289435e-9
0.01623610174872358	3.4409035629052623e-9
0.017017282257467212	3.4434905996720298e-9
0.017802368668754516	3.446093843408216e-9
0.01859138051209827	3.4487134135667654e-9
0.019384337414658823	3.4513494306864873e-9
0.020181259101732015	3.4540020164038664e-9
0.020982165397240727	3.456671293465118e-9
0.02178707622422691	3.4593573857386104e-9
0.02259601160534814	3.4620604182271354e-9
0.02340899166337483	3.4647805170806823e-9
0.024226036621691812	3.467517809609134e-9
0.02504716680480027	3.4702724242953614e-9
0.025872402638824326	3.4730444908083815e-9
0.02670176465201842	3.475834140016782e-9
0.02753527347527842	3.4786415040021707e-9
0.028372949842654864	3.4814667160730744e-9
0.0292148145918682	3.484309910778793e-9
0.03006088866482743	3.4871712239236263e-9
0.03091119310815165	3.490050792581202e-9
0.0317657490736924	3.492948755108982e-9
0.03262457781906081	3.4958652511631652e-9
0.03348770070815601	3.4988004217134837e-9
0.034355139211696875	3.5017544090585326e-9
0.035226914907755424	3.5047273568411e-9
0.03610304948229413	3.5077194100637674e-9
0.03698356472970569	3.510730715104822e-9
0.03786848255335419	3.5137614197341977e-9
0.038757824966120964	3.5168116731299557e-9
0.03965161409095162	3.519881625894582e-9
0.04054987216140643	3.5229714300718843e-9
0.04145262152221345	3.5260812391639917e-9
0.04235988462982453	3.529211208148545e-9
0.04327168405297366	3.5323614934961655e-9
0.0441880424732386	3.5355322531882564e-9
0.04510898268560485	3.538723646734907e-9
0.046034527599032954	3.5419358351932724e-9
0.04696470023702812	3.5451689811859235e-9
0.04789952373821329	3.548423248919764e-9
0.048839021356904266	3.551698804204947e-9
0.04978321646368884	3.5549958144743692e-9
0.05073213254600732	3.558314448803117e-9
0.05168579320873729	3.5616548779284426e-9
0.052644222174780875	3.5650172742699483e-9
0.05360744328565471	3.5684018119500078e-9
0.054575480502083065	3.5718086668146225e-9
0.055548357904593434	3.57523801645441e-9
0.056526099694116344	3.578690040226082e-9
0.0575087301925869	3.582164919274097e-9
0.05849627384354973	3.5856628365526955e-9
0.05948875521276744	3.5891839768482985e-9
0.06048619898883127	3.5927285268021145e-9
0.061488629983775384	3.59629667493325e-9
0.06249607313369419	3.5998886116619815e-9
0.06350855349936275	3.603504529333542e-9
0.06452609626685958	3.6071446222422008e-9
0.06554872674819387	3.6108090866556444e-9
0.06657647038193484	3.6144981208397655e-9
0.06760935273384447	3.618211925083923e-9
0.06864739949751365	3.6219507017264005e-9
0.0696906364950013	3.6257146551804363e-9
0.07073908967747639	3.6295039919604715e-9
0.07179278512586384	3.633318920708975e-9
0.07285174905149322	3.637159652223501e-9
0.0739160077967507	3.641026399484365e-9
0.07498558783573436	3.6449193776824624e-9
0.07606051577491299	3.648838804247886e-9
0.07714081835378758	3.652784898878615e-9
0.07822652244555647	3.6567578835699136e-9
0.07931765505778425	3.660757982644018e-9
0.0804142433330731	3.664785422780393e-9
0.08151631454973848	3.668840433046442e-9
0.08262389612248718	3.672923244928579e-9
0.0837370156030995	3.677034092364013e-9
0.0848557006811149	3.6811732117727924e-9
0.0859799791845205	3.685340842090525e-9
0.08710987908044313	3.689537224801513e-9
0.08824542847584534	3.6937626039725087e-9
0.08938665561822454	3.6980172262868337e-9
0.09053358889631567	3.702301341079306e-9
0.09168625684079722	3.7066152003714466e-9
0.09284468812500112	3.710959058907422e-9
0.09400891156562617	3.7153331741905484e-9
0.0951789561234543	3.7197378065202925e-9
0.09635485090407148	3.7241732190299556e-9
0.09753662515859184	3.7286396777249475e-9
0.0987243082843847	3.733137451521607e-9
0.09991792982580656	3.7376668122867876e-9
0.10111751947493569	3.742228034878019e-9
0.10232310707231031	3.746821397184236e-9
0.1035347226076718	3.751447180167366e-9
0.10475239622071016	3.756105667904365e-9
0.10597615820181366	3.760797147630232e-9
0.10720603899282274	3.7655219097814e-9
0.10844206918778684	3.770280248040172e-9
0.10968427953372567	3.775072459379645e-9
0.1109327009313943	3.779898844109516e-9
0.11218736443605135	3.784759705922575e-9
0.11344830125823162	3.789655351942067e-9
0.11471554276452282	3.794586092769801e-9
0.11598912047834534	3.799552242534949e-9
0.11726906608073695	3.804554118943941e-9
0.11855541141114062	3.8095920433309544e-9
0.11984818846819621	3.814666340709333e-9
0.12114742941053713	3.81977733982398e-9
0.12245316655758978	3.824925373204482e-9
0.1237654323903777	3.830110777219253e-9
0.12508425955232963	3.835333892130623e-9
0.12640968085009122	3.84059506215073e-9
0.1277417292543416	3.845894635498563e-9
0.1290804379006133	3.851232964457861e-9
0.13042584009011637	3.856610405436068e-9
0.1317779692905669	3.862027319024335e-9
0.13313685913701961	3.867484070058437e-9
0.13450254343270476	3.872981027681006e-9
0.13587505614986833	3.878518565404601e-9
0.13725443143061763	3.884097061176034e-9
0.13864070358777073	3.889716897441747e-9
0.14003390710570945	3.895378461214516e-9
0.14143407664123803	3.90108214414107e-9
0.1428412470244442	3.9068283425711006e-9
0.1442554532595664	3.912617457627571e-9
0.14567673052586416	3.918449895278012e-9
0.1471051141784935	3.924326066407438e-9
0.14854063974938603	3.930246386892197e-9
0.149983342948133	3.936211277675531e-9
0.15143325966287374	3.942221164844304e-9
0.15289042596118813	3.94827647970712e-9
0.15435487809099402	3.9543776588739306e-9
0.15582665248144906	3.960525144337056e-9
0.1573057857438562	3.96671938355372e-9
0.15879231467257537	3.972960829530103e-9
0.16028627624593816	3.9792499409068985e-9
0.16178770762716785	3.985587182046585e-9
0.16329664616530362	3.991973023122096e-9
0.16481312939613008	3.998407940207391e-9
0.1663371950431107	4.004892415369503e-9
0.16786888101832628	4.011426936762557e-9
0.1694082254234178	4.018011998723169e-9
0.1709552665505349	4.02464810186816e-9
0.17251004288328747	4.031335753193634e-9
0.17407259309770393	4.038075466176304e-9
0.17564295606319252	4.044867760876443e-9
0.17722117084350858	4.0517131640430776e-9
0.17880727669772617	4.058612209220997e-9
0.18040131308121476	4.065565436859901e-9
0.18200331964662084	4.072573394425736e-9
0.18361333624485401	4.079636636513883e-9
0.18523140292607826	4.086755724965012e-9
0.18685755994070874	4.0939312289827755e-9
0.1884918477404122	4.101163725254019e-9
0.19013430697911424	4.1084537980712516e-9
0.1917849785140098	4.1158020394575285e-9
0.19344390340657974	4.123209049294014e-9
0.19511112292361268	4.130675435449704e-9
0.1967866785382308	4.1382018139139565e-9
0.19847061193092203	4.145788808931654e-9
0.20016296499057665	4.153437053140986e-9
0.20186377981552947	4.1611471877140905e-9
0.2035730987146071	4.168919862500463e-9
0.20529096420818022	4.176755736173209e-9
0.20701741902922113	4.1846554763784135e-9
0.20875250612436722	4.192619759887374e-9
0.210496268654989	4.2006492727521674e-9
0.21224874999826396	4.208744710464063e-9
0.21400999374825516	4.2169067781155405e-9
0.21578004371699644	4.225136190565415e-9
0.21755894393558148	4.233433672607484e-9
0.2193467386552594	4.24179995914264e-9
0.22114347234853576	4.25023579535451e-9
0.22294918971027836	4.258741936888982e-9
0.2247639356588297	4.267319150037136e-9
0.2265877553371239	4.2759682119223745e-9
0.2284206941138094	4.284689910691356e-9
0.23026279758437848	4.293485045708864e-9
0.23211411157230027	4.3023544277570355e-9
0.23397468213016168	4.311298879238758e-9
0.23584455554081238	4.32031923438528e-9
0.23772377831851643	4.329416339468553e-9
0.23961239721010893	4.338591053017912e-9
0.24151045919615952	4.34784424604162e-9
0.24341801149214037	4.357176802253118e-9
0.24533510154960114	4.366589618302173e-9
0.24726177705734917	4.3760836040112965e-9
0.24919808594263576	4.385659682617121e-9
0.251144076372349	4.395318791017246e-9
0.2530997967542107	4.405061880022482e-9
0.2550652957379817	4.414889914614614e-9
0.2570406222166717	4.424803874210177e-9
0.2590258253277551	4.434804752929946e-9
0.26102095445439405	4.4448935598742934e-9
0.2630260592266659	4.45507131940525e-9
0.2650411895227993	4.465339071434419e-9
0.2670663954704134	4.475697871717877e-9
0.26910172744776534	4.486148792157453e-9
0.27114723608500396	4.4966929211090704e-9
0.27320297226542917	4.507331363698246e-9
0.27526898712675635	4.518065242142718e-9
0.27734533206239	4.5288956960825035e-9
0.2794320587227019	4.539823882917939e-9
0.2815292190163153	4.55085097815522e-9
0.2836368651113967	4.561978175760293e-9
0.28575504943695385	4.5732066885210024e-9
0.28788382468413853	4.58453774841775e-9
0.29002324380755934	4.5959726070030515e-9
0.29217336002659705	4.6075125357898915e-9
0.29433422682673016	4.6191588266497535e-9
0.29650589796086374	4.63091279221975e-9
0.29868842745066804	4.642775766319954e-9
0.30088186958792124	4.65474910438047e-9
0.3030862789358609	4.666834183879306e-9
0.30530171033054027	4.679032404790437e-9
0.307528218882193	4.6913451900432754e-9
0.30976585997660405	4.70377398599304e-9
0.312014689276487	4.716320262903134e-9
0.31427476272286925	4.728985515439251e-9
0.3165461365364837	4.741771263175746e-9
0.3188288672191662	4.754679051114811e-9
0.32112301155526213	4.767710450218588e-9
0.32342862661303834	4.780867057954827e-9
0.3257457697461036	4.794150498856111e-9
0.32807449859483384	4.8075624250935755e-9
0.3304148710878078	4.82110451706507e-9
0.33276694544324686	4.8347784839986324e-9
0.33513078017046305	4.848586064571145e-9
0.33750643407131514	4.862529027543402e-9
0.3398939662416715	4.8766091724115065e-9
0.3422934360728799	4.890828330075041e-9
0.34470490325324404	4.905188363523295e-9
0.3471284277695101	4.9196911685389294e-9
0.34956406990835764	4.93433867442072e-9
0.3520118902578995	4.949132844725382e-9
0.354471949709189	4.964075678028951e-9
0.3569443094577349	4.9791692087089045e-9
0.3594290310050235	4.99441550774727e-9
0.3619261761600484	5.009816683555216e-9
0.3644358070408486	5.025374882820417e-9
0.36695798607605284	5.041092291377214e-9
0.36949277600643327	5.056971135100922e-9
0.37204023988646523	5.073013680826521e-9
0.3746004410858973	5.08922223729306e-9
0.3771734432913268	5.105599156114102e-9
0.3797593105077832	5.122146832775394e-9
0.3823581070603219	5.1388677076605285e-9
0.38496989759562367	5.155764267105588e-9
0.3875947470836016	5.1728390444836055e-9
0.3902327208190196	5.1900946213200575e-9
0.3928838844231145	5.207533628440094e-9
0.39554830384522993	5.2251587471490565e-9
0.3982260453644561	5.24297271044686e-9
0.4009171755912785	5.260978304277825e-9
0.40362176146923495	5.279178368816913e-9
0.40633987027658097	5.297575799793881e-9
0.4090715696279639	5.316173549856235e-9
0.4118169274761037	5.334974629972976e-9
0.4145760121134843	5.3539821108796704e-9
0.4173488921740515	5.37319912456748e-9
0.4201356366349219	5.392628865816354e-9
0.42293631481809635	5.412274593775165e-9
0.4257509963921868	5.432139633589768e-9
0.42857975137414767	5.452227378080786e-9
0.43142265013101855	5.472541289473057e-9
0.43427976338167373	5.493084901178805e-9
0.43715116219858224	5.5138618196361365e-9
0.44003691800957523	5.534875726204774e-9
0.44293710259962304	5.5561303791219535e-9
0.4458517881126211	5.577629615519889e-9
0.44878104705318417	5.599377353507446e-9
0.45172495228844983	5.6213775943184446e-9
0.45468357704989204	5.643634424529314e-9
0.4576569949351413	5.6661520183482355e-9
0.46064527990981685	5.688934639979103e-9
0.4636485063093658	5.711986646062906e-9
0.4666667488409128	5.735312488199676e-9
0.4697000825851173	5.758916715553932e-9
0.4727485829980427	5.7828039775474304e-9
0.47581232591303285	5.806979026642188e-9
0.478891387542598	5.831446721217638e-9
0.48198584448031084	5.856212028546051e-9
0.4850957737027124	5.881280027869723e-9
0.48822125257122595	5.906655913584364e-9
0.49136235883408197	5.93234499853337e-9
0.4945191706282523	5.95835271741717e-9
0.4976917664813935	5.9846846303230465e-9
0.5008802253138004	6.011346426380299e-9
0.5040846264403696	6.038343927546301e-9
0.5073050495725715	6.065683092528925e-9
0.5105415748204343	6.093370020852e-9
0.5137942826945365	6.121410957069822e-9
0.517063254108009	6.1498122951371146e-9
0.5203485703785492	6.1785805829425876e-9
0.5236503132304419	6.207722527012738e-9
0.5269685647965939	6.237244997394597e-9
0.5303034076205766	6.267155032725584e-9
0.5336549246586795	6.297459845500068e-9
0.5370231992819728	6.328166827541649e-9
0.5404083152783826	6.3592835556922925e-9
0.5438103568547747	6.390817797728987e-9
0.5472294086390483	6.4227775185197054e-9
0.5506655556822436	6.455170886431724e-9
0.5541188834606549	6.488006280005856e-9
0.5575894778779582	6.521292294910938e-9
0.5610774252673477	6.555037751195314e-9
0.5645828123936844	6.589251700851694e-9
0.5681057264556525	6.623943435714228e-9
0.5716462550879309	6.659122495708499e-9
0.5752044863633705	6.6947986774759034e-9
0.5787805087951873	6.7309820433966975e-9
0.5823744113391631	6.767682931038515e-9
0.5859862833958588	6.804911963058618e-9
0.5896162148128381	6.842680057592517e-9
0.5932642958869024	6.8809984391638794e-9
0.5969306173663369	6.919878650155129e-9
0.6006152704531684	6.959332562881773e-9
0.6043183468054344	6.99937239231983e-9
0.6080399385394615	7.040010709539892e-9
0.6117801382321587	7.08126045590922e-9
0.6155390389233192	7.1231349581304355e-9
0.6193167341179359	7.16564794419442e-9
0.6231133177885255	7.2088135603353855e-9
0.6269288843774683	7.25264638908785e-9
0.6307635287993556	7.29716146855956e-9
0.6346173464433522	7.342374313051137e-9
0.6384904331755688	7.388300935170664e-9
0.6423828853414466	7.4349578696169215e-9
0.6462947997681537	7.482362198827263e-9
0.6502262737669944	7.530531580721561e-9
0.6541774051358293	7.579484278806332e-9
0.6581482921615082	7.629239194948708e-9
0.6621390336223156	7.679815905179625e-9
0.6661497287904271	7.731234698946496e-9
0.6701804774343789	7.783516622306722e-9
0.6742313798215507	7.83668352563845e-9
0.6783025367206585	7.890758116545449e-9
0.682394049404262	7.945764018753628e-9
0.6865060196512833	8.001725837938677e-9
0.6906385497495399	8.058669235595852e-9
0.6947917424982876	8.116621012265774e-9
0.6989657012107791	8.175609201674213e-9
0.7031605297168331	8.235663177634784e-9
0.7073763323654171	8.296813775913902e-9
0.7116132140272443	8.359093433675096e-9
0.7158712800973803	8.422536349624211e-9
0.7201506364978669	8.487178668582091e-9
0.724451389680356	8.553058694938537e-9
0.7287736466287575	8.620217140320793e-9
0.7331175148619014	8.68869741186454e-9
0.737483102436211	8.758545948755938e-9
0.7418705179483918	8.829812616252006e-9
0.7462798705381338	8.902551168255451e-9
0.7507112698908246	8.976819791775863e-9
0.7551648262402787	9.052681749347067e-9
0.7596406503714802	9.130206138786616e-9
0.7641388536233378	9.20946879371388e-9
0.7686595478914543	9.290553353133939e-9
0.7732028456309116	9.373552534350102e-9
0.777768859859066	9.458569650708424e-9
0.7823577041583611	9.54572042450934e-9
0.7869694926791531	9.635135156181508e-9
0.7916043401425489	9.726961323957056e-9
0.7962623618432616	9.821366704336577e-9
0.8009436736524779	9.918543123267033e-9
0.8056483920207402	1.0018710971978874e-8
0.8103766339808439	1.0122124650871235e-8
0.8151285171507483	1.0229079140924136e-8
0.8199041597365018	1.0339917946422506e-8
0.8247036805351844	1.0455042707200986e-8
0.8295271989378604	1.0574924845538053e-8
0.8343748349325497	1.0700119695191548e-8
0.8392467091072124	1.0831283661528548e-8
0.8441429426527486	1.096919508680299e-8
0.8490636573660123	1.1114779649032998e-8
0.8540089756528424	1.126914131365652e-8
0.8589790205311068	1.1433600092967006e-8
0.8639739156337622	1.160973816019352e-8
0.868973915633762	1.1798677532479272e-8
0.8739739156337618	1.2002295185931916e-8
0.8789739156337616	1.2223032178201926e-8
0.8839739156337615	1.246379559883482e-8
0.8889739156337613	1.27280496942434e-8
0.893973915633761	1.3019924922409134e-8
0.8989739156337608	1.334434847461714e-8
0.9039739156337606	1.3707200500030438e-8
0.9089739156337604	1.4115501105736073e-8
0.9139739156337602	1.4577634207116059e-8
0.91897391563376	1.5103615503690862e-8
0.9239739156337599	1.5705413293064658e-8
0.9289739156337596	1.6397332557104142e-8
0.9339739156337594	1.7196474816057663e-8
0.9389739156337592	1.8123288715058562e-8
0.943973915633759	1.920222926363468e-8
0.9489739156337588	2.046254718853572e-8
0.9539739156337586	2.193923409829123e-8
0.9589739156337583	2.3674154231893967e-8
0.9639739156337582	2.571739963823112e-8
0.968973915633758	2.812891290388175e-8
0.9739739156337578	3.098043024956345e-8
0.9789739156337576	3.435780823055202e-8
0.9839739156337574	3.83638097391214e-8
0.9889739156337571	4.3121439917907864e-8
0.9939739156337569	4.877794043014303e-8
0.9989739156337567	5.5509571866294726e-8
1.0039739156337566	6.352733957723521e-8
1.0089739156337563	7.308384872265865e-8
1.0139739156337562	8.448151077651038e-8
1.0189739156337558	9.808236728945216e-8
1.0239739156337557	1.1431984874112151e-7
1.0289739156337556	1.3371284845050885e-7
1.0339739156337553	1.5688256568531522e-7
1.0389739156337552	1.8457266061717283e-7
1.0439739156337549	2.1767336933071042e-7
1.0489739156337547	2.572503529356119e-7
1.0539739156337544	3.0457920476422395e-7
1.0589739156337543	3.611867181662569e-7
1.0639739156337542	4.289002298444394e-7
1.0689739156337539	5.099066062552969e-7
1.0739739156337538	6.068227406574229e-7
1.0789739156337534	7.227797845046392e-7
1.0839739156337533	8.615237590675202e-7
1.088973915633753	1.0275356930581966e-6
1.093973915633753	1.2261750231068432e-6
1.0989739156337526	1.4638506916943051e-6
1.1039739156337525	1.7482251993234009e-6
1.1089739156337524	2.088457834430899e-6
1.113973915633752	2.4954944384045887e-6
1.118973915633752	2.9824123891425387e-6
1.1239739156337516	3.564831032214313e-6
1.1289739156337515	4.261399583043674e-6
1.1339739156337512	5.094376596799639e-6
1.138973915633751	6.090317484740518e-6
1.143973915633751	7.280889274024145e-6
1.1489739156337506	8.703834884498157e-6
1.1539739156337505	1.0404112642954172e-5
1.1589739156337502	1.2435240569406908e-5
1.16397391563375	1.486087912436636e-5
1.1689739156337497	1.775669054070286e-5
1.1739739156337496	2.1212517472977916e-5
1.1789739156337493	2.5334928315521396e-5
1.1839739156337492	3.0250180927343654e-5
1.187980436725312	3.486077819723219e-5
1.1919869578168745	4.016507331258177e-5
1.1959934789084372	4.62649140054283e-5
1.2	5.327645313567649e-5
