0.0006999999999999628	2.843196634152584e-9
0.001403500000000035	2.8451487783038527e-9
0.0021105174999999296	2.8471129205555443e-9
0.0028210700874998964	2.849089142706125e-9
0.003535175437937438	2.8510775310502993e-9
0.004252851315127062	2.8530781727079777e-9
0.004974115571702636	2.8550911555931135e-9
0.005698986149561044	2.8571165684151757e-9
0.006427481080308875	2.859154500683144e-9
0.007159618485710418	2.8612050427107864e-9
0.007895416578138905	2.8632682856229703e-9
0.008634893661029494	2.865344321362586e-9
0.00937806812933463	2.8674332426979842e-9
0.010124958469981361	2.8695351432308255e-9
0.010875583262331262	2.871650117404278e-9
0.01162996117864295	2.87377826051142e-9
0.012388110984536127	2.8759196687039826e-9
0.013150051539458866	2.878074439001228e-9
0.013915801797156208	2.8802426692990584e-9
0.014685380806142003	2.8824244583793378e-9
0.015458807710172712	2.884619905919379e-9
0.01623610174872358	2.886829112501563e-9
0.017017282257467212	2.8890521796231893e-9
0.017802368668754516	2.8912892097064885e-9
0.01859138051209827	2.893540306108697e-9
0.019384337414658823	2.8958055731324325e-9
0.020181259101732015	2.8980851160361464e-9
0.020982165397240727	2.9003790410447363e-9
0.02178707622422691	2.9026874553603442e-9
0.02259601160534814	2.9050104671733443e-9
0.02340899166337483	2.907348185673376e-9
0.024226036621691812	2.9097007210607006e-9
0.02504716680480027	2.912068184557596e-9
0.025872402638824326	2.9144506884199506e-9
0.02670176465201842	2.916848345949086e-9
0.02753527347527842	2.9192612715036723e-9
0.028372949842654864	2.9216895805117906e-9
0.0292148145918682	2.9241333894833185e-9
0.03006088866482743	2.9265928160223218e-9
0.03091119310815165	2.929067978839729e-9
0.0317657490736924	2.9315589977661324e-9
0.03262457781906081	2.9340659937647927e-9
0.03348770070815601	2.936589088944879e-9
0.034355139211696875	2.93912840657473e-9
0.035226914907755424	2.9416840710956188e-9
0.03610304948229413	2.944256208135314e-9
0.03698356472970569	2.946844944522178e-9
0.03786848255335419	2.9494504082992843e-9
0.038757824966120964	2.9520727287387966e-9
0.03965161409095162	2.9547120363565196e-9
0.04054987216140643	2.9573684629267245e-9
0.04145262152221345	2.9600421414971304e-9
0.04235988462982453	2.962733206404097e-9
0.04327168405297366	2.965441793288067e-9
0.0441880424732386	2.9681680391093453e-9
0.04510898268560485	2.9709120821637206e-9
0.046034527599032954	2.973674062098866e-9
0.04696470023702812	2.9764541199305658e-9
0.04789952373821329	2.9792523980592916e-9
0.048839021356904266	2.9820690402870835e-9
0.04978321646368884	2.9849041918346355e-9
0.05073213254600732	2.9877579993586168e-9
0.05168579320873729	2.9906306109692882e-9
0.052644222174780875	2.9935221762483174e-9
0.05360744328565471	2.9964328462669606e-9
0.054575480502083065	2.9993627736043762e-9
0.055548357904593434	3.0023121123663183e-9
0.056526099694116344	3.005281018204154e-9
0.0575087301925869	3.0082696483339316e-9
0.05849627384354973	3.0112781615560633e-9
0.05948875521276744	3.014306718275002e-9
0.06048619898883127	3.0173554805193823e-9
0.061488629983775384	3.020424611962485e-9
0.06249607313369419	3.0235142779429107e-9
0.06350855349936275	3.0266246454855785e-9
0.06452609626685958	3.0297558833231397e-9
0.06554872674819387	3.032908161917625e-9
0.06657647038193484	3.036081653482525e-9
0.06760935273384447	3.039276532004976e-9
0.06864739949751365	3.0424929732686146e-9
0.0696906364950013	3.0457311548765266e-9
0.07073908967747639	3.048991256274741e-9
0.07179278512586384	3.052273458775827e-9
0.07285174905149322	3.055577945583178e-9
0.0739160077967507	3.0589049018154734e-9
0.07498558783573436	3.062254514531497e-9
0.07606051577491299	3.065626972755514e-9
0.07714081835378758	3.069022467502872e-9
0.07822652244555647	3.072441191806095e-9
0.07931765505778425	3.075883340741414e-9
0.0804142433330731	3.07934911145557e-9
0.08151631454973848	3.0828387031932767e-9
0.08262389612248718	3.0863523173249126e-9
0.0837370156030995	3.0898901573747023e-9
0.0848557006811149	3.0934524290494886e-9
0.0859799791845205	3.0970393402677185e-9
0.08710987908044313	3.100651101189124e-9
0.08824542847584534	3.104287924244756e-9
0.08938665561822454	3.1079500241675062e-9
0.09053358889631567	3.1116376180232252e-9
0.09168625684079722	3.1153509252421496e-9
0.09284468812500112	3.1190901676511003e-9
0.09400891156562617	3.1228555695060127e-9
0.0951789561234543	3.126647357524966e-9
0.09635485090407148	3.1304657609219838e-9
0.09753662515859184	3.1343110114411495e-9
0.0987243082843847	3.1381833433914666e-9
0.09991792982580656	3.142082993682138e-9
0.10111751947493569	3.146010201858508e-9
0.10232310707231031	3.149965210138716e-9
0.1035347226076718	3.1539482634506467e-9
0.10475239622071016	3.157959609469906e-9
0.10597615820181366	3.1619994986580743e-9
0.10720603899282274	3.1660681843018386e-9
0.10844206918778684	3.1701659225526376e-9
0.10968427953372567	3.174292972467092e-9
0.1109327009313943	3.1784495960480687e-9
0.11218736443605135	3.1826360582863935e-9
0.11344830125823162	3.1868526272033093e-9
0.11471554276452282	3.1910995738938318e-9
0.11598912047834534	3.1953771725704536e-9
0.11726906608073695	3.1996857006080493e-9
0.11855541141114062	3.204025438589227e-9
0.11984818846819621	3.2083966703506217e-9
0.12114742941053713	3.2127996830299023e-9
0.12245316655758978	3.217234767113719e-9
0.1237654323903777	3.221702216486359e-9
0.12508425955232963	3.2262023284793655e-9
0.12640968085009122	3.230735403921875e-9
0.1277417292543416	3.235301747192024e-9
0.1290804379006133	3.239901666269112e-9
0.13042584009011637	3.2445354727867553e-9
0.1317779692905669	3.24920348208705e-9
0.13313685913701961	3.253906013275554e-9
0.13450254343270476	3.2586433892772785e-9
0.13587505614986833	3.2634159368938764e-9
0.13725443143061763	3.268223986861533e-9
0.13864070358777073	3.2730678739101923e-9
0.14003390710570945	3.277947936823712e-9
0.14143407664123803	3.2828645185010576e-9
0.1428412470244442	3.2878179660188105e-9
0.1442554532595664	3.29280863069452e-9
0.14567673052586416	3.2978368681515328e-9
0.1471051141784935	3.302903038384761e-9
0.14854063974938603	3.3080075058277836e-9
0.149983342948133	3.3131506394210987e-9
0.15143325966287374	3.3183328126818014e-9
0.15289042596118813	3.3235544037743924e-9
0.15435487809099402	3.328815795582853e-9
0.15582665248144906	3.334117375784379e-9
0.1573057857438562	3.339459536924106e-9
0.15879231467257537	3.3448426764914726e-9
0.16028627624593816	3.3502671969979905e-9
0.16178770762716785	3.355733506056418e-9
0.16329664616530362	3.3612420164614506e-9
0.16481312939613008	3.366793146272063e-9
0.1663371950431107	3.3723873188951913e-9
0.16786888101832628	3.3780249631712393e-9
0.1694082254234178	3.3837065134610888e-9
0.1709552665505349	3.3894324097348226e-9
0.17251004288328747	3.395203097662146e-9
0.17407259309770393	3.4010190287046467e-9
0.17564295606319252	3.406880660209632e-9
0.17722117084350858	3.412788455506066e-9
0.17880727669772617	3.4187428840021568e-9
0.18040131308121476	3.424744421284979e-9
0.18200331964662084	3.4307935492219785e-9
0.18361333624485401	3.4368907560645536e-9
0.18523140292607826	3.443036536553617e-9
0.18685755994070874	3.449231392027304e-9
0.1884918477404122	3.455475830530735e-9
0.19013430697911424	3.46177036692812e-9
0.1917849785140098	3.4681155230169305e-9
0.19344390340657974	3.4745118276445187e-9
0.19511112292361268	3.4809598168269145e-9
0.1967866785382308	3.487460033870264e-9
0.19847061193092203	3.4940130294944637e-9
0.20016296499057665	3.5006193619594605e-9
0.20186377981552947	3.5072795971941506e-9
0.2035730987146071	3.5139943089278248e-9
0.20529096420818022	3.520764078824326e-9
0.20701741902922113	3.5275894966190164e-9
0.20875250612436722	3.5344711602585435e-9
0.210496268654989	3.5414096760435495e-9
0.21224874999826396	3.548405658774197e-9
0.21400999374825516	3.555459731898946e-9
0.21578004371699644	3.5625725276662608e-9
0.21755894393558148	3.5697446872796016e-9
0.2193467386552594	3.5769768610556407e-9
0.22114347234853576	3.5842697085858345e-9
0.22294918971027836	3.5916238989013876e-9
0.2247639356588297	3.599040110641749e-9
0.2265877553371239	3.6065190322267533e-9
0.2284206941138094	3.6140613620323146e-9
0.23026279758437848	3.621667808570013e-9
0.23211411157230027	3.6293390906705015e-9
0.23397468213016168	3.6370759376708126e-9
0.23584455554081238	3.64487908960589e-9
0.23772377831851643	3.652749297404088e-9
0.23961239721010893	3.6606873230871052e-9
0.24151045919615952	3.6686939399741848e-9
0.24341801149214037	3.6767699328907814e-9
0.24533510154960114	3.6849160983820146e-9
0.24726177705734917	3.69313324493055e-9
0.24919808594263576	3.7014221931796424e-9
0.251144076372349	3.7097837761607556e-9
0.2530997967542107	3.718218839526686e-9
0.2550652957379817	3.726728241789611e-9
0.2570406222166717	3.735312854564614e-9
0.2590258253277551	3.743973562818612e-9
0.26102095445439405	3.752711265125096e-9
0.2630260592266659	3.761526873924438e-9
0.2650411895227993	3.770421315790318e-9
0.2670663954704134	3.7793955317021575e-9
0.26910172744776534	3.78845047732375e-9
0.27114723608500396	3.797587123288514e-9
0.27320297226542917	3.8068064554910815e-9
0.27526898712675635	3.816109475385906e-9
0.27734533206239	3.825497200292546e-9
0.2794320587227019	3.8349706637083505e-9
0.2815292190163153	3.84453091562845e-9
0.2836368651113967	3.854179022872935e-9
0.28575504943695385	3.863916069422289e-9
0.28788382468413853	3.87374315676037e-9
0.29002324380755934	3.883661404225801e-9
0.29217336002659705	3.893671949371561e-9
0.29433422682673016	3.903775948333393e-9
0.29650589796086374	3.913974576206916e-9
0.29868842745066804	3.924269027434054e-9
0.30088186958792124	3.934660516198513e-9
0.3030862789358609	3.9451502768313144e-9
0.30530171033054027	3.955739564225875e-9
0.307528218882193	3.966429654263468e-9
0.30976585997660405	3.97722184424923e-9
0.312014689276487	3.988117453358652e-9
0.31427476272286925	3.999117823095611e-9
0.3165461365364837	4.0102243177614905e-9
0.3188288672191662	4.021438324936103e-9
0.32112301155526213	4.032761255970876e-9
0.32342862661303834	4.044194546494409e-9
0.3257457697461036	4.055739656930732e-9
0.32807449859483384	4.0673980730309644e-9
0.3304148710878078	4.0791713064185705e-9
0.33276694544324686	4.091060895148448e-9
0.33513078017046305	4.103068404280642e-9
0.33750643407131514	4.115195426468833e-9
0.3398939662416715	4.127443582564286e-9
0.3422934360728799	4.139814522235377e-9
0.34470490325324404	4.152309924603683e-9
0.3471284277695101	4.164931498896698e-9
0.34956406990835764	4.177680985117873e-9
0.3520118902578995	4.1905601547345995e-9
0.354471949709189	4.203570811384686e-9
0.3569443094577349	4.21671479160158e-9
0.3594290310050235	4.229993965559564e-9
0.3619261761600484	4.243410237838935e-9
0.3644358070408486	4.256965548212346e-9
0.36695798607605284	4.270661872452442e-9
0.36949277600643327	4.284501223161986e-9
0.37204023988646523	4.298485650627101e-9
0.3746004410858973	4.312617243694065e-9
0.3771734432913268	4.326898130670831e-9
0.3797593105077832	4.341330480253982e-9
0.3823581070603219	4.355916502481844e-9
0.38496989759562367	4.370658449714903e-9
0.3875947470836016	4.385558617644127e-9
0.3902327208190196	4.400619346328464e-9
0.3928838844231145	4.415843021262381e-9
0.39554830384522993	4.431232074474435e-9
0.3982260453644561	4.446788985658048e-9
0.4009171755912785	4.462516283335622e-9
0.40362176146923495	4.478416546057207e-9
0.40633987027658097	4.4944924036347195e-9
0.4090715696279639	4.510746538413402e-9
0.4118169274761037	4.527181686581512e-9
0.4145760121134843	4.543800639519735e-9
0.4173488921740515	4.56060624519192e-9
0.4201356366349219	4.57760140957855e-9
0.42293631481809635	4.594789098154322e-9
0.4257509963921868	4.612172337412109e-9
0.42857975137414767	4.629754216434327e-9
0.43142265013101855	4.647537888514067e-9
0.43427976338167373	4.665526572827482e-9
0.43715116219858224	4.683723556160005e-9
0.44003691800957523	4.702132194687584e-9
0.44293710259962304	4.720755915816209e-9
0.4458517881126211	4.7395982200810095e-9
0.44878104705318417	4.7586626831081875e-9
0.45172495228844983	4.777952957641655e-9
0.45468357704989204	4.79747277563735e-9
0.4576569949351413	4.817225950428153e-9
0.46064527990981685	4.83721637896193e-9
0.4636485063093658	4.857448044116315e-9
0.4666667488409128	4.877925017092822e-9
0.4697000825851173	4.898651459894695e-9
0.4727485829980427	4.9196316278908564e-9
0.47581232591303285	4.94086987247119e-9
0.478891387542598	4.9623706437958715e-9
0.48198584448031084	4.984138493644238e-9
0.4850957737027124	5.006178078366748e-9
0.48822125257122595	5.028494161945473e-9
0.49136235883408197	5.051091619168088e-9
0.4945191706282523	5.07397543892078e-9
0.4976917664813935	5.0971507276056815e-9
0.5008802253138004	5.120622712689523e-9
0.5040846264403696	5.144396746389659e-9
0.5073050495725715	5.168478309504444e-9
0.5105415748204343	5.192873015396303e-9
0.5137942826945365	5.217586614134325e-9
0.517063254108009	5.2426249968065565e-9
0.5203485703785492	5.267994200010165e-9
0.5236503132304419	5.293700410530151e-9
0.5269685647965939	5.319749970217783e-9
0.5303034076205766	5.346149381079813e-9
0.5336549246586795	5.372905310592106e-9
0.5370231992819728	5.4000245972512035e-9
0.5404083152783826	5.427514256378997e-9
0.5438103568547747	5.45538148619735e-9
0.5472294086390483	5.483633674190611e-9
0.5506655556822436	5.5122784037756785e-9
0.5541188834606549	5.541323461301918e-9
0.5575894778779582	5.570776843404779e-9
0.5610774252673477	5.600646764739287e-9
0.5645828123936844	5.630941666123292e-9
0.5681057264556525	5.661670223122334e-9
0.5716462550879309	5.692841355113289e-9
0.5752044863633705	5.724464234865558e-9
0.5787805087951873	5.756548298685959e-9
0.5823744113391631	5.789103257177001e-9
0.5859862833958588	5.8221391066646625e-9
0.5896162148128381	5.8556661413594615e-9
0.5932642958869024	5.889694966321249e-9
0.5969306173663369	5.924236511308996e-9
0.6006152704531684	5.959302045605535e-9
0.6043183468054344	5.9949031939207914e-9
0.6080399385394615	6.0310519534901186e-9
0.6117801382321587	6.067760712500531e-9
0.6155390389233192	6.1050422699964405e-9
0.6193167341179359	6.142909857437828e-9
0.6231133177885255	6.181377162108604e-9
0.6269288843774683	6.220458352601475e-9
0.6307635287993556	6.2601681066398864e-9
0.6346173464433522	6.300521641535809e-9
0.6384904331755688	6.341534747627176e-9
0.6423828853414466	6.383223825093118e-9
0.6462947997681537	6.425605924604503e-9
0.6502262737669944	6.4686987923406804e-9
0.6541774051358293	6.5125209199873914e-9
0.6581482921615082	6.557091600427867e-9
0.6621390336223156	6.602430989955845e-9
0.6661497287904271	6.648560177973352e-9
0.6701804774343789	6.695501265295434e-9
0.6742313798215507	6.743277452369375e-9
0.6783025367206585	6.79191313893657e-9
0.682394049404262	6.841434036921965e-9
0.6865060196512833	6.8918672986418e-9
0.6906385497495399	6.943241662777714e-9
0.6947917424982876	6.995587620990382e-9
0.6989657012107791	7.048937608547691e-9
0.7031605297168331	7.103326222932445e-9
0.7073763323654171	7.15879047510199e-9
0.7116132140272443	7.2153700788994085e-9
0.7158712800973803	7.273107785108553e-9
0.7201506364978669	7.3320497678167094e-9
0.724451389680356	7.392246072144413e-9
0.7287736466287575	7.453751134064257e-9
0.7331175148619014	7.51662438500763e-9
0.737483102436211	7.580930956318396e-9
0.7418705179483918	7.646742501428425e-9
0.7462798705381338	7.714138156993575e-9
0.7507112698908246	7.783205668252344e-9
0.7551648262402787	7.854042708684191e-9
0.7596406503714802	7.926758429814355e-9
0.7641388536233378	8.00147528393149e-9
0.7686595478914543	8.078331170792326e-9
0.7732028456309116	8.157481969367116e-9
0.777768859859066	8.239104527689241e-9
0.7823577041583611	8.323400198326461e-9
0.7869694926791531	8.410599024415144e-9
0.7916043401425489	8.500964702217979e-9
0.7962623618432616	8.594800471547349e-9
0.8009436736524779	8.692456116081082e-9
0.8056483920207402	8.794336292722672e-9
0.8103766339808439	8.900910454129962e-9
0.8151285171507483	9.012724683061036e-9
0.8199041597365018	9.130415823361435e-9
0.8247036805351844	9.254728372823698e-9
0.8295271989378604	9.386534700928355e-9
0.8343748349325497	9.526859273527964e-9
0.8392467091072124	9.676907711612744e-9
0.8441429426527486	9.838101688296977e-9
0.8490636573660123	1.0012120884313985e-8
0.8540089756528424	1.0200953486561983e-8
0.8589790205311068	1.040695703763122e-8
0.8639739156337622	1.0632931840424153e-8
0.868973915633762	1.0881174536707525e-8
0.8739739156337618	1.1155023423837339e-8
0.8789739156337616	1.1458665485030335e-8
0.8839739156337615	1.1797029050817355e-8
0.8889739156337613	1.2175917998905306e-8
0.893973915633761	1.2602170550344597e-8
0.8989739156337608	1.3083847216073515e-8
0.9039739156337606	1.3630453297075105e-8
0.9089739156337604	1.4253202351300284e-8
0.9139739156337602	1.4965328240541095e-8
0.91897391563376	1.5782454796552392e-8
0.9239739156337599	1.6723033840754445e-8
0.9289739156337596	1.780886430674717e-8
0.9339739156337594	1.906570761028955e-8
0.9389739156337592	2.0524017259511838e-8
0.943973915633759	2.2219804084814978e-8
0.9489739156337588	2.419566249542057e-8
0.9539739156337586	2.650198795944693e-8
0.9589739156337583	2.9198421601496396e-8
0.9639739156337582	3.23555645882133e-8
0.968973915633758	3.6057013033027546e-8
0.9739739156337578	4.040177374003413e-8
0.9789739156337576	4.550713251356738e-8
0.9839739156337574	5.151206032924052e-8
0.9889739156337571	5.858125880383262e-8
0.9939739156337569	6.69099656026946e-8
0.9989739156337567	7.672966326306924e-8
1.0039739156337566	8.831486207776702e-8
1.0089739156337563	1.0199115999259066e-7
1.0139739156337562	1.1814482089230543e-7
1.0189739156337558	1.3723415833406647e-7
1.0239739156337557	1.5980306609825862e-7
1.0289739156337556	1.8649710148155393e-7
1.0339739156337553	2.1808260397055597e-7
1.0389739156337552	2.5546942307405865e-7
1.0439739156337549	2.9973793733712477e-7
1.0489739156337547	3.5217117507971097e-7
1.0539739156337544	4.1429299993285084e-7
1.0589739156337543	4.879135051937455e-7
1.0639739156337542	5.751829755739928e-7
1.0689739156337539	6.786560291678507e-7
1.0739739156337538	8.013678535711414e-7
1.0789739156337534	9.469248064034823e-7
1.0839739156337533	1.1196120718019444e-6
1.088973915633753	1.3245215621299002e-6
1.093973915633753	1.5677038413806127e-6
1.0989739156337526	1.856348538777409e-6
1.1039739156337525	2.19899853539105e-6
1.1089739156337524	2.6058041631936953e-6
1.113973915633752	3.088824777490069e-6
1.118973915633752	3.662386375520068e-6
1.1239739156337516	4.343505464367982e-6
1.1289739156337515	5.152391160871961e-6
1.1339739156337512	6.113039567786946e-6
1.138973915633751	7.253936848060413e-6
1.143973915633751	8.608890146487087e-6
1.1489739156337506	1.0218008616572583e-5
1.1539739156337505	1.2128860325750959e-5
1.1589739156337502	1.4397834749438435e-5
1.16397391563375	1.7091744922336787e-5
1.1689739156337497	2.0289708067358576e-5
1.1739739156337496	2.4085348606119487e-5
1.1789739156337493	2.8589372758192843e-5
1.1839739156337492	3.393256928245419e-5
1.187980436725312	3.892285211341657e-5
1.1919869578168745	4.464255397539318e-5
1.1959934789084372	5.1196551987754715e-5
1.2	5.8704304156532506e-5
