0.0006999999999999628	4.349022524812226e-9
0.001403500000000035	4.3519017091803275e-9
0.0021105174999999296	4.354798480291106e-9
0.0028210700874998964	4.357712902947952e-9
0.003535175437937438	4.3606451006608366e-9
0.004252851315127062	4.363595198911637e-9
0.004974115571702636	4.366563324311037e-9
0.005698986149561044	4.36954960458909e-9
0.006427481080308875	4.372554168601214e-9
0.007159618485710418	4.375577146336294e-9
0.007895416578138905	4.378618668925673e-9
0.008634893661029494	4.381678868653129e-9
0.00937806812933463	4.384757878965367e-9
0.010124958469981361	4.387855834483057e-9
0.010875583262331262	4.390972871012236e-9
0.01162996117864295	4.394109125555978e-9
0.012388110984536127	4.397264736326693e-9
0.013150051539458866	4.400439842758244e-9
0.013915801797156208	4.403634585518722e-9
0.014685380806142003	4.4068491065232e-9
0.015458807710172712	4.410083548946921e-9
0.01623610174872358	4.413338057238653e-9
0.017017282257467212	4.416612777134116e-9
0.017802368668754516	4.4199078556698165e-9
0.01859138051209827	4.423223441197052e-9
0.019384337414658823	4.426559683396059e-9
0.020181259101732015	4.429916733290572e-9
0.020982165397240727	4.4332947432621966e-9
0.02178707622422691	4.43669386706544e-9
0.02259601160534814	4.440114259842738e-9
0.02340899166337483	4.443556078139655e-9
0.024226036621691812	4.447019479920356e-9
0.02504716680480027	4.450504624583479e-9
0.025872402638824326	4.454011672977798e-9
0.02670176465201842	4.457540787418596e-9
0.02753527347527842	4.461092131703912e-9
0.028372949842654864	4.46466587113118e-9
0.0292148145918682	4.468262172514034e-9
0.03006088866482743	4.471881204199453e-9
0.03091119310815165	4.475523136084888e-9
0.0317657490736924	4.4791881396360295e-9
0.03262457781906081	4.482876387904423e-9
0.03348770070815601	4.486588055545621e-9
0.034355139211696875	4.490323318837276e-9
0.035226914907755424	4.494082355697948e-9
0.03610304948229413	4.497865345705719e-9
0.03698356472970569	4.501672470117214e-9
0.03786848255335419	4.505503911887128e-9
0.038757824966120964	4.509359855687606e-9
0.03965161409095162	4.5132404879282165e-9
0.04054987216140643	4.517145996776138e-9
0.04145262152221345	4.521076572176448e-9
0.04235988462982453	4.525032405872984e-9
0.04327168405297366	4.529013691429278e-9
0.0441880424732386	4.5330206242498286e-9
0.04510898268560485	4.5370534016018535e-9
0.046034527599032954	4.541112222637028e-9
0.04696470023702812	4.545197288413759e-9
0.04789952373821329	4.549308801919825e-9
0.048839021356904266	4.553446968095126e-9
0.04978321646368884	4.557611993854868e-9
0.05073213254600732	4.561804088113179e-9
0.05168579320873729	4.5660234618068065e-9
0.052644222174780875	4.570270327919537e-9
0.05360744328565471	4.57454490150651e-9
0.054575480502083065	4.578847399719246e-9
0.055548357904593434	4.583178041830944e-9
0.056526099694116344	4.5875370492620035e-9
0.0575087301925869	4.591924645606042e-9
0.05849627384354973	4.596341056656354e-9
0.05948875521276744	4.600786510432593e-9
0.06048619898883127	4.605261237207949e-9
0.061488629983775384	4.60976546953675e-9
0.06249607313369419	4.61429944228229e-9
0.06350855349936275	4.618863392645367e-9
0.06452609626685958	4.623457560192905e-9
0.06554872674819387	4.628082186887334e-9
0.06657647038193484	4.632737517116021e-9
0.06760935273384447	4.637423797721634e-9
0.06864739949751365	4.642141278032414e-9
0.0696906364950013	4.646890209893337e-9
0.07073908967747639	4.65167084769744e-9
0.07179278512586384	4.656483448417911e-9
0.07285174905149322	4.661328271640316e-9
0.0739160077967507	4.6662055795956765e-9
0.07498558783573436	4.671115637193683e-9
0.07606051577491299	4.6760587120567e-9
0.07714081835378758	4.681035074554178e-9
0.07822652244555647	4.686044997837586e-9
0.07931765505778425	4.691088757875852e-9
0.0804142433330731	4.696166633491307e-9
0.08151631454973848	4.70127890639655e-9
0.08262389612248718	4.706425861231148e-9
0.0837370156030995	4.711607785599661e-9
0.0848557006811149	4.716824970109805e-9
0.0859799791845205	4.722077708411348e-9
0.08710987908044313	4.72736629723554e-9
0.08824542847584534	4.7326910364353175e-9
0.08938665561822454	4.738052229025917e-9
0.09053358889631567	4.743450181226246e-9
0.09168625684079722	4.748885202501026e-9
0.09284468812500112	4.754357605603259e-9
0.09400891156562617	4.759867706617687e-9
0.0951789561234543	4.7654158250047825e-9
0.09635485090407148	4.771002283645511e-9
0.09753662515859184	4.776627408886718e-9
0.0987243082843847	4.782291530587306e-9
0.09991792982580656	4.787994982165142e-9
0.10111751947493569	4.793738100644654e-9
0.10232310707231031	4.799521226705304e-9
0.1035347226076718	4.805344704730811e-9
0.10475239622071016	4.811208882858908e-9
0.10597615820181366	4.817114113032532e-9
0.10720603899282274	4.823060751051029e-9
0.10844206918778684	4.829049156622905e-9
0.10968427953372567	4.835079693418952e-9
0.1109327009313943	4.841152729126555e-9
0.11218736443605135	4.847268635504749e-9
0.11344830125823162	4.853427788440052e-9
0.11471554276452282	4.859630568003676e-9
0.11598912047834534	4.865877358509005e-9
0.11726906608073695	4.872168548570592e-9
0.11855541141114062	4.878504531163982e-9
0.11984818846819621	4.884885703686377e-9
0.12114742941053713	4.891312468018488e-9
0.12245316655758978	4.897785230587239e-9
0.1237654323903777	4.904304402429925e-9
0.12508425955232963	4.910870399258817e-9
0.12640968085009122	4.917483641527435e-9
0.1277417292543416	4.92414455449774e-9
0.1290804379006133	4.9308535683083476e-9
0.13042584009011637	4.9376111180440015e-9
0.1317779692905669	4.944417643806291e-9
0.13313685913701961	4.951273590785537e-9
0.13450254343270476	4.958179409333879e-9
0.13587505614986833	4.965135555039616e-9
0.13725443143061763	4.972142488802904e-9
0.13864070358777073	4.979200676912675e-9
0.14003390710570945	4.986310591125044e-9
0.14143407664123803	4.99347270874277e-9
0.1428412470244442	5.0006875126965715e-9
0.1442554532595664	5.007955491627426e-9
0.14567673052586416	5.015277139970469e-9
0.1471051141784935	5.022652958040647e-9
0.14854063974938603	5.030083452119308e-9
0.149983342948133	5.037569134542831e-9
0.15143325966287374	5.045110523792733e-9
0.15289042596118813	5.052708144587131e-9
0.15435487809099402	5.0603625279740895e-9
0.15582665248144906	5.068074211426575e-9
0.1573057857438562	5.075843738939145e-9
0.15879231467257537	5.083671661126217e-9
0.16028627624593816	5.091558535322394e-9
0.16178770762716785	5.099504925684349e-9
0.16329664616530362	5.10751140329474e-9
0.16481312939613008	5.115578546267958e-9
0.1663371950431107	5.123706939857714e-9
0.16786888101832628	5.131897176566796e-9
0.1694082254234178	5.1401498562587254e-9
0.1709552665505349	5.148465586271594e-9
0.17251004288328747	5.1568449815336425e-9
0.17407259309770393	5.165288664681561e-9
0.17564295606319252	5.173797266180559e-9
0.17722117084350858	5.182371424446791e-9
0.17880727669772617	5.191011785972203e-9
0.18040131308121476	5.199719005451539e-9
0.18200331964662084	5.208493745911894e-9
0.18361333624485401	5.217336678844686e-9
0.18523140292607826	5.226248484339979e-9
0.18685755994070874	5.2352298512237185e-9
0.1884918477404122	5.2442814771971626e-9
0.19013430697911424	5.253404068979296e-9
0.1917849785140098	5.262598342451926e-9
0.19344390340657974	5.271865022807438e-9
0.19511112292361268	5.281204844699519e-9
0.1967866785382308	5.29061855239689e-9
0.19847061193092203	5.300106899939846e-9
0.20016296499057665	5.309670651300038e-9
0.20186377981552947	5.3193105805432314e-9
0.2035730987146071	5.329027471995319e-9
0.20529096420818022	5.33882212041178e-9
0.20701741902922113	5.348695331150141e-9
0.20875250612436722	5.358647920346217e-9
0.210496268654989	5.368680715093646e-9
0.21224874999826396	5.378794553627126e-9
0.21400999374825516	5.388990285509243e-9
0.21578004371699644	5.399268771821122e-9
0.21755894393558148	5.40963088535696e-9
0.2193467386552594	5.4200775108224115e-9
0.22114347234853576	5.43060954503701e-9
0.22294918971027836	5.441227897140864e-9
0.2247639356588297	5.4519334888053885e-9
0.2265877553371239	5.462727254448503e-9
0.2284206941138094	5.473610141454268e-9
0.23026279758437848	5.484583110396911e-9
0.23211411157230027	5.495647135269786e-9
0.23397468213016168	5.506803203718727e-9
0.23584455554081238	5.518052317280647e-9
0.23772377831851643	5.529395491626904e-9
0.23961239721010893	5.5408337568119404e-9
0.24151045919615952	5.552368157526938e-9
0.24341801149214037	5.563999753359268e-9
0.24533510154960114	5.575729619056897e-9
0.24726177705734917	5.587558844799072e-9
0.24919808594263576	5.59948853647228e-9
0.251144076372349	5.611519815952401e-9
0.2530997967542107	5.623653821392847e-9
0.2550652957379817	5.63589170751915e-9
0.2570406222166717	5.648234645929621e-9
0.2590258253277551	5.660683825402844e-9
0.26102095445439405	5.673240452211874e-9
0.2630260592266659	5.6859057504450465e-9
0.2650411895227993	5.6986809623343386e-9
0.2670663954704134	5.711567348590751e-9
0.26910172744776534	5.724566188747019e-9
0.27114723608500396	5.737678781508194e-9
0.27320297226542917	5.750906445110028e-9
0.27526898712675635	5.764250517685299e-9
0.27734533206239	5.7777123576385644e-9
0.2794320587227019	5.791293344029389e-9
0.2815292190163153	5.804994876964088e-9
0.2836368651113967	5.818818377996706e-9
0.28575504943695385	5.832765290538985e-9
0.28788382468413853	5.846837080279835e-9
0.29002324380755934	5.861035235614507e-9
0.29217336002659705	5.875361268083715e-9
0.29433422682673016	5.889816712822946e-9
0.29650589796086374	5.9044031290223644e-9
0.29868842745066804	5.91912210039741e-9
0.30088186958792124	5.933975235670594e-9
0.3030862789358609	5.948964169064524e-9
0.30530171033054027	5.964090560806913e-9
0.307528218882193	5.979356097647443e-9
0.30976585997660405	5.994762493387001e-9
0.312014689276487	6.010311489419748e-9
0.31427476272286925	6.026004855288247e-9
0.3165461365364837	6.041844389252074e-9
0.3188288672191662	6.0578319188701724e-9
0.32112301155526213	6.073969301597708e-9
0.32342862661303834	6.090258425397277e-9
0.3257457697461036	6.106701209365438e-9
0.32807449859483384	6.1232996043745985e-9
0.3304148710878078	6.1400555937310755e-9
0.33276694544324686	6.156971193849418e-9
0.33513078017046305	6.174048454943655e-9
0.33750643407131514	6.1912894617362605e-9
0.3398939662416715	6.208696334184679e-9
0.3422934360728799	6.226271228226619e-9
0.34470490325324404	6.244016336544229e-9
0.3471284277695101	6.261933889348076e-9
0.34956406990835764	6.2800261551811854e-9
0.3520118902578995	6.298295441743758e-9
0.354471949709189	6.316744096739942e-9
0.3569443094577349	6.335374508745959e-9
0.3594290310050235	6.354189108101646e-9
0.3619261761600484	6.373190367825261e-9
0.3644358070408486	6.392380804552471e-9
0.36695798607605284	6.411762979500594e-9
0.36949277600643327	6.431339499458533e-9
0.37204023988646523	6.4511130178031145e-9
0.3746004410858973	6.471086235543385e-9
0.3771734432913268	6.491261902392777e-9
0.3797593105077832	6.511642817870725e-9
0.3823581070603219	6.532231832434713e-9
0.38496989759562367	6.553031848642992e-9
0.3875947470836016	6.574045822350089e-9
0.3902327208190196	6.595276763935145e-9
0.3928838844231145	6.616727739564906e-9
0.39554830384522993	6.638401872492008e-9
0.3982260453644561	6.660302344390129e-9
0.4009171755912785	6.682432396726977e-9
0.40362176146923495	6.7047953321765305e-9
0.40633987027658097	6.727394516071737e-9
0.4090715696279639	6.750233377899352e-9
0.4118169274761037	6.773315412837756e-9
0.4145760121134843	6.796644183340193e-9
0.4173488921740515	6.820223320763822e-9
0.4201356366349219	6.8440565270472135e-9
0.42293631481809635	6.868147576437498e-9
0.4257509963921868	6.8925003172690766e-9
0.42857975137414767	6.917118673795316e-9
0.43142265013101855	6.94200664807583e-9
0.43427976338167373	6.967168321921077e-9
0.43715116219858224	6.992607858895808e-9
0.44003691800957523	7.0183295063842994e-9
0.44293710259962304	7.044337597719287e-9
0.4458517881126211	7.070636554376897e-9
0.44878104705318417	7.097230888240082e-9
0.45172495228844983	7.124125203933369e-9
0.45468357704989204	7.151324201230938e-9
0.4576569949351413	7.1788326775417955e-9
0.46064527990981685	7.206655530474229e-9
0.4636485063093658	7.2347977604825886e-9
0.4666667488409128	7.26326447360033e-9
0.4697000825851173	7.292060884261738e-9
0.4727485829980427	7.321192318216547e-9
0.47581232591303285	7.3506642155406976e-9
0.478891387542598	7.3804821337473365e-9
0.48198584448031084	7.4106517510018985e-9
0.4850957737027124	7.4411788694458286e-9
0.48822125257122595	7.472069418632832e-9
0.49136235883408197	7.503329459082912e-9
0.4945191706282523	7.534965185958452e-9
0.4976917664813935	7.56698293286844e-9
0.5008802253138004	7.599389175805204e-9
0.5040846264403696	7.632190537219622e-9
0.5073050495725715	7.665393790241607e-9
0.5105415748204343	7.699005863051093e-9
0.5137942826945365	7.733033843406727e-9
0.517063254108009	7.767484983339241e-9
0.5203485703785492	7.802366704017006e-9
0.5236503132304419	7.837686600791363e-9
0.5269685647965939	7.873452448430268e-9
0.5303034076205766	7.909672206548978e-9
0.5336549246586795	7.94635402524696e-9
0.5370231992819728	7.983506250961314e-9
0.5404083152783826	8.021137432546778e-9
0.5438103568547747	8.059256327593743e-9
0.5472294086390483	8.09787190899623e-9
0.5506655556822436	8.136993371782598e-9
0.5541188834606549	8.176630140222114e-9
0.5575894778779582	8.216791875222893e-9
0.5610774252673477	8.25748848203588e-9
0.5645828123936844	8.298730118282032e-9
0.5681057264556525	8.34052720232108e-9
0.5716462550879309	8.382890421980744e-9
0.5752044863633705	8.42583074366792e-9
0.5787805087951873	8.469359421884183e-9
0.5823744113391631	8.51348800917127e-9
0.5859862833958588	8.558228366512205e-9
0.5896162148128381	8.603592674218729e-9
0.5932642958869024	8.649593443336468e-9
0.5969306173663369	8.696243527603734e-9
0.6006152704531684	8.7435561360025e-9
0.6043183468054344	8.791544845944674e-9
0.6080399385394615	8.84022361714161e-9
0.6117801382321587	8.889606806209611e-9
0.6155390389233192	8.939709182070017e-9
0.6193167341179359	8.990545942211068e-9
0.6231133177885255	9.042132729884543e-9
0.6269288843774683	9.094485652321355e-9
0.6307635287993556	9.147621300060414e-9
0.6346173464433522	9.201556767497448e-9
0.6384904331755688	9.256309674776297e-9
0.6423828853414466	9.311898191160298e-9
0.6462947997681537	9.368341060044946e-9
0.6502262737669944	9.425657625792049e-9
0.6541774051358293	9.483867862598799e-9
0.6581482921615082	9.542992405642694e-9
0.6621390336223156	9.60305258478677e-9
0.6661497287904271	9.664070461171231e-9
0.6701804774343789	9.726068867075304e-9
0.6742313798215507	9.789071449495573e-9
0.6783025367206585	9.853102717964907e-9
0.682394049404262	9.918188097225984e-9
0.6865060196512833	9.984353985484705e-9
0.6906385497495399	1.0051627819096874e-8
0.6947917424982876	1.0120038144698064e-8
0.6989657012107791	1.0189614699973572e-8
0.7031605297168331	1.0260388504488471e-8
0.7073763323654171	1.0332391962266643e-8
0.7116132140272443	1.0405658978131925e-8
0.7158712800973803	1.0480225090211274e-8
0.7201506364978669	1.0556127621472138e-8
0.724451389680356	1.063340585372941e-8
0.7287736466287575	1.0712101228242361e-8
0.7331175148619014	1.079225757785003e-8
0.737483102436211	1.087392139659292e-8
0.7418705179483918	1.0957142153984251e-8
0.7462798705381338	1.1041972662565829e-8
0.7507112698908246	1.1128469509173484e-8
0.7551648262402787	1.1216693562509713e-8
0.7596406503714802	1.1306710572269333e-8
0.7641388536233378	1.1398591878287747e-8
0.7686595478914543	1.1492415252111664e-8
0.7732028456309116	1.1588265898192931e-8
0.777768859859066	1.1686237647765759e-8
0.7823577041583611	1.1786434385640479e-8
0.7869694926791531	1.1888971758921563e-8
0.7916043401425489	1.1993979227409814e-8
0.7962623618432616	1.2101602528640181e-8
0.8009436736524779	1.2212006646691028e-8
0.8056483920207402	1.2325379393794616e-8
0.8103766339808439	1.2441935738240708e-8
0.8151285171507483	1.2561923042181087e-8
0.8199041597365018	1.2685627410044705e-8
0.8247036805351844	1.2813381394037816e-8
0.8295271989378604	1.2945573359690291e-8
0.8343748349325497	1.308265888420848e-8
0.8392467091072124	1.322517464671148e-8
0.8441429426527486	1.3373755376285654e-8
0.8490636573660123	1.3529154556181374e-8
0.8540089756528424	1.3692269746670704e-8
0.8589790205311068	1.386417359290038e-8
0.8639739156337622	1.4046151837312148e-8
0.868973915633762	1.4238960313870368e-8
0.8739739156337618	1.4444081082404531e-8
0.8789739156337616	1.4663497913144234e-8
0.8839739156337615	1.4899579291287099e-8
0.8889739156337613	1.5155155397653582e-8
0.893973915633761	1.5433610604874115e-8
0.8989739156337608	1.5738994623336252e-8
0.9039739156337606	1.6076156064382416e-8
0.9089739156337604	1.64509029496292e-8
0.9139739156337602	1.6870195610446303e-8
0.91897391563376	1.734237852160864e-8
0.9239739156337599	1.787745893516764e-8
0.9289739156337596	1.8487441769420017e-8
0.9339739156337594	1.9186732117207137e-8
0.9389739156337592	1.999261903214795e-8
0.943973915633759	2.092585700820983e-8
0.9489739156337588	2.2011364880172643e-8
0.9539739156337586	2.327906585148832e-8
0.9589739156337583	2.476489713552591e-8
0.9639739156337582	2.6512023436529603e-8
0.968973915633758	2.8572295390065942e-8
0.9739739156337578	3.100800235963246e-8
0.9789739156337576	3.389397892243586e-8
0.9839739156337574	3.732013630358652e-8
0.9889739156337571	4.139450432963681e-8
0.9939739156337569	4.624688664275159e-8
0.9989739156337567	5.203325251158127e-8
1.0039739156337566	5.8941013270216605e-8
1.0089739156337563	6.719536101971125e-8
1.0139739156337562	7.706688270078042e-8
1.0189739156337558	8.88807051397266e-8
1.0239739156337557	1.0302747755007551e-7
1.0289739156337556	1.1997655886697517e-7
1.0339739156337553	1.4029185013356006e-7
1.0389739156337552	1.6465079924321704e-7
1.0439739156337549	1.9386720938713973e-7
1.0489739156337547	2.289186067798989e-7
1.0539739156337544	2.7097907143276885e-7
1.0589739156337543	3.2145861138826033e-7
1.0639739156337542	3.8205037117378096e-7
1.0689739156337539	4.547872154325024e-7
1.0739739156337538	5.421095259299798e-7
1.0789739156337534	6.469464027674813e-7
1.0839739156337533	7.728128783221697e-7
1.088973915633753	9.239262462908448e-7
1.093973915633753	1.1053451909380435e-6
1.0989739156337526	1.3231360876109755e-6
1.1039739156337525	1.5845716508921435e-6
1.1089739156337524	1.8983680492122846e-6
1.113973915633752	2.2749677036683324e-6
1.118973915633752	2.7268762646747803e-6
1.1239739156337516	3.2690637339352644e-6
1.1289739156337515	3.919441391573957e-6
1.1339739156337512	4.69942811754121e-6
1.138973915633751	5.63462187675266e-6
1.143973915633751	6.755594575462439e-6
1.1489739156337506	8.098831187049931e-6
1.1539739156337505	9.707836966360952e-6
1.1589739156337502	1.163443967640548e-5
1.16397391563375	1.394031696037196e-5
1.1689739156337497	1.6698782184217066e-5
1.1739739156337496	1.999686507707526e-5
1.1789739156337493	2.393772607323675e-5
1.1839739156337492	2.8643445106939147e-5
1.187980436725312	3.3062490723102794e-5
1.1919869578168745	3.815071235152629e-5
1.1959934789084372	4.400602939245752e-5
1.2	5.073984087380883e-5
