0.0006999999999999628	9.042206105498955e-9
0.001403500000000035	9.047744255786097e-9
0.0021105174999999296	9.05331607695243e-9
0.0028210700874998964	9.058921679426672e-9
0.003535175437937438	9.064561297538434e-9
0.004252851315127062	9.070235169557709e-9
0.004974115571702636	9.075943535889686e-9
0.005698986149561044	9.08168663905162e-9
0.006427481080308875	9.08746472368319e-9
0.007159618485710418	9.093278036560268e-9
0.007895416578138905	9.099126826611573e-9
0.008634893661029494	9.105011344936707e-9
0.00937806812933463	9.110931844825211e-9
0.010124958469981361	9.116888581776987e-9
0.010875583262331262	9.122881813523412e-9
0.01162996117864295	9.128911800048822e-9
0.012388110984536127	9.134978803613195e-9
0.013150051539458866	9.141083088774794e-9
0.013915801797156208	9.147224922413704e-9
0.014685380806142003	9.153404573755691e-9
0.015458807710172712	9.159622314396575e-9
0.01623610174872358	9.165878418326974e-9
0.017017282257467212	9.172173161957479e-9
0.017802368668754516	9.17850682414427e-9
0.01859138051209827	9.184879686215221e-9
0.019384337414658823	9.191292031996193e-9
0.020181259101732015	9.197744147838052e-9
0.020982165397240727	9.204236322643446e-9
0.02178707622422691	9.210768847894928e-9
0.02259601160534814	9.217342017682773e-9
0.02340899166337483	9.223956128733313e-9
0.024226036621691812	9.230611480437783e-9
0.02504716680480027	9.23730837488175e-9
0.025872402638824326	9.244047116874382e-9
0.02670176465201842	9.250828013978847e-9
0.02753527347527842	9.257651376542709e-9
0.028372949842654864	9.264517517728478e-9
0.0292148145918682	9.271426753545599e-9
0.03006088866482743	9.278379402881516e-9
0.03091119310815165	9.285375787534308e-9
0.0317657490736924	9.292416232245201e-9
0.03262457781906081	9.29950106473169e-9
0.03348770070815601	9.306630615721067e-9
0.034355139211696875	9.313805218984272e-9
0.035226914907755424	9.321025211370818e-9
0.03610304948229413	9.328290932843254e-9
0.03698356472970569	9.335602726513012e-9
0.03786848255335419	9.342960938676034e-9
0.038757824966120964	9.350365918849402e-9
0.03965161409095162	9.357818019808324e-9
0.04054987216140643	9.365317597623474e-9
0.04145262152221345	9.372865011698872e-9
0.04235988462982453	9.380460624810804e-9
0.04327168405297366	9.388104803146459e-9
0.0441880424732386	9.395797916343738e-9
0.04510898268560485	9.403540337531338e-9
0.046034527599032954	9.411332443369628e-9
0.04696470023702812	9.419174614091686e-9
0.04789952373821329	9.427067233545422e-9
0.048839021356904266	9.43501068923595e-9
0.04978321646368884	9.443005372368778e-9
0.05073213254600732	9.451051677893176e-9
0.05168579320873729	9.45915000454705e-9
0.052644222174780875	9.467300754901266e-9
0.05360744328565471	9.475504335405731e-9
0.054575480502083065	9.483761156435374e-9
0.055548357904593434	9.492071632337175e-9
0.056526099694116344	9.5004361814777e-9
0.0575087301925869	9.508855226291325e-9
0.05849627384354973	9.517329193329325e-9
0.05948875521276744	9.525858513309548e-9
0.06048619898883127	9.53444362116668e-9
0.061488629983775384	9.543084956103499e-9
0.06249607313369419	9.551782961642692e-9
0.06350855349936275	9.560538085679628e-9
0.06452609626685958	9.569350780535691e-9
0.06554872674819387	9.57822150301236e-9
0.06657647038193484	9.58715071444643e-9
0.06760935273384447	9.596138880765733e-9
0.06864739949751365	9.6051864725456e-9
0.0696906364950013	9.614293965066777e-9
0.07073908967747639	9.62346183837325e-9
0.07179278512586384	9.632690577331861e-9
0.07285174905149322	9.641980671692159e-9
0.0739160077967507	9.651332616147408e-9
0.07498558783573436	9.660746910396681e-9
0.07606051577491299	9.670224059207453e-9
0.07714081835378758	9.679764572479619e-9
0.07822652244555647	9.689368965309982e-9
0.07931765505778425	9.699037758058315e-9
0.0804142433330731	9.708771476413814e-9
0.08151631454973848	9.718570651462909e-9
0.08262389612248718	9.728435819758284e-9
0.0837370156030995	9.738367523388402e-9
0.0848557006811149	9.748366310048598e-9
0.0859799791845205	9.758432733113058e-9
0.08710987908044313	9.768567351707908e-9
0.08824542847584534	9.778770730785504e-9
0.08938665561822454	9.789043441199844e-9
0.09053358889631567	9.799386059783024e-9
0.09168625684079722	9.809799169423233e-9
0.09284468812500112	9.820283359143497e-9
0.09400891156562617	9.830839224182062e-9
0.0951789561234543	9.841467366073864e-9
0.09635485090407148	9.852168392733219e-9
0.09753662515859184	9.862942918537909e-9
0.0987243082843847	9.873791564414703e-9
0.09991792982580656	9.884714957926043e-9
0.10111751947493569	9.895713733358099e-9
0.10232310707231031	9.90678853181045e-9
0.1035347226076718	9.917940001287107e-9
0.10475239622071016	9.929168796788824e-9
0.10597615820181366	9.940475580407093e-9
0.10720603899282274	9.951861021419553e-9
0.10844206918778684	9.96332579638704e-9
0.10968427953372567	9.974870589252173e-9
0.1109327009313943	9.986496091439331e-9
0.11218736443605135	9.9982030019568e-9
0.11344830125823162	1.0009992027499882e-8
0.11471554276452282	1.0021863882556233e-8
0.11598912047834534	1.0033819289512732e-8
0.11726906608073695	1.0045858978764173e-8
0.11855541141114062	1.0057983688823481e-8
0.11984818846819621	1.0070194166434411e-8
0.12114742941053713	1.0082491166685314e-8
0.12245316655758978	1.0094875453125245e-8
0.1237654323903777	1.0107347797882137e-8
0.12508425955232963	1.0119908981782516e-8
0.12640968085009122	1.0132559794473677e-8
0.1277417292543416	1.0145301034547489e-8
0.1290804379006133	1.0158133509666772e-8
0.13042584009011637	1.017105803669334e-8
0.1317779692905669	1.018407544181856e-8
0.13313685913701961	1.0197186560696101e-8
0.13450254343270476	1.0210392238576391e-8
0.13587505614986833	1.0223693330444636e-8
0.13725443143061763	1.0237090701159621e-8
0.13864070358777073	1.0250585225596279e-8
0.14003390710570945	1.0264177788789822e-8
0.14143407664123803	1.0277869286082922e-8
0.1428412470244442	1.0291660623274946e-8
0.1442554532595664	1.0305552716774268e-8
0.14567673052586416	1.0319546493753084e-8
0.1471051141784935	1.0333642892304777e-8
0.14854063974938603	1.0347842861604259e-8
0.149983342948133	1.036214736207078e-8
0.15143325966287374	1.0376557365534463e-8
0.15289042596118813	1.0391073855404618e-8
0.15435487809099402	1.0405697826841909e-8
0.15582665248144906	1.042043028693343e-8
0.1573057857438562	1.0435272254870615e-8
0.15879231467257537	1.0450224762130639e-8
0.16028627624593816	1.0465288852661081e-8
0.16178770762716785	1.0480465583067489e-8
0.16329664616530362	1.0495756022805103e-8
0.16481312939613008	1.0511161254373443e-8
0.1663371950431107	1.0526682373514526e-8
0.16786888101832628	1.0542320489414823e-8
0.1694082254234178	1.0558076724911203e-8
0.1709552665505349	1.057395221670005e-8
0.17251004288328747	1.0589948115550697e-8
0.17407259309770393	1.060606558652253e-8
0.17564295606319252	1.0622305809186397e-8
0.17722117084350858	1.0638669977849947e-8
0.17880727669772617	1.0655159301787175e-8
0.18040131308121476	1.0671775005472341e-8
0.18200331964662084	1.0688518328818346e-8
0.18361333624485401	1.0705390527419156e-8
0.18523140292607826	1.0722392872797743e-8
0.18685755994070874	1.0739526652657582e-8
0.1884918477404122	1.0756793171139814e-8
0.19013430697911424	1.0774193749085036e-8
0.1917849785140098	1.0791729724299688e-8
0.19344390340657974	1.0809402451828347e-8
0.19511112292361268	1.0827213304230612e-8
0.1967866785382308	1.0845163671863809e-8
0.19847061193092203	1.0863254963170593e-8
0.20016296499057665	1.0881488604972957e-8
0.20186377981552947	1.089986604277099e-8
0.2035730987146071	1.0918388741048617e-8
0.20529096420818022	1.0937058183584196e-8
0.20701741902922113	1.0955875873768277e-8
0.20875250612436722	1.097484333492693e-8
0.210496268654989	1.0993962110651539e-8
0.21224874999826396	1.1013233765135705e-8
0.21400999374825516	1.1032659883518386e-8
0.21578004371699644	1.1052242072234043e-8
0.21755894393558148	1.1071981959369655e-8
0.2193467386552594	1.1091881195029522e-8
0.22114347234853576	1.1111941451706633e-8
0.22294918971027836	1.1132164424662474e-8
0.2247639356588297	1.1152551832313589e-8
0.2265877553371239	1.1173105416626889e-8
0.2284206941138094	1.1193826943522848e-8
0.23026279758437848	1.1214718203286702e-8
0.23211411157230027	1.1235781010988296e-8
0.23397468213016168	1.1257017206911079e-8
0.23584455554081238	1.1278428656989402e-8
0.23772377831851643	1.130001725325522e-8
0.23961239721010893	1.1321784914294164e-8
0.24151045919615952	1.1343733585711366e-8
0.24341801149214037	1.1365865240606912e-8
0.24533510154960114	1.138818188006122e-8
0.24726177705734917	1.141068553363119e-8
0.24919808594263576	1.1433378259856689e-8
0.251144076372349	1.145626214677772e-8
0.2530997967542107	1.1479339312463015e-8
0.2550652957379817	1.1502611905550259e-8
0.2570406222166717	1.1526082105796986e-8
0.2590258253277551	1.1549752124644842e-8
0.26102095445439405	1.1573624205794912e-8
0.2630260592266659	1.1597700625796823e-8
0.2650411895227993	1.1621983694649802e-8
0.2670663954704134	1.1646475756417275e-8
0.26910172744776534	1.1671179189855687e-8
0.27114723608500396	1.1696096409056531e-8
0.27320297226542917	1.172122986410319e-8
0.27526898712675635	1.1746582041741999e-8
0.27734533206239	1.1772155466069302e-8
0.2794320587227019	1.1797952699233093e-8
0.2815292190163153	1.1823976342150951e-8
0.2836368651113967	1.1850229035244626e-8
0.28575504943695385	1.187671345919089e-8
0.28788382468413853	1.1903432335689895e-8
0.29002324380755934	1.1930388428251267e-8
0.29217336002659705	1.1957584542998266e-8
0.29433422682673016	1.1985023529490822e-8
0.29650589796086374	1.2012708281567459e-8
0.29868842745066804	1.2040641738207198e-8
0.30088186958792124	1.2068826884411732e-8
0.3030862789358609	1.209726675210813e-8
0.30530171033054027	1.21259644210734e-8
0.307528218882193	1.2154923019880706e-8
0.30976585997660405	1.2184145726868276e-8
0.312014689276487	1.221363577113189e-8
0.31427476272286925	1.2243396433540691e-8
0.3165461365364837	1.2273431047778242e-8
0.3188288672191662	1.230374300140856e-8
0.32112301155526213	1.2334335736967985e-8
0.32342862661303834	1.2365212753084533e-8
0.3257457697461036	1.2396377605624041e-8
0.32807449859483384	1.2427833908865057e-8
0.3304148710878078	1.2459585336703083e-8
0.33276694544324686	1.2491635623884618e-8
0.33513078017046305	1.2523988567272058e-8
0.33750643407131514	1.2556648027140835e-8
0.3398939662416715	1.2589617928509089e-8
0.3422934360728799	1.2622902262501392e-8
0.34470490325324404	1.2656505087746732e-8
0.3471284277695101	1.269043053181311e-8
0.34956406990835764	1.2724682792678813e-8
0.3520118902578995	1.2759266140241338e-8
0.354471949709189	1.2794184917866313e-8
0.3569443094577349	1.2829443543976349e-8
0.3594290310050235	1.2865046513682005e-8
0.3619261761600484	1.2900998400455353e-8
0.3644358070408486	1.2937303857848262e-8
0.36695798607605284	1.297396762125645e-8
0.36949277600643327	1.3010994509730502e-8
0.37204023988646523	1.304838942783592e-8
0.3746004410858973	1.3086157367563261e-8
0.3771734432913268	1.312430341029008e-8
0.3797593105077832	1.3162832728796827e-8
0.3823581070603219	1.3201750589337693e-8
0.38496989759562367	1.324106235376866e-8
0.3875947470836016	1.3280773481734913e-8
0.3902327208190196	1.332088953291838e-8
0.3928838844231145	1.33614161693493e-8
0.39554830384522993	1.3402359157781775e-8
0.3982260453644561	1.3443724372137901e-8
0.4009171755912785	1.3485517796019585e-8
0.40362176146923495	1.3527745525294345e-8
0.40633987027658097	1.3570413770753861e-8
0.4090715696279639	1.3613528860849972e-8
0.4118169274761037	1.3657097244510679e-8
0.4145760121134843	1.370112549403753e-8
0.4173488921740515	1.3745620308089088e-8
0.4201356366349219	1.3790588514751966e-8
0.42293631481809635	1.3836037074703496e-8
0.4257509963921868	1.3881973084468939e-8
0.42857975137414767	1.3928403779776525e-8
0.43142265013101855	1.3975336539014079e-8
0.43427976338167373	1.4022778886790586e-8
0.43715116219858224	1.407073849760724e-8
0.44003691800957523	1.4119223199640925e-8
0.44293710259962304	1.4168240978645115e-8
0.4458517881126211	1.421779998197262e-8
0.44878104705318417	1.4267908522723817e-8
0.45172495228844983	1.4318575084025909e-8
0.45468357704989204	1.4369808323448652e-8
0.4576569949351413	1.4421617077560076e-8
0.46064527990981685	1.4474010366629246e-8
0.4636485063093658	1.4526997399481094e-8
0.4666667488409128	1.4580587578509008e-8
0.4697000825851173	1.463479050485205e-8
0.4727485829980427	1.4689615983742759e-8
0.47581232591303285	1.4745074030032332e-8
0.478891387542598	1.48011748739009e-8
0.48198584448031084	1.4857928966759989e-8
0.4850957737027124	1.491534698735459e-8
0.48822125257122595	1.4973439848074125e-8
0.49136235883408197	1.5032218701479863e-8
0.4945191706282523	1.5091694947058795e-8
0.4976917664813935	1.5151880238212608e-8
0.5008802253138004	1.521278648949251e-8
0.5040846264403696	1.5274425884090213e-8
0.5073050495725715	1.5336810881596066e-8
0.5105415748204343	1.5399954226035855e-8
0.5137942826945365	1.5463868954199188e-8
0.517063254108009	1.552856840427194e-8
0.5203485703785492	1.559406622478627e-8
0.5236503132304419	1.5660376383903297e-8
0.5269685647965939	1.572751317904308e-8
0.5303034076205766	1.5795491246878557e-8
0.5336549246586795	1.5864325573709828e-8
0.5370231992819728	1.5934031506237598e-8
0.5404083152783826	1.6004624762754323e-8
0.5438103568547747	1.6076121444774105e-8
0.5472294086390483	1.6148538049121515e-8
0.5506655556822436	1.6221891480504066e-8
0.5541188834606549	1.629619906459138e-8
0.5575894778779582	1.6371478561627652e-8
0.5610774252673477	1.644774818060464e-8
0.5645828123936844	1.652502659402562e-8
0.5681057264556525	1.660333295329109e-8
0.5716462550879309	1.6682686904740323e-8
0.5752044863633705	1.676310860638615e-8
0.5787805087951873	1.684461874538032e-8
0.5823744113391631	1.692723855625277e-8
0.5859862833958588	1.701098983997018e-8
0.5896162148128381	1.70958949838625e-8
0.5932642958869024	1.718197698247042e-8
0.5969306173663369	1.7269259459371524e-8
0.6006152704531684	1.735776669004885e-8
0.6043183468054344	1.7447523625868554e-8
0.6080399385394615	1.7538555919242393e-8
0.6117801382321587	1.7630889950057394e-8
0.6155390389233192	1.7724552853461518e-8
0.6193167341179359	1.781957254910537e-8
0.6231133177885255	1.7915977771950146e-8
0.6269288843774683	1.801379810476225e-8
0.6307635287993556	1.81130640124305e-8
0.6346173464433522	1.8213806878257597e-8
0.6384904331755688	1.831605904239355e-8
0.6423828853414466	1.841985384260196e-8
0.6462947997681537	1.8525225657572e-8
0.6502262737669944	1.863220995301988e-8
0.6541774051358293	1.8740843330851667e-8
0.6581482921615082	1.885116358170178e-8
0.6621390336223156	1.896320974120242e-8
0.6661497287904271	1.907702215039343e-8
0.6701804774343789	1.919264252074242e-8
0.6742313798215507	1.931011400431541e-8
0.6783025367206585	1.9429481269725627e-8
0.682394049404262	1.955079058458681e-8
0.6865060196512833	1.9674089905316388e-8
0.6906385497495399	1.9799428975276123e-8
0.6947917424982876	1.9926859432402096e-8
0.6989657012107791	2.005643492768273e-8
0.7031605297168331	2.0188211256073144e-8
0.7073763323654171	2.0322246501727887e-8
0.7116132140272443	2.045860119976882e-8
0.7158712800973803	2.0597338517219362e-8
0.7201506364978669	2.0738524456226456e-8
0.724451389680356	2.088222808327909e-8
0.7287736466287575	2.1028521788854045e-8
0.7331175148619014	2.1177481582766436e-8
0.737483102436211	2.132918743155252e-8
0.7418705179483918	2.148372364545335e-8
0.7462798705381338	2.1641179324098793e-8
0.7507112698908246	2.180164887182032e-8
0.7551648262402787	2.1965232595761976e-8
0.7596406503714802	2.21320374026667e-8
0.7641388536233378	2.230217761351285e-8
0.7686595478914543	2.247577591919933e-8
0.7732028456309116	2.265296450536259e-8
0.777768859859066	2.2833886380390742e-8
0.7823577041583611	2.3018696947991666e-8
0.7869694926791531	2.3207565874594114e-8
0.7916043401425489	2.3400679312781592e-8
0.7962623618432616	2.3598242555335405e-8
0.8009436736524779	2.3800483210875767e-8
0.8056483920207402	2.4007655012234995e-8
0.8103766339808439	2.4220042393453012e-8
0.8151285171507483	2.4437966001747147e-8
0.8199041597365018	2.4661789348306557e-8
0.8247036805351844	2.4891926847990798e-8
0.8295271989378604	2.512885355503891e-8
0.8343748349325497	2.5373116972330788e-8
0.8392467091072124	2.5625351398801037e-8
0.8441429426527486	2.5886295387335417e-8
0.8490636573660123	2.6156813018898924e-8
0.8540089756528424	2.643791986405153e-8
0.8589790205311068	2.6730814708259387e-8
0.8639739156337622	2.703691837234685e-8
0.868973915633762	2.735662185329389e-8
0.8739739156337618	2.769139220419569e-8
0.8789739156337616	2.804333159742631e-8
0.8839739156337615	2.8414935554399898e-8
0.8889739156337613	2.880917081395294e-8
0.893973915633761	2.9229568828953944e-8
0.8989739156337608	2.9680338041771936e-8
0.9039739156337606	3.016649872505124e-8
0.9089739156337604	3.069404493863655e-8
0.9139739156337602	3.127013907220021e-8
0.91897391563376	3.190334554722638e-8
0.9239739156337599	3.2603911578869384e-8
0.9289739156337596	3.3384104492700745e-8
0.9339739156337594	3.4258617007330835e-8
0.9389739156337592	3.524505419604394e-8
0.943973915633759	3.636451860650341e-8
0.9489739156337588	3.764231334044434e-8
0.9539739156337586	3.9108786886814896e-8
0.9589739156337583	4.080034829611696e-8
0.9639739156337582	4.2760687041480425e-8
0.968973915633758	4.5042238825979616e-8
0.9739739156337578	4.7707946896814995e-8
0.9789739156337576	5.083337839187287e-8
0.9839739156337574	5.45092672041173e-8
0.9889739156337571	5.884456920075717e-8
0.9939739156337569	6.397013285151141e-8
0.9989739156337567	7.004310897066784e-8
1.0039739156337566	7.725224803867829e-8
1.0089739156337563	8.582426324988792e-8
1.0139739156337562	9.603147299911166e-8
1.0189739156337558	1.0820097912209793e-7
1.0239739156337557	1.2272568821413754e-7
1.0289739156337556	1.40077544398072e-7
1.0339739156337553	1.6082341493538997e-7
1.0389739156337552	1.8564415737188548e-7
1.0439739156337549	2.153575012065715e-7
1.0489739156337547	2.5094550159286493e-7
1.0539739156337544	2.9358747112804e-7
1.0589739156337543	3.4469947284226553e-7
1.0639739156337542	4.0598166832590366e-7
1.0689739156337539	4.794750656988713e-7
1.0739739156337538	5.676295100246904e-7
1.0789739156337534	6.733851121679873e-7
1.0839739156337533	8.002697306640152e-7
1.088973915633753	9.525156160331542e-7
1.093973915633753	1.1351989108400214e-6
1.0989739156337526	1.3544063860376946e-6
1.1039739156337525	1.6174346008551347e-6
1.1089739156337524	1.933027617455907e-6
1.113973915633752	2.3116605021037555e-6
1.118973915633752	2.765877122033995e-6
1.1239739156337516	3.3106922225442092e-6
1.1289739156337515	3.964069462324856e-6
1.1339739156337512	4.747489014911198e-6
1.138973915633751	5.686620524128389e-6
1.143973915633751	6.812119637616671e-6
1.1489739156337506	8.160569029209182e-6
1.1539739156337505	9.775587734802213e-6
1.1589739156337502	1.1709135719659111e-5
1.16397391563375	1.4023043787211622e-5
1.1689739156337497	1.679080210739259e-5
1.1739739156337496	2.0099643611219175e-5
1.1789739156337493	2.4052961031094568e-5
1.1839739156337492	2.8773098158683134e-5
1.187980436725312	3.3205312036877434e-5
1.1919869578168745	3.830832089083528e-5
1.1959934789084372	4.418022759283499e-5
1.2	5.093262869200993e-5
