0.0006999999999999628	6.520437727799053e-7
0.001403500000000035	6.523285500474784e-7
0.0021105174999999296	6.52615008874136e-7
0.0028210700874998964	6.529031605582786e-7
0.003535175437937438	6.531930166677031e-7
0.004252851315127062	6.534845888569529e-7
0.004974115571702636	6.53777888868971e-7
0.005698986149561044	6.540729285376022e-7
0.006427481080308875	6.543697197898595e-7
0.007159618485710418	6.546682746477075e-7
0.007895416578138905	6.549686052297722e-7
0.008634893661029494	6.552707237527869e-7
0.00937806812933463	6.555746425331153e-7
0.010124958469981361	6.558803739879912e-7
0.010875583262331262	6.561879306369456e-7
0.01162996117864295	6.564973251030277e-7
0.012388110984536127	6.56808570114057e-7
0.013150051539458866	6.571216785039626e-7
0.013915801797156208	6.574366632139398e-7
0.014685380806142003	6.577535372937187e-7
0.015458807710172712	6.580723139028063e-7
0.01623610174872358	6.583930063117503e-7
0.017017282257467212	6.587156279034083e-7
0.017802368668754516	6.590401921740967e-7
0.01859138051209827	6.593667127350112e-7
0.019384337414658823	6.596952033133843e-7
0.020181259101732015	6.600256777538423e-7
0.020982165397240727	6.60358150019676e-7
0.02178707622422691	6.606926341941734e-7
0.02259601160534814	6.610291444819046e-7
0.02340899166337483	6.613676952101512e-7
0.024226036621691812	6.617083008301495e-7
0.02504716680480027	6.620509759185329e-7
0.025872402638824326	6.62395735178736e-7
0.02670176465201842	6.627425934423351e-7
0.02753527347527842	6.630915656705233e-7
0.028372949842654864	6.634426669555281e-7
0.0292148145918682	6.637959125220546e-7
0.03006088866482743	6.641513177288029e-7
0.03091119310815165	6.645088980699019e-7
0.0317657490736924	6.64868669176478e-7
0.03262457781906081	6.652306468181276e-7
0.03348770070815601	6.655948469045566e-7
0.034355139211696875	6.659612854870166e-7
0.035226914907755424	6.663299787600335e-7
0.03610304948229413	6.667009430629553e-7
0.03698356472970569	6.670741948815902e-7
0.03786848255335419	6.674497508498569e-7
0.038757824966120964	6.678276277514781e-7
0.03965161409095162	6.682078425216501e-7
0.04054987216140643	6.685904122488197e-7
0.04145262152221345	6.68975354176399e-7
0.04235988462982453	6.693626857044961e-7
0.04327168405297366	6.697524243917796e-7
0.0441880424732386	6.701445879572557e-7
0.04510898268560485	6.705391942821367e-7
0.046034527599032954	6.709362614116839e-7
0.04696470023702812	6.713358075571003e-7
0.04789952373821329	6.717378510974984e-7
0.048839021356904266	6.721424105817892e-7
0.04978321646368884	6.725495047307054e-7
0.05073213254600732	6.729591524387317e-7
0.05168579320873729	6.733713727762514e-7
0.052644222174780875	6.737861849915044e-7
0.05360744328565471	6.74203608512709e-7
0.054575480502083065	6.746236629502087e-7
0.055548357904593434	6.75046368098578e-7
0.056526099694116344	6.754717439388376e-7
0.0575087301925869	6.758998106406212e-7
0.05849627384354973	6.763305885644427e-7
0.05948875521276744	6.767640982640108e-7
0.06048619898883127	6.772003604884506e-7
0.061488629983775384	6.776393961847424e-7
0.06249607313369419	6.780812264999707e-7
0.06350855349936275	6.785258727838944e-7
0.06452609626685958	6.789733565912587e-7
0.06554872674819387	6.794236996843291e-7
0.06657647038193484	6.798769240353958e-7
0.06760935273384447	6.803330518293609e-7
0.06864739949751365	6.807921054662712e-7
0.0696906364950013	6.812541075639891e-7
0.07073908967747639	6.817190809608769e-7
0.07179278512586384	6.821870487184758e-7
0.07285174905149322	6.82658034124231e-7
0.0739160077967507	6.831320606943593e-7
0.07498558783573436	6.836091521765911e-7
0.07606051577491299	6.840893325531482e-7
0.07714081835378758	6.845726260435391e-7
0.07822652244555647	6.850590571076617e-7
0.07931765505778425	6.855486504487002e-7
0.0804142433330731	6.860414310162277e-7
0.08151631454973848	6.865374240093016e-7
0.08262389612248718	6.870366548795636e-7
0.0837370156030995	6.87539149334577e-7
0.0848557006811149	6.880449333409104e-7
0.0859799791845205	6.885540331275053e-7
0.08710987908044313	6.890664751890433e-7
0.08824542847584534	6.895822862892984e-7
0.08938665561822454	6.901014934646258e-7
0.09053358889631567	6.906241240274686e-7
0.09168625684079722	6.911502055698818e-7
0.09284468812500112	6.916797659671825e-7
0.09400891156562617	6.922128333816439e-7
0.0951789561234543	6.927494362661563e-7
0.09635485090407148	6.932896033680776e-7
0.09753662515859184	6.938333637330727e-7
0.0987243082843847	6.943807467090627e-7
0.09991792982580656	6.949317819500805e-7
0.10111751947493569	6.954864994204827e-7
0.10232310707231031	6.960449293989029e-7
0.1035347226076718	6.966071024824984e-7
0.10475239622071016	6.971730495912044e-7
0.10597615820181366	6.977428019719854e-7
0.10720603899282274	6.983163912032297e-7
0.10844206918778684	6.9889384919925e-7
0.10968427953372567	6.994752082147327e-7
0.1109327009313943	7.000605008493665e-7
0.11218736443605135	7.00649760052522e-7
0.11344830125823162	7.012430191279927e-7
0.11471554276452282	7.01840311738816e-7
0.11598912047834534	7.024416719122083e-7
0.11726906608073695	7.030471340444897e-7
0.11855541141114062	7.036567329062633e-7
0.11984818846819621	7.042705036474325e-7
0.12114742941053713	7.048884818025956e-7
0.12245316655758978	7.055107032963022e-7
0.1237654323903777	7.061372044484347e-7
0.12508425955232963	7.067680219798123e-7
0.12640968085009122	7.074031930177553e-7
0.1277417292543416	7.080427551018258e-7
0.1290804379006133	7.086867461895369e-7
0.13042584009011637	7.093352046623826e-7
0.1317779692905669	7.099881693317685e-7
0.13313685913701961	7.106456794451271e-7
0.13450254343270476	7.113077746921295e-7
0.13587505614986833	7.119744952110528e-7
0.13725443143061763	7.126458815951494e-7
0.13864070358777073	7.133219748992587e-7
0.14003390710570945	7.140028166464077e-7
0.14143407664123803	7.14688448834624e-7
0.1428412470244442	7.153789139438207e-7
0.1442554532595664	7.160742549428471e-7
0.14567673052586416	7.167745152965963e-7
0.1471051141784935	7.17479738973301e-7
0.14854063974938603	7.181899704519026e-7
0.149983342948133	7.189052547296598e-7
0.15143325966287374	7.196256373297656e-7
0.15289042596118813	7.203511643091534e-7
0.15435487809099402	7.210818822664966e-7
0.15582665248144906	7.218178383502755e-7
0.1573057857438562	7.225590802669943e-7
0.15879231467257537	7.233056562896621e-7
0.16028627624593816	7.240576152662892e-7
0.16178770762716785	7.248150066285818e-7
0.16329664616530362	7.255778804008256e-7
0.16481312939613008	7.263462872090047e-7
0.1663371950431107	7.27120278289854e-7
0.16786888101832628	7.278999055003767e-7
0.1694082254234178	7.286852213273293e-7
0.1709552665505349	7.29476278896933e-7
0.17251004288328747	7.302731319848528e-7
0.17407259309770393	7.310758350262992e-7
0.17564295606319252	7.318844431262643e-7
0.17722117084350858	7.326990120700833e-7
0.17880727669772617	7.335195983340543e-7
0.18040131308121476	7.343462590964838e-7
0.18200331964662084	7.351790522486261e-7
0.18361333624485401	7.360180364061407e-7
0.18523140292607826	7.368632709205528e-7
0.18685755994070874	7.377148158911272e-7
0.1884918477404122	7.385727321767969e-7
0.19013430697911424	7.394370814083946e-7
0.1917849785140098	7.403079260011794e-7
0.19344390340657974	7.411853291676066e-7
0.19511112292361268	7.420693549301777e-7
0.1967866785382308	7.429600681348732e-7
0.19847061193092203	7.438575344644562e-7
0.20016296499057665	7.44761820452441e-7
0.20186377981552947	7.456729934970085e-7
0.2035730987146071	7.46591121875442e-7
0.20529096420818022	7.475162747587089e-7
0.20701741902922113	7.484485222264651e-7
0.20875250612436722	7.493879352821673e-7
0.210496268654989	7.503345858688354e-7
0.21224874999826396	7.512885468846593e-7
0.21400999374825516	7.522498921995207e-7
0.21578004371699644	7.532186966712472e-7
0.21755894393558148	7.541950361626634e-7
0.2193467386552594	7.551789875588658e-7
0.22114347234853576	7.561706287846824e-7
0.22294918971027836	7.571700388227831e-7
0.2247639356588297	7.581772977320115e-7
0.2265877553371239	7.591924866661427e-7
0.2284206941138094	7.602156878930047e-7
0.23026279758437848	7.612469848140957e-7
0.23211411157230027	7.622864619845834e-7
0.23397468213016168	7.633342051337056e-7
0.23584455554081238	7.643903011856511e-7
0.23772377831851643	7.654548382809185e-7
0.23961239721010893	7.665279057980665e-7
0.24151045919615952	7.676095943760627e-7
0.24341801149214037	7.686999959369677e-7
0.24533510154960114	7.697992037093114e-7
0.24726177705734917	7.70907312251876e-7
0.24919808594263576	7.720244174779952e-7
0.251144076372349	7.731506166804937e-7
0.2530997967542107	7.742860085570726e-7
0.2550652957379817	7.754306932364339e-7
0.2570406222166717	7.765847723048567e-7
0.2590258253277551	7.777483488334461e-7
0.26102095445439405	7.789215274059945e-7
0.2630260592266659	7.801044141475174e-7
0.2650411895227993	7.81297116753422e-7
0.2670663954704134	7.824997445194016e-7
0.26910172744776534	7.8371240837196e-7
0.27114723608500396	7.849352208997228e-7
0.27320297226542917	7.861682963854822e-7
0.27526898712675635	7.874117508390138e-7
0.27734533206239	7.886657020305734e-7
0.2794320587227019	7.899302695254201e-7
0.2815292190163153	7.912055747189473e-7
0.2836368651113967	7.924917408727918e-7
0.28575504943695385	7.937888931518483e-7
0.28788382468413853	7.950971586620849e-7
0.29002324380755934	7.964166664894141e-7
0.29217336002659705	7.977475477393753e-7
0.29433422682673016	7.990899355780493e-7
0.29650589796086374	8.004439652737408e-7
0.29868842745066804	8.018097742398883e-7
0.30088186958792124	8.031875020789599e-7
0.3030862789358609	8.045772906275144e-7
0.30530171033054027	8.059792840024629e-7
0.307528218882193	8.073936286484207e-7
0.30976585997660405	8.088204733863192e-7
0.312014689276487	8.102599694634423e-7
0.31427476272286925	8.117122706044395e-7
0.3165461365364837	8.131775330640113e-7
0.3188288672191662	8.146559156808287e-7
0.32112301155526213	8.16147579932911e-7
0.32342862661303834	8.176526899944784e-7
0.3257457697461036	8.191714127944601e-7
0.32807449859483384	8.207039180763054e-7
0.3304148710878078	8.222503784597979e-7
0.33276694544324686	8.238109695042068e-7
0.33513078017046305	8.25385869773527e-7
0.33750643407131514	8.269752609031361e-7
0.3398939662416715	8.285793276687238e-7
0.3422934360728799	8.301982580568751e-7
0.34470490325324404	8.318322433377835e-7
0.3471284277695101	8.334814781398621e-7
0.34956406990835764	8.351461605268662e-7
0.3520118902578995	8.368264920767465e-7
0.354471949709189	8.385226779631969e-7
0.3569443094577349	8.402349270393263e-7
0.3594290310050235	8.419634519239715e-7
0.3619261761600484	8.437084690903929e-7
0.3644358070408486	8.454701989577813e-7
0.36695798607605284	8.472488659854103e-7
0.36949277600643327	8.490446987695533e-7
0.37204023988646523	8.508579301435786e-7
0.3746004410858973	8.526887972808618e-7
0.3771734432913268	8.545375418010433e-7
0.3797593105077832	8.564044098794797e-7
0.3823581070603219	8.582896523601689e-7
0.38496989759562367	8.601935248721946e-7
0.3875947470836016	8.621162879499593e-7
0.3902327208190196	8.640582071570764e-7
0.3928838844231145	8.660195532144674e-7
0.39554830384522993	8.680006021323487e-7
0.3982260453644561	8.700016353468711e-7
0.4009171755912785	8.720229398609486e-7
0.40362176146923495	8.740648083899077e-7
0.40633987027658097	8.761275395119794e-7
0.4090715696279639	8.782114378238566e-7
0.4118169274761037	8.803168141015428e-7
0.4145760121134843	8.82443985466674e-7
0.4173488921740515	8.845932755586136e-7
0.4201356366349219	8.867650147125599e-7
0.42293631481809635	8.889595401438573e-7
0.4257509963921868	8.911771961387464e-7
0.42857975137414767	8.934183342520913e-7
0.43142265013101855	8.956833135121164e-7
0.43427976338167373	8.979725006325395e-7
0.43715116219858224	9.002862702325303e-7
0.44003691800957523	9.026250050647484e-7
0.44293710259962304	9.04989096251892e-7
0.4458517881126211	9.07378943532087e-7
0.44878104705318417	9.097949555136286e-7
0.45172495228844983	9.122375499394182e-7
0.45468357704989204	9.147071539616102e-7
0.4576569949351413	9.17204204426997e-7
0.46064527990981685	9.197291481734673e-7
0.4636485063093658	9.222824423384484e-7
0.4666667488409128	9.248645546794535e-7
0.4697000825851173	9.274759639077401e-7
0.4727485829980427	9.301171600355168e-7
0.47581232591303285	9.327886447375332e-7
0.478891387542598	9.354909317274931e-7
0.48198584448031084	9.382245471505885e-7
0.4850957737027124	9.409900299923874e-7
0.48822125257122595	9.437879325053908e-7
0.49136235883408197	9.466188206541457e-7
0.4945191706282523	9.494832745793754e-7
0.4976917664813935	9.523818890832458e-7
0.5008802253138004	9.553152741356743e-7
0.5040846264403696	9.582840554037299e-7
0.5073050495725715	9.612888748051593e-7
0.5105415748204343	9.64330391087276e-7
0.5137942826945365	9.674092804326994e-7
0.517063254108009	9.70526237093652e-7
0.5203485703785492	9.736819740563117e-7
0.5236503132304419	9.768772237369525e-7
0.5269685647965939	9.801127387119818e-7
0.5303034076205766	9.833892924834812e-7
0.5336549246586795	9.86707680282934e-7
0.5370231992819728	9.900687199149605e-7
0.5404083152783826	9.934732526437887e-7
0.5438103568547747	9.96922144125026e-7
0.5472294086390483	1.000416285385652e-6
0.5506655556822436	1.0039565938551056e-6
0.5541188834606549	1.007544014450802e-6
0.5575894778779582	1.011179520721757e-6
0.5610774252673477	1.0148641160536319e-6
0.5645828123936844	1.0185988349397118e-6
0.5681057264556525	1.0223847443218902e-6
0.5716462550879309	1.026222945006323e-6
0.5752044863633705	1.0301145731587868e-6
0.5787805087951873	1.0340608018852574e-6
0.5823744113391631	1.0380628429033134e-6
0.5859862833958588	1.0421219483107183e-6
0.5896162148128381	1.046239412457867e-6
0.5932642958869024	1.0504165739314112e-6
0.5969306173663369	1.0546548176567825e-6
0.6006152704531684	1.058955577127974e-6
0.6043183468054344	1.0633203367737342e-6
0.6080399385394615	1.0677506344697529e-6
0.6117801382321587	1.07224806420719e-6
0.6155390389233192	1.0768142789287787e-6
0.6193167341179359	1.081450993544134e-6
0.6231133177885255	1.086159988136366e-6
0.6269288843774683	1.0909431113727117e-6
0.6307635287993556	1.0958022841306487e-6
0.6346173464433522	1.1007395033497532e-6
0.6384904331755688	1.105756846111544e-6
0.6423828853414466	1.1108564739349133e-6
0.6462947997681537	1.1160406372242224e-6
0.6502262737669944	1.1213116796566825e-6
0.6541774051358293	1.1266720416942926e-6
0.6581482921615082	1.1321242591413312e-6
0.6621390336223156	1.1376709187790457e-6
0.6661497287904271	1.1433128113851956e-6
0.6701804774343789	1.149044874371744e-6
0.6742313798215507	1.1548768417830846e-6
0.6783025367206585	1.1608141137179701e-6
0.682394049404262	1.166859954661684e-6
0.6865060196512833	1.1730170438463864e-6
0.6906385497495399	1.1792808365695359e-6
0.6947917424982876	1.1856551779629283e-6
0.6989657012107791	1.1921510335684965e-6
0.7031605297168331	1.1987730730847936e-6
0.7073763323654171	1.205525615175261e-6
0.7116132140272443	1.2124129520284165e-6
0.7158712800973803	1.2194369554899959e-6
0.7201506364978669	1.2265945265258544e-6
0.724451389680356	1.2338978621450021e-6
0.7287736466287575	1.2413553947945585e-6
0.7331175148619014	1.2489726267211942e-6
0.737483102436211	1.2567535428432033e-6
0.7418705179483918	1.264705134015532e-6
0.7462798705381338	1.2728305813610308e-6
0.7507112698908246	1.281137513770688e-6
0.7551648262402787	1.28963740334721e-6
0.7596406503714802	1.298339835874035e-6
0.7641388536233378	1.3072536862665603e-6
0.7686595478914543	1.3163869764826936e-6
0.7732028456309116	1.3257439606959666e-6
0.777768859859066	1.3353353977655148e-6
0.7823577041583611	1.3451786357400588e-6
0.7869694926791531	1.3552877073143565e-6
0.7916043401425489	1.3656760544096248e-6
0.7962623618432616	1.3763578084372298e-6
0.8009436736524779	1.387348893423648e-6
0.8056483920207402	1.3986670201370127e-6
0.8103766339808439	1.4103312319770707e-6
0.8151285171507483	1.4223621414555815e-6
0.8199041597365018	1.4347822136822113e-6
0.8247036805351844	1.4476158299698191e-6
0.8295271989378604	1.4608894047495796e-6
0.8343748349325497	1.474631555060916e-6
0.8392467091072124	1.488873286396436e-6
0.8441429426527486	1.5036481983898224e-6
0.8490636573660123	1.5189926840055213e-6
0.8540089756528424	1.5349460966273607e-6
0.8589790205311068	1.5515511731083123e-6
0.8639739156337622	1.5688549977346544e-6
0.868973915633762	1.5868366009423212e-6
0.8739739156337618	1.6055238365564939e-6
0.8789739156337616	1.6249529391960472e-6
0.8839739156337615	1.6451625941294355e-6
0.8889739156337613	1.6662028826712051e-6
0.893973915633761	1.6881516623879982e-6
0.8989739156337608	1.7110716397778877e-6
0.9039739156337606	1.7349812896131901e-6
0.9089739156337604	1.7599719515049448e-6
0.9139739156337602	1.7861306179361316e-6
0.91897391563376	1.8135010821262087e-6
0.9239739156337599	1.8421319933833157e-6
0.9289739156337596	1.8720904568137354e-6
0.9339739156337594	1.9035293661966201e-6
0.9389739156337592	1.9363989519560443e-6
0.943973915633759	1.970835084368805e-6
0.9489739156337588	2.0067577519606334e-6
0.9539739156337586	2.0442742421881375e-6
0.9589739156337583	2.083500429684555e-6
0.9639739156337582	2.124601121859392e-6
0.968973915633758	2.167897130204975e-6
0.9739739156337578	2.213555187928557e-6
0.9789739156337576	2.2617521174907416e-6
0.9839739156337574	2.3126795906780314e-6
0.9889739156337571	2.3665461431097237e-6
0.9939739156337569	2.4235790978015797e-6
0.9989739156337567	2.484026659187411e-6
1.0039739156337566	2.548160259520503e-6
1.0089739156337563	2.6162772134280694e-6
1.0139739156337562	2.688703735532745e-6
1.0189739156337558	2.765798382225733e-6
1.0239739156337557	2.8479559881753575e-6
1.0289739156337556	2.935612180207106e-6
1.0339739156337553	3.0292485658344575e-6
1.0389739156337552	3.12939871126936e-6
1.0439739156337549	3.236655044692034e-6
1.0489739156337547	3.3516768455475392e-6
1.0539739156337544	3.4751995104147013e-6
1.0589739156337543	3.608045321505929e-6
1.0639739156337542	3.751135986201056e-6
1.0689739156337539	3.905507266538033e-6
1.0739739156337538	4.072326077858222e-6
1.0789739156337534	4.252910507747168e-6
1.0839739156337533	4.448753292289823e-6
1.088973915633753	4.661549389190531e-6
1.093973915633753	4.893228409739067e-6
1.0989739156337526	5.145992817810625e-6
1.1039739156337525	5.4223629787043665e-6
1.1089739156337524	5.725230349180115e-6
1.113973915633752	6.057920349178467e-6
1.118973915633752	6.424266753311746e-6
1.1239739156337516	6.828699795761054e-6
1.1289739156337515	7.27635060708555e-6
1.1339739156337512	7.773175109229632e-6
1.138973915633751	8.326101102075836e-6
1.143973915633751	8.943203000915869e-6
1.1489739156337506	9.633909552884943e-6
1.1539739156337505	1.0409250900358964e-5
1.1589739156337502	1.1282152605103763e-5
1.16397391563375	1.2267785740332441e-5
1.1689739156337497	1.338398394914372e-5
1.1739739156337496	1.4651740517545054e-5
1.1789739156337493	1.609580109031132e-5
1.1839739156337492	1.7745370752639286e-5
1.187980436725312	1.923852345473504e-5
1.1919869578168745	2.0906313454178388e-5
1.1959934789084372	2.2772334100619794e-5
1.2	2.4863634054865793e-5
