0.0006999999999999628	1.0120699463799955e-7
0.001403500000000035	1.0127970068041508e-7
0.0021105174999999296	1.0135285402393422e-7
0.0028210700874998964	1.0142645873569872e-7
0.003535175437937438	1.0150051813174223e-7
0.004252851315127062	1.0157503554626731e-7
0.004974115571702636	1.0165001434010717e-7
0.005698986149561044	1.0172545790182462e-7
0.006427481080308875	1.0180136964853795e-7
0.007159618485710418	1.018777530265849e-7
0.007895416578138905	1.0195461151211899e-7
0.008634893661029494	1.020319486116452e-7
0.00937806812933463	1.0210976786250989e-7
0.010124958469981361	1.0218807283338637e-7
0.010875583262331262	1.0226686712472189e-7
0.01162996117864295	1.0234615436918407e-7
0.012388110984536127	1.0242593823210412e-7
0.013150051539458866	1.025062224118987e-7
0.013915801797156208	1.0258701064050973e-7
0.014685380806142003	1.026683066838303e-7
0.015458807710172712	1.0275011434213193e-7
0.01623610174872358	1.0283243745049499e-7
0.017017282257467212	1.0291527987924361e-7
0.017802368668754516	1.029986455343799e-7
0.01859138051209827	1.0308253835801605e-7
0.019384337414658823	1.0316696232882259e-7
0.020181259101732015	1.0325192146247179e-7
0.020982165397240727	1.0333741981208114e-7
0.02178707622422691	1.0342346146867282e-7
0.02259601160534814	1.0351005056163257e-7
0.02340899166337483	1.0359719125916424e-7
0.024226036621691812	1.0368488776877239e-7
0.02504716680480027	1.0377314433772563e-7
0.025872402638824326	1.038619652535411e-7
0.02670176465201842	1.0395135484446967e-7
0.02753527347527842	1.0404131747998397e-7
0.028372949842654864	1.0413185757128398e-7
0.0292148145918682	1.0422297957179497e-7
0.03006088866482743	1.043146879776861e-7
0.03091119310815165	1.0440698732838012e-7
0.0317657490736924	1.0449988220708693e-7
0.03262457781906081	1.0459337724132566e-7
0.03348770070815601	1.0468747710347365e-7
0.034355139211696875	1.0478218651130937e-7
0.035226914907755424	1.0487751022856884e-7
0.03610304948229413	1.0497345306550448e-7
0.03698356472970569	1.0507001987945828e-7
0.03786848255335419	1.051672155754382e-7
0.038757824966120964	1.0526504510671132e-7
0.03965161409095162	1.0536351347539095e-7
0.04054987216140643	1.0546262573304189e-7
0.04145262152221345	1.0556238698129549e-7
0.04235988462982453	1.0566280237247443e-7
0.04327168405297366	1.0576387711021382e-7
0.0441880424732386	1.0586561645010763e-7
0.04510898268560485	1.0596802570035803e-7
0.046034527599032954	1.0607111022243076e-7
0.04696470023702812	1.0617487543172534e-7
0.04789952373821329	1.062793267982575e-7
0.048839021356904266	1.0638446984733858e-7
0.04978321646368884	1.0649031016028793e-7
0.05073213254600732	1.0659685337512938e-7
0.05168579320873729	1.0670410518731957e-7
0.052644222174780875	1.0681207135047507e-7
0.05360744328565471	1.0692075767712159e-7
0.054575480502083065	1.070301700394373e-7
0.055548357904593434	1.0714031437002656e-7
0.056526099694116344	1.0725119666269582e-7
0.0575087301925869	1.0736282297323668e-7
0.05849627384354973	1.0747519942023105e-7
0.05948875521276744	1.0758833218586932e-7
0.06048619898883127	1.0770222751677001e-7
0.061488629983775384	1.0781689172481912e-7
0.06249607313369419	1.0793233118802452e-7
0.06350855349936275	1.0804855235138554e-7
0.06452609626685958	1.0816556172775779e-7
0.06554872674819387	1.0828336589876672e-7
0.06657647038193484	1.0840197151569431e-7
0.06760935273384447	1.0852138530041301e-7
0.06864739949751365	1.0864161404632127e-7
0.0696906364950013	1.0876266461928633e-7
0.07073908967747639	1.0888454395862063e-7
0.07179278512586384	1.0900725907805511e-7
0.07285174905149322	1.0913081706673955e-7
0.0739160077967507	1.0925522509025737e-7
0.07498558783573436	1.0938049039164975e-7
0.07606051577491299	1.0950662029247341e-7
0.07714081835378758	1.0963362219384855e-7
0.07822652244555647	1.0976150357755436e-7
0.07931765505778425	1.0989027200711405e-7
0.0804142433330731	1.1001993512892292e-7
0.08151631454973848	1.1015050067337324e-7
0.08262389612248718	1.1028197645601477e-7
0.0837370156030995	1.104143703787216e-7
0.0848557006811149	1.1054769043088727e-7
0.0859799791845205	1.1068194469063293e-7
0.08710987908044313	1.1081714132604245e-7
0.08824542847584534	1.1095328859641288e-7
0.08938665561822454	1.1109039485352766e-7
0.09053358889631567	1.112284685429482e-7
0.09168625684079722	1.1136751820533535e-7
0.09284468812500112	1.1150755247778422e-7
0.09400891156562617	1.1164858009518491e-7
0.0951789561234543	1.1179060989160825e-7
0.09635485090407148	1.1193365080171472e-7
0.09753662515859184	1.1207771186218204e-7
0.0987243082843847	1.1222280221316207e-7
0.09991792982580656	1.1236893109976867e-7
0.10111751947493569	1.1251610787357272e-7
0.10232310707231031	1.1266434199414583e-7
0.1035347226076718	1.1281364303061369e-7
0.10475239622071016	1.1296402066324097e-7
0.10597615820181366	1.1311548468504733e-7
0.10720603899282274	1.132680450034531e-7
0.10844206918778684	1.1342171164194719e-7
0.10968427953372567	1.1357649474177815e-7
0.1109327009313943	1.1373240456370192e-7
0.11218736443605135	1.1388945148973026e-7
0.11344830125823162	1.1404764602492059e-7
0.11471554276452282	1.142069987992107e-7
0.11598912047834534	1.14367520569267e-7
0.11726906608073695	1.1452922222037317e-7
0.11855541141114062	1.1469211476835221e-7
0.11984818846819621	1.1485620936153743e-7
0.12114742941053713	1.1502151728274447e-7
0.12245316655758978	1.1518804995131604e-7
0.1237654323903777	1.1535581892518495e-7
0.12508425955232963	1.1552483590297008e-7
0.12640968085009122	1.1569511272612744e-7
0.1277417292543416	1.1586666138113019e-7
0.1290804379006133	1.1603949400167839e-7
0.13042584009011637	1.1621362287098008e-7
0.1317779692905669	1.1638906042403306e-7
0.13313685913701961	1.165658192499949e-7
0.13450254343270476	1.1674391209455037e-7
0.13587505614986833	1.1692335186236693e-7
0.13725443143061763	1.1710415161955692e-7
0.13864070358777073	1.172863245962155e-7
0.14003390710570945	1.1746988418898783e-7
0.14143407664123803	1.1765484396370521e-7
0.1428412470244442	1.1784121765803653e-7
0.1442554532595664	1.180290191842309e-7
0.14567673052586416	1.1821826263188267e-7
0.1471051141784935	1.1840896227076278e-7
0.14854063974938603	1.1860113255369805e-7
0.149983342948133	1.1879478811951703e-7
0.15143325966287374	1.1898994379603362e-7
0.15289042596118813	1.191866146031103e-7
0.15435487809099402	1.1938481575576358e-7
0.15582665248144906	1.1958456266733824e-7
0.1573057857438562	1.197858709527418e-7
0.15879231467257537	1.199887564317453e-7
0.16028627624593816	1.2019323513233982e-7
0.16178770762716785	1.20399323294174e-7
0.16329664616530362	1.2060703737204683e-7
0.16481312939613008	1.2081639403947419e-7
0.1663371950431107	1.2102741019232764e-7
0.16786888101832628	1.212401029525441e-7
0.1694082254234178	1.2145448967191198e-7
0.1709552665505349	1.2167058793593484e-7
0.17251004288328747	1.2188841556777284e-7
0.17407259309770393	1.2210799063224603e-7
0.17564295606319252	1.223293314399565e-7
0.17722117084350858	1.2255245655146258e-7
0.17880727669772617	1.2277738478154926e-7
0.18040131308121476	1.23004135203589e-7
0.18200331964662084	1.232327271539868e-7
0.18361333624485401	1.2346318023672571e-7
0.18523140292607826	1.236955143279957e-7
0.18685755994070874	1.239297495809273e-7
0.1884918477404122	1.241659064304197e-7
0.19013430697911424	1.2440400559807416e-7
0.1917849785140098	1.2464406809722874e-7
0.19344390340657974	1.248861152380991e-7
0.19511112292361268	1.2513016863302262e-7
0.1967866785382308	1.2537625020183978e-7
0.19847061193092203	1.2562438217734148e-7
0.20016296499057665	1.2587458711089413e-7
0.20186377981552947	1.261268878781272e-7
0.2035730987146071	1.2638130768478662e-7
0.20529096420818022	1.2663787007269475e-7
0.20701741902922113	1.268965989258403e-7
0.20875250612436722	1.2715751847661163e-7
0.210496268654989	1.2742065331215342e-7
0.21224874999826396	1.2768602838087394e-7
0.21400999374825516	1.279536689990817e-7
0.21578004371699644	1.282236008577932e-7
0.21755894393558148	1.2849585002966206e-7
0.2193467386552594	1.2877044297609255e-7
0.22114347234853576	1.2904740655448126e-7
0.22294918971027836	1.2932676802564893e-7
0.2247639356588297	1.2960855506142535e-7
0.2265877553371239	1.2989279575241175e-7
0.2284206941138094	1.3017951861590758e-7
0.23026279758437848	1.3046875260404188e-7
0.23211411157230027	1.307605271120597e-7
0.23397468213016168	1.3105487198682932e-7
0.23584455554081238	1.3135181753552472e-7
0.23772377831851643	1.316513945345144e-7
0.23961239721010893	1.3195363423847084e-7
0.24151045919615952	1.322585683896624e-7
0.24341801149214037	1.3256622922749215e-7
0.24533510154960114	1.3287664949824707e-7
0.24726177705734917	1.331898624650787e-7
0.24919808594263576	1.3350590191822468e-7
0.251144076372349	1.3382480218546244e-7
0.2530997967542107	1.3414659814283327e-7
0.2550652957379817	1.3447132522559667e-7
0.2570406222166717	1.347990194394735e-7
0.2590258253277551	1.3512971737214152e-7
0.26102095445439405	1.3546345620502426e-7
0.2630260592266659	1.3580027372536015e-7
0.2650411895227993	1.3614020833856512e-7
0.2670663954704134	1.3648329908090826e-7
0.26910172744776534	1.368295856324844e-7
0.27114723608500396	1.3717910833052497e-7
0.27320297226542917	1.3753190818302926e-7
0.27526898712675635	1.3788802688274056e-7
0.27734533206239	1.3824750682147104e-7
0.2794320587227019	1.3861039110478714e-7
0.2815292190163153	1.3897672356706957e-7
0.2836368651113967	1.3934654878694958e-7
0.28575504943695385	1.3971991210314268e-7
0.28788382468413853	1.4009685963069404e-7
0.29002324380755934	1.4047743827762804e-7
0.29217336002659705	1.4086169576203829e-7
0.29433422682673016	1.4124968062962278e-7
0.29650589796086374	1.4164144227165986e-7
0.29868842745066804	1.4203703094348e-7
0.30088186958792124	1.424364977833966e-7
0.3030862789358609	1.428398948321542e-7
0.30530171033054027	1.4324727505289626e-7
0.307528218882193	1.4365869235163704e-7
0.30976585997660405	1.4407420159831005e-7
0.312014689276487	1.4449385864837313e-7
0.31427476272286925	1.4491772036499573e-7
0.3165461365364837	1.4534584464183898e-7
0.3188288672191662	1.4577829042646472e-7
0.32112301155526213	1.4621511774440288e-7
0.32342862661303834	1.4665638772383406e-7
0.3257457697461036	1.4710216262099934e-7
0.32807449859483384	1.4755250584629397e-7
0.3304148710878078	1.4800748199108202e-7
0.33276694544324686	1.4846715685528076e-7
0.33513078017046305	1.4893159747570826e-7
0.33750643407131514	1.4940087215522346e-7
0.3398939662416715	1.4987505049271632e-7
0.3422934360728799	1.5035420341393613e-7
0.34470490325324404	1.5083840320321106e-7
0.3471284277695101	1.5132772353607073e-7
0.34956406990835764	1.5182223951282095e-7
0.3520118902578995	1.52322027693101e-7
0.354471949709189	1.5282716613143295e-7
0.3569443094577349	1.5333773441383122e-7
0.3594290310050235	1.5385381369547928e-7
0.3619261761600484	1.5437548673953636e-7
0.3644358070408486	1.549028379570752e-7
0.36695798607605284	1.554359534482613e-7
0.36949277600643327	1.5597492104471087e-7
0.37204023988646523	1.5651983035318542e-7
0.3746004410858973	1.5707077280057407e-7
0.3771734432913268	1.576278416802802e-7
0.3797593105077832	1.5819113219999485e-7
0.3823581070603219	1.5876074153099263e-7
0.38496989759562367	1.5933676885890962e-7
0.3875947470836016	1.599193154361352e-7
0.3902327208190196	1.6050848463583752e-7
0.3928838844231145	1.611043820076735e-7
0.39554830384522993	1.6170711533530056e-7
0.3982260453644561	1.6231679469567084e-7
0.4009171755912785	1.6293353252027352e-7
0.40362176146923495	1.6355744365829882e-7
0.40633987027658097	1.641886454418792e-7
0.4090715696279639	1.6482725775345074e-7
0.4118169274761037	1.654734030952803e-7
0.4145760121134843	1.6612720666132618e-7
0.4173488921740515	1.6678879641144445e-7
0.4201356366349219	1.6745830314807544e-7
0.42293631481809635	1.6813586059547677e-7
0.4257509963921868	1.688216054816231e-7
0.42857975137414767	1.6951567762290098e-7
0.43142265013101855	1.7021822001163974e-7
0.43427976338167373	1.7092937890665647e-7
0.43715116219858224	1.7164930392691095e-7
0.44003691800957523	1.7237814814839267e-7
0.44293710259962304	1.7311606820438906e-7
0.4458517881126211	1.7386322438923212e-7
0.44878104705318417	1.7461978076572782e-7
0.45172495228844983	1.7538590527634286e-7
0.45468357704989204	1.7616176985840335e-7
0.4576569949351413	1.7694755056336557e-7
0.46064527990981685	1.7774342768040348e-7
0.4636485063093658	1.7854958586447338e-7
0.4666667488409128	1.7936621426903683e-7
0.4697000825851173	1.801935066836572e-7
0.4727485829980427	1.810316616766671e-7
0.47581232591303285	1.8188088274312525e-7
0.478891387542598	1.827413784583064e-7
0.48198584448031084	1.8361336263694697e-7
0.4850957737027124	1.8449705449852463e-7
0.48822125257122595	1.85392678838815e-7
0.49136235883408197	1.863004662080059e-7
0.4945191706282523	1.8722065309570556e-7
0.4976917664813935	1.8815348212308459e-7
0.5008802253138004	1.890992022425353e-7
0.5040846264403696	1.900580689451875e-7
0.5073050495725715	1.910303444765909e-7
0.5105415748204343	1.9201629806100364e-7
0.5137942826945365	1.9301620613465975e-7
0.517063254108009	1.9403035258844075e-7
0.5203485703785492	1.9505902902039195e-7
0.5236503132304419	1.9610253499856372e-7
0.5269685647965939	1.9716117833465312e-7
0.5303034076205766	1.9823527536899626e-7
0.5336549246586795	1.993251512674302e-7
0.5370231992819728	2.004311403306321e-7
0.5404083152783826	2.015535863165332e-7
0.5438103568547747	2.026928427764386e-7
0.5472294086390483	2.0384927340561102e-7
0.5506655556822436	2.0502325240894273e-7
0.5541188834606549	2.062151648825595e-7
0.5575894778779582	2.0742540721214042e-7
0.5610774252673477	2.086543874887813e-7
0.5645828123936844	2.0990252594339774e-7
0.5681057264556525	2.1117025540052093e-7
0.5716462550879309	2.1245802175260135e-7
0.5752044863633705	2.1376628445583788e-7
0.5787805087951873	2.1509551704873375e-7
0.5823744113391631	2.1644620769454178e-7
0.5859862833958588	2.1781885974894192e-7
0.5896162148128381	2.192139923543144e-7
0.5932642958869024	2.206321410620355e-7
0.5969306173663369	2.2207385848440697e-7
0.6006152704531684	2.2353971497779593e-7
0.6043183468054344	2.250302993588385e-7
0.6080399385394615	2.2654621965547615e-7
0.6117801382321587	2.280881038949015e-7
0.6155390389233192	2.296566009304781e-7
0.6193167341179359	2.3125238130993776e-7
0.6231133177885255	2.328761381872481e-7
0.6269288843774683	2.3452858828074447e-7
0.6307635287993556	2.36210472880253e-7
0.6346173464433522	2.3792255890617423e-7
0.6384904331755688	2.39665640023673e-7
0.6423828853414466	2.414405378152895e-7
0.6462947997681537	2.432481030156449e-7
0.6502262737669944	2.4508921681201745e-7
0.6541774051358293	2.469647922150071e-7
0.6581482921615082	2.488757755035974e-7
0.6621390336223156	2.5082314774949885e-7
0.6661497287904271	2.5280792642575316e-7
0.6701804774343789	2.5483116710514946e-7
0.6742313798215507	2.5689396525431937e-7
0.6783025367206585	2.5899745812983413e-7
0.682394049404262	2.611428267830873e-7
0.6865060196512833	2.633312981813872e-7
0.6906385497495399	2.655641474530912e-7
0.6947917424982876	2.678427002653459e-7
0.6989657012107791	2.7016833534364655e-7
0.7031605297168331	2.725424871431816e-7
0.7073763323654171	2.7496664868271665e-7
0.7116132140272443	2.7744237455264555e-7
0.7158712800973803	2.799712841098759e-7
0.7201506364978669	2.825550648732499e-7
0.724451389680356	2.851954761342457e-7
0.7287736466287575	2.8789435279927535e-7
0.7331175148619014	2.906536094809643e-7
0.737483102436211	2.934752448576682e-7
0.7418705179483918	2.963613463219948e-7
0.7462798705381338	2.9931409494110874e-7
0.7507112698908246	3.023357707536718e-7
0.7551648262402787	3.0542875843070196e-7
0.7596406503714802	3.08595553330099e-7
0.7641388536233378	3.118387679776704e-7
0.7686595478914543	3.1516113901060927e-7
0.7732028456309116	3.185655346231862e-7
0.777768859859066	3.2205496255836613e-7
0.7823577041583611	3.2563257869377887e-7
0.7869694926791531	3.293016962756767e-7
0.7916043401425489	3.330657958605399e-7
0.7962623618432616	3.3692853603042227e-7
0.8009436736524779	3.408937649561813e-7
0.8056483920207402	3.449655328912959e-7
0.8103766339808439	3.4914810568896917e-7
0.8151285171507483	3.5344597944707305e-7
0.8199041597365018	3.5786389639868703e-7
0.8247036805351844	3.624068621816205e-7
0.8295271989378604	3.670801646383987e-7
0.8343748349325497	3.7188939431947245e-7
0.8392467091072124	3.7684046688716037e-7
0.8441429426527486	3.819396476471924e-7
0.8490636573660123	3.8719357846944935e-7
0.8540089756528424	3.9260930740057225e-7
0.8589790205311068	3.9819432132029063e-7
0.8639739156337622	4.039565820519311e-7
0.868973915633762	4.0988070616527194e-7
0.8739739156337618	4.159672901544691e-7
0.8789739156337616	4.2222311037939975e-7
0.8839739156337615	4.286553416038839e-7
0.8889739156337613	4.3527159016122907e-7
0.893973915633761	4.4207993101876857e-7
0.8989739156337608	4.490889493570338e-7
0.9039739156337606	4.5630778737798645e-7
0.9089739156337604	4.6374619718727975e-7
0.9139739156337602	4.714146007524191e-7
0.91897391563376	4.793241581258423e-7
0.9239739156337599	4.874868453467334e-7
0.9289739156337596	4.959155437045751e-7
0.9339739156337594	5.046241423706893e-7
0.9389739156337592	5.136276567915966e-7
0.943973915633759	5.229423657043163e-7
0.9489739156337588	5.325859701929791e-7
0.9539739156337586	5.425777788794364e-7
0.9589739156337583	5.529389241492542e-7
0.9639739156337582	5.636926152879664e-7
0.968973915633758	5.748644355732951e-7
0.9739739156337578	5.864826917781779e-7
0.9789739156337576	5.985788262357865e-7
0.9839739156337574	6.111879036598646e-7
0.9889739156337571	6.243491873720552e-7
0.9939739156337569	6.381068225492382e-7
0.9989739156337567	6.525106476687908e-7
1.0039739156337566	6.676171596239606e-7
1.0089739156337563	6.834906631521261e-7
1.0139739156337562	7.002046414465919e-7
1.0189739156337558	7.178433923207958e-7
1.0239739156337557	7.365039833241406e-7
1.0289739156337556	7.56298590078987e-7
1.0339739156337553	7.773572951957702e-7
1.0389739156337552	7.998314408737482e-7
1.0439739156337549	8.238976472488304e-7
1.0489739156337547	8.497626313525414e-7
1.0539739156337544	8.776689889713075e-7
1.0589739156337543	9.079021346717939e-7
1.0639739156337542	9.407986348942865e-7
1.0689739156337539	9.767562166424951e-7
1.0739739156337538	1.0162457915016772e-6
1.0789739156337534	1.0598259033963132e-6
1.0839739156337533	1.108160090919041e-6
1.088973915633753	1.162037753928786e-6
1.093973915633753	1.2223992326539326e-6
1.0989739156337526	1.2903659495897524e-6
1.1039739156337525	1.3672766346309379e-6
1.1089739156337524	1.4547308575885592e-6
1.113973915633752	1.5546413360052674e-6
1.118973915633752	1.6692967777487169e-6
1.1239739156337516	1.801437366447007e-6
1.1289739156337515	1.9543454144119416e-6
1.1339739156337512	2.131954205338025e-6
1.138973915633751	2.3389786433030177e-6
1.143973915633751	2.5810720338522336e-6
1.1489739156337506	2.865014168999998e-6
1.1539739156337505	3.1989368963629667e-6
1.1589739156337502	3.5925945529389676e-6
1.16397391563375	4.057688069848308e-6
1.1689739156337497	4.608253242486865e-6
1.1739739156337496	5.261125649071881e-6
1.1789739156337493	6.036497024581612e-6
1.1839739156337492	6.958580581137882e-6
1.187980436725312	7.822695019467282e-6
1.1919869578168745	8.817111660332907e-6
1.1959934789084372	9.962112362029773e-6
1.2	1.1281150514509702e-5
