0.0006999999999999628	1.6222063250127785e-8
0.001403500000000035	1.6231494423854516e-8
0.0021105174999999296	1.624098279527807e-8
0.0028210700874998964	1.6250528402460346e-8
0.003535175437937438	1.6260131638157643e-8
0.004252851315127062	1.6269792903597165e-8
0.004974115571702636	1.6279512603561632e-8
0.005698986149561044	1.6289291146334773e-8
0.006427481080308875	1.629912894372418e-8
0.007159618485710418	1.630902641108888e-8
0.007895416578138905	1.631898396736992e-8
0.008634893661029494	1.632900203512337e-8
0.00937806812933463	1.6339081040553867e-8
0.010124958469981361	1.6349221413549964e-8
0.010875583262331262	1.63594235877208e-8
0.01162996117864295	1.6369688000432645e-8
0.012388110984536127	1.6380015092847275e-8
0.013150051539458866	1.639040530996072e-8
0.013915801797156208	1.6400859100642473e-8
0.014685380806142003	1.6411376917675993e-8
0.015458807710172712	1.6421959217799233e-8
0.01623610174872358	1.6432606461746458e-8
0.017017282257467212	1.6443319114290142e-8
0.017802368668754516	1.6454097644284078e-8
0.01859138051209827	1.6464942524706633e-8
0.019384337414658823	1.6475854232705062e-8
0.020181259101732015	1.648683324964013e-8
0.020982165397240727	1.6497880061131623e-8
0.02178707622422691	1.650899515710451e-8
0.02259601160534814	1.652017903183539e-8
0.02340899166337483	1.6531432184000292e-8
0.024226036621691812	1.6542755116722446e-8
0.02504716680480027	1.6554148337620958e-8
0.025872402638824326	1.656561235886062e-8
0.02670176465201842	1.6577147697201376e-8
0.02753527347527842	1.65887548740498e-8
0.028372949842654864	1.6600434415510165e-8
0.0292148145918682	1.661218685243671e-8
0.03006088866482743	1.6624012720486593e-8
0.03091119310815165	1.6635912560173546e-8
0.0317657490736924	1.6647886916922325e-8
0.03262457781906081	1.6659936341123684e-8
0.03348770070815601	1.6672061388190536e-8
0.034355139211696875	1.6684262618614313e-8
0.035226914907755424	1.6696540598022704e-8
0.03610304948229413	1.670889589723777e-8
0.03698356472970569	1.6721329092334923e-8
0.03786848255335419	1.673384076470304e-8
0.038757824966120964	1.674643150110496e-8
0.03965161409095162	1.6759101893739364e-8
0.04054987216140643	1.677185254030231e-8
0.04145262152221345	1.6784684044051956e-8
0.04235988462982453	1.679759701387124e-8
0.04327168405297366	1.6810592064334035e-8
0.0441880424732386	1.682366981577064e-8
0.04510898268560485	1.6836830894334697e-8
0.046034527599032954	1.6850075932071034e-8
0.04696470023702812	1.6863405566984893e-8
0.04789952373821329	1.687682044311117e-8
0.048839021356904266	1.689032121058528e-8
0.04978321646368884	1.6903908525715235e-8
0.05073213254600732	1.691758305105446e-8
0.05168579320873729	1.6931345455475227e-8
0.052644222174780875	1.6945196414243756e-8
0.05360744328565471	1.6959136609096304e-8
0.054575480502083065	1.6973166728316428e-8
0.055548357904593434	1.6987287466812434e-8
0.056526099694116344	1.700149952619752e-8
0.0575087301925869	1.7015803614869857e-8
0.05849627384354973	1.703020044809414e-8
0.05948875521276744	1.7044690748084668e-8
0.06048619898883127	1.7059275244089004e-8
0.061488629983775384	1.7073954672473684e-8
0.06249607313369419	1.7088729776810364e-8
0.06350855349936275	1.7103601307963826e-8
0.06452609626685958	1.7118570024180985e-8
0.06554872674819387	1.7133636691181224e-8
0.06657647038193484	1.714880208224817e-8
0.06760935273384447	1.7164066978322593e-8
0.06864739949751365	1.7179432168097487e-8
0.0696906364950013	1.71948984481133e-8
0.07073908967747639	1.7210466622855496e-8
0.07179278512586384	1.7226137504853506e-8
0.07285174905149322	1.7241911914780718e-8
0.0739160077967507	1.7257790681556476e-8
0.07498558783573436	1.7273774642449427e-8
0.07606051577491299	1.7289864643181976e-8
0.07714081835378758	1.730606153803751e-8
0.07822652244555647	1.7322366189967803e-8
0.07931765505778425	1.7338779470703478e-8
0.0804142433330731	1.7355302260864624e-8
0.08151631454973848	1.7371935450074564e-8
0.08262389612248718	1.738867993707459e-8
0.0837370156030995	1.740553662984057e-8
0.0848557006811149	1.742250644570147e-8
0.0859799791845205	1.7439590311459846e-8
0.08710987908044313	1.745678916351362e-8
0.08824542847584534	1.747410394798044e-8
0.08938665561822454	1.7491535620823845e-8
0.09053358889631567	1.750908514798116e-8
0.09168625684079722	1.7526753505493324e-8
0.09284468812500112	1.7544541679637322e-8
0.09400891156562617	1.7562450667060095e-8
0.0951789561234543	1.758048147491517e-8
0.09635485090407148	1.759863512100062e-8
0.09753662515859184	1.761691263390026e-8
0.0987243082843847	1.763531505312621e-8
0.09991792982580656	1.7653843429264482e-8
0.10111751947493569	1.7672498824122183e-8
0.10232310707231031	1.7691282310877622e-8
0.1035347226076718	1.7710194974232633e-8
0.10475239622071016	1.7729237910567733e-8
0.10597615820181366	1.77484122280989e-8
0.10720603899282274	1.7767719047037963e-8
0.10844206918778684	1.7787159499755037e-8
0.10968427953372567	1.7806734730943422e-8
0.1109327009313943	1.7826445897788187e-8
0.11218736443605135	1.7846294170136425e-8
0.11344830125823162	1.786628073067047e-8
0.11471554276452282	1.7886406775085177e-8
0.11598912047834534	1.790667351226672e-8
0.11726906608073695	1.7927082164474692e-8
0.11855541141114062	1.7947633967528164e-8
0.11984818846819621	1.796833017099353e-8
0.12114742941053713	1.79891720383768e-8
0.12245316655758978	1.801016084731801e-8
0.1237654323903777	1.803129788978982e-8
0.12508425955232963	1.8052584472298804e-8
0.12640968085009122	1.80740219160908e-8
0.1277417292543416	1.809561155735883e-8
0.1290804379006133	1.811735474745652e-8
0.13042584009011637	1.81392528531121e-8
0.1317779692905669	1.8161307256649297e-8
0.13313685913701961	1.8183519356209837e-8
0.13450254343270476	1.820589056598108e-8
0.13587505614986833	1.822842231642685e-8
0.13725443143061763	1.8251116054522673e-8
0.13864070358777073	1.8273973243994607e-8
0.14003390710570945	1.8296995365563985e-8
0.14143407664123803	1.832018391719346e-8
0.1428412470244442	1.8343540414340375e-8
0.1442554532595664	1.83670663902132e-8
0.14567673052586416	1.8390763396032024e-8
0.1471051141784935	1.8414633001295244e-8
0.14854063974938603	1.8438676794049905e-8
0.149983342948133	1.846289638116677e-8
0.15143325966287374	1.8487293388621068e-8
0.15289042596118813	1.851186946177839e-8
0.15435487809099402	1.8536626265684532e-8
0.15582665248144906	1.8561565485361993e-8
0.1573057857438562	1.8586688826111216e-8
0.15879231467257537	1.8611998013817583e-8
0.16028627624593816	1.8637494795263775e-8
0.16178770762716785	1.8663180938448062e-8
0.16329664616530362	1.8689058232908598e-8
0.16481312939613008	1.87151284900536e-8
0.1663371950431107	1.8741393543497554e-8
0.16786888101832628	1.876785524940379e-8
0.1694082254234178	1.8794515486833697e-8
0.1709552665505349	1.8821376158102453e-8
0.17251004288328747	1.88484391891409e-8
0.17407259309770393	1.887570652986492e-8
0.17564295606319252	1.8903180154551867e-8
0.17722117084350858	1.8930862062223502e-8
0.17880727669772617	1.8958754277036957e-8
0.18040131308121476	1.8986858848682714e-8
0.18200331964662084	1.9015177852790848e-8
0.18361333624485401	1.9043713391343902e-8
0.18523140292607826	1.9072467593099805e-8
0.18685755994070874	1.9101442614020674e-8
0.1884918477404122	1.913064063771187e-8
0.19013430697911424	1.9160063875868534e-8
0.1917849785140098	1.9189714568731154e-8
0.19344390340657974	1.9219594985550984e-8
0.19511112292361268	1.9249707425063145e-8
0.1967866785382308	1.9280054215970322e-8
0.19847061193092203	1.931063771743587e-8
0.20016296499057665	1.934146031958617e-8
0.20186377981552947	1.9372524444024023e-8
0.2035730987146071	1.940383254435199e-8
0.20529096420818022	1.9435387106705752e-8
0.20701741902922113	1.9467190650299383e-8
0.20875250612436722	1.9499245727980998e-8
0.210496268654989	1.9531554926800074e-8
0.21224874999826396	1.9564120868586188e-8
0.21400999374825516	1.9596946210539855e-8
0.21578004371699644	1.963003364583573e-8
0.21755894393558148	1.96633859042382e-8
0.2193467386552594	1.9697005752729645e-8
0.22114347234853576	1.9730895996152187e-8
0.22294918971027836	1.9765059477862846e-8
0.2247639356588297	1.9799499080402053e-8
0.2265877553371239	1.983421772617767e-8
0.2284206941138094	1.986921837816157e-8
0.23026279758437848	1.990450404060253e-8
0.23211411157230027	1.9940077759754408e-8
0.23397468213016168	1.997594262461911e-8
0.23584455554081238	2.00121017677062e-8
0.23772377831851643	2.0048558365809275e-8
0.23961239721010893	2.0085315640798562e-8
0.24151045919615952	2.0122376860431245e-8
0.24341801149214037	2.01597453391795e-8
0.24533510154960114	2.0197424439076917e-8
0.24726177705734917	2.023541757058326e-8
0.24919808594263576	2.027372819346941e-8
0.251144076372349	2.0312359817720686e-8
0.2530997967542107	2.0351316004461703e-8
0.2550652957379817	2.039060036690089e-8
0.2570406222166717	2.0430216571297754e-8
0.2590258253277551	2.0470168337950705e-8
0.26102095445439405	2.0510459442208304e-8
0.2630260592266659	2.055109371550335e-8
0.2650411895227993	2.0592075046410666e-8
0.2670663954704134	2.063340738172987e-8
0.26910172744776534	2.067509472759213e-8
0.27114723608500396	2.0717141150594198e-8
0.27320297226542917	2.075955077895762e-8
0.27526898712675635	2.0802327803716293e-8
0.27734533206239	2.0845476479931285e-8
0.2794320587227019	2.0889001127934767e-8
0.2815292190163153	2.0932906134603434e-8
0.2836368651113967	2.097719595466299e-8
0.28575504943695385	2.102187511202321e-8
0.28788382468413853	2.106694820114581e-8
0.29002324380755934	2.111241988844506e-8
0.29217336002659705	2.1158294913722747e-8
0.29433422682673016	2.1204578091638825e-8
0.29650589796086374	2.1251274313217356e-8
0.29868842745066804	2.1298388547389954e-8
0.30088186958792124	2.1345925842577945e-8
0.3030862789358609	2.139389132831411e-8
0.30530171033054027	2.1442290216903883e-8
0.307528218882193	2.1491127805130093e-8
0.30976585997660405	2.1540409475999827e-8
0.312014689276487	2.1590140700536185e-8
0.31427476272286925	2.1640327039615038e-8
0.3165461365364837	2.1690974145850762e-8
0.3188288672191662	2.174208776552846e-8
0.32112301155526213	2.1793673740588284e-8
0.32342862661303834	2.1845738010660315e-8
0.3257457697461036	2.1898286615153248e-8
0.32807449859483384	2.1951325695397936e-8
0.3304148710878078	2.20048614968483e-8
0.33276694544324686	2.205890037134005e-8
0.33513078017046305	2.2113448779410202e-8
0.33750643407131514	2.2168513292679386e-8
0.3398939662416715	2.2224100596298258e-8
0.3422934360728799	2.2280217491459903e-8
0.34470490325324404	2.2336870897982378e-8
0.3471284277695101	2.2394067856960643e-8
0.34956406990835764	2.2451815533492845e-8
0.3520118902578995	2.251012121948211e-8
0.354471949709189	2.256899233651612e-8
0.3569443094577349	2.2628436438829045e-8
0.3594290310050235	2.2688461216344823e-8
0.3619261761600484	2.274907449780942e-8
0.3644358070408486	2.2810284254010548e-8
0.36695798607605284	2.2872098601091464e-8
0.36949277600643327	2.293452580395946e-8
0.37204023988646523	2.299757427979388e-8
0.3746004410858973	2.3061252601657126e-8
0.3771734432913268	2.3125569502210473e-8
0.3797593105077832	2.319053387754154e-8
0.3823581070603219	2.325615479110441e-8
0.38496989759562367	2.3322441477778533e-8
0.3875947470836016	2.3389403348048844e-8
0.3902327208190196	2.3457049992313784e-8
0.3928838844231145	2.3525391185323592e-8
0.39554830384522993	2.3594436890755328e-8
0.3982260453644561	2.366419726592874e-8
0.4009171755912785	2.373468266666914e-8
0.40362176146923495	2.3805903652321232e-8
0.40633987027658097	2.3877870990921798e-8
0.4090715696279639	2.3950595664535156e-8
0.4118169274761037	2.4024088874759154e-8
0.4145760121134843	2.4098362048407418e-8
0.4173488921740515	2.417342684337496e-8
0.4201356366349219	2.4249295154694205e-8
0.42293631481809635	2.4325979120789263e-8
0.4257509963921868	2.440349112993666e-8
0.42857975137414767	2.448184382693822e-8
0.43142265013101855	2.4561050120018927e-8
0.43427976338167373	2.4641123187954717e-8
0.43715116219858224	2.4722076487442585e-8
0.44003691800957523	2.480392376072082e-8
0.44293710259962304	2.488667904345106e-8
0.4458517881126211	2.4970356672872424e-8
0.44878104705318417	2.5054971296239873e-8
0.45172495228844983	2.5140537879556803e-8
0.45468357704989204	2.5227071716617727e-8
0.4576569949351413	2.5314588438370602e-8
0.46064527990981685	2.540310402261574e-8
0.4636485063093658	2.549263480405449e-8
0.4666667488409128	2.5583197484701672e-8
0.4697000825851173	2.5674809144681852e-8
0.4727485829980427	2.5767487253421797e-8
0.47581232591303285	2.586124968126054e-8
0.478891387542598	2.595611471149373e-8
0.48198584448031084	2.6052101052873252e-8
0.4850957737027124	2.6149227852582212e-8
0.48822125257122595	2.624751470970856e-8
0.49136235883408197	2.634698168923971e-8
0.4945191706282523	2.6447649336601576e-8
0.4976917664813935	2.654953869277079e-8
0.5008802253138004	2.6652671309985552e-8
0.5040846264403696	2.675706926808302e-8
0.5073050495725715	2.6862755191497452e-8
0.5105415748204343	2.6969752266947234e-8
0.5137942826945365	2.707808426184835e-8
0.517063254108009	2.7187775543488354e-8
0.5203485703785492	2.7298851099000983e-8
0.5236503132304419	2.741133655618064e-8
0.5269685647965939	2.7525258205181274e-8
0.5303034076205766	2.7640643021144054e-8
0.5336549246586795	2.7757518687804916e-8
0.5370231992819728	2.7875913622129937e-8
0.5404083152783826	2.7995857000037834e-8
0.5438103568547747	2.8117378783264883e-8
0.5472294086390483	2.8240509747435515e-8
0.5506655556822436	2.8365281511405224e-8
0.5541188834606549	2.8491726567946662e-8
0.5575894778779582	2.8619878315853343e-8
0.5610774252673477	2.874977109354104e-8
0.5645828123936844	2.8881440214234237e-8
0.5681057264556525	2.9014922002830563e-8
0.5716462550879309	2.91502538345352e-8
0.5752044863633705	2.928747417537945e-8
0.5787805087951873	2.9426622624727914e-8
0.5823744113391631	2.956773995990109e-8
0.5859862833958588	2.9710868183038524e-8
0.5896162148128381	2.9856050570344787e-8
0.5932642958869024	3.000333172386748e-8
0.5969306173663369	3.01527576259665e-8
0.6006152704531684	3.030437569665166e-8
0.6043183468054344	3.045823485397394e-8
0.6080399385394615	3.0614385577672624e-8
0.6117801382321587	3.077287997629895e-8
0.6155390389233192	3.093377185805308e-8
0.6193167341179359	3.109711680558923e-8
0.6231133177885255	3.1262972255072144e-8
0.6269288843774683	3.1431397579786405e-8
0.6307635287993556	3.1602454178627886e-8
0.6346173464433522	3.177620556984165e-8
0.6384904331755688	3.195271749039746e-8
0.6423828853414466	3.213205800143715e-8
0.6462947997681537	3.231429760026457e-8
0.6502262737669944	3.249950933940101e-8
0.6541774051358293	3.2687768953277335e-8
0.6581482921615082	3.287915499319533e-8
0.6621390336223156	3.3073748971257557e-8
0.6661497287904271	3.327163551404068e-8
0.6701804774343789	3.347290252687432e-8
0.6742313798215507	3.3677641369682627e-8
0.6783025367206585	3.388594704546243e-8
0.682394049404262	3.4097918402599073e-8
0.6865060196512833	3.4313658352359885e-8
0.6906385497495399	3.453327410309593e-8
0.6947917424982876	3.475687741285242e-8
0.6989657012107791	3.498458486233758e-8
0.7031605297168331	3.5216518150455685e-8
0.7073763323654171	3.545280441491207e-8
0.7116132140272443	3.569357658077334e-8
0.7158712800973803	3.593897374027107e-8
0.7201506364978669	3.6189141567645856e-8
0.724451389680356	3.644423277340714e-8
0.7287736466287575	3.67044076030727e-8
0.7331175148619014	3.6969834386275095e-8
0.737483102436211	3.724069014308665e-8
0.7418705179483918	3.751716125557181e-8
0.7462798705381338	3.779944421395439e-8
0.7507112698908246	3.808774644843156e-8
0.7551648262402787	3.8382287259643426e-8
0.7596406503714802	3.868329886317522e-8
0.7641388536233378	3.8991027566324376e-8
0.7686595478914543	3.930573509880297e-8
0.7732028456309116	3.9627700123205435e-8
0.777768859859066	3.99572199561031e-8
0.7823577041583611	4.029461253672988e-8
0.7869694926791531	4.064021868764173e-8
0.7916043401425489	4.099440472075738e-8
0.7962623618432616	4.135756545318953e-8
0.8009436736524779	4.1730127710714384e-8
0.8056483920207402	4.211255441315773e-8
0.8103766339808439	4.2505349356110926e-8
0.8151285171507483	4.29090628280676e-8
0.8199041597365018	4.332429823242172e-8
0.8247036805351844	4.375171992107285e-8
0.8295271989378604	4.419206249235799e-8
0.8343748349325497	4.464614186273997e-8
0.8392467091072124	4.511486849172501e-8
0.8441429426527486	4.559926322611543e-8
0.8490636573660123	4.610047633698313e-8
0.8540089756528424	4.661981045576209e-8
0.8589790205311068	4.715874828098916e-8
0.8639739156337622	4.7718986132440544e-8
0.868973915633762	4.8300121953076196e-8
0.8739739156337618	4.8903487823046044e-8
0.8789739156337616	4.953126862437015e-8
0.8839739156337615	5.0185992563883214e-8
0.8889739156337613	5.0870595056595756e-8
0.893973915633761	5.1588495227645274e-8
0.8989739156337608	5.234368758413902e-8
0.9039739156337606	5.314085192862954e-8
0.9089739156337604	5.398548521342412e-8
0.9139739156337602	5.488405979096748e-8
0.91897391563376	5.58442134265537e-8
0.9239739156337599	5.687497753736266e-8
0.9289739156337596	5.79870514445088e-8
0.9339739156337594	5.9193132018525426e-8
0.9389739156337592	6.050831001890688e-8
0.943973915633759	6.195054674171667e-8
0.9489739156337588	6.35412473761544e-8
0.9539739156337586	6.530595082794914e-8
0.9589739156337583	6.727515981057554e-8
0.9639739156337582	6.948533987424203e-8
0.968973915633758	7.198012190497952e-8
0.9739739156337578	7.48117496833473e-8
0.9789739156337576	7.80428225858281e-8
0.9839739156337574	8.174839373167231e-8
0.9889739156337571	8.601849617081875e-8
0.9939739156337569	9.096118449020853e-8
0.9989739156337567	9.670619698323303e-8
1.0039739156337566	1.0340936487381363e-7
1.0089739156337563	1.1125792072092583e-7
1.0139739156337562	1.2047688889459675e-7
1.0189739156337558	1.3133677791344294e-7
1.0239739156337557	1.4416283865664e-7
1.0289739156337556	1.5934620541858537e-7
1.0339739156337553	1.7735730012552996e-7
1.0389739156337552	1.9876195573808385e-7
1.0439739156337549	2.242408052165693e-7
1.0489739156337547	2.5461259010922326e-7
1.0539739156337544	2.908621709495521e-7
1.0589739156337543	3.341741738159469e-7
1.0639739156337542	3.8597338773798356e-7
1.0689739156337539	4.4797324081808296e-7
1.0739739156337538	5.222339342489051e-7
1.0789739156337534	6.112321087012082e-7
1.0839739156337533	7.179442632313885e-7
1.088973915633753	8.459465497456772e-7
1.093973915633753	9.995340332645678e-7
1.0989739156337526	1.183863046833408e-6
1.1039739156337525	1.4051208865668252e-6
1.1089739156337524	1.6707277925901225e-6
1.113973915633752	1.98957694928717e-6
1.118973915633752	2.3723191140835765e-6
1.1239739156337516	2.831699444493683e-6
1.1289739156337515	3.382955128921573e-6
1.1339739156337512	4.044283520432432e-6
1.138973915633751	4.837391597180128e-6
1.143973915633751	5.788138688967993e-6
1.1489739156337506	6.9272854629040126e-6
1.1539739156337505	8.291363082528e-6
1.1589739156337502	9.923677156753162e-6
1.16397391563375	1.1875461471042505e-5
1.1689739156337497	1.4207196415928802e-5
1.1739739156337496	1.6990106344826037e-5
1.1789739156337493	2.0307848618221742e-5
1.1839739156337492	2.425840459064856e-5
1.187980436725312	2.795715993722218e-5
1.1919869578168745	3.220279448352634e-5
1.1959934789084372	3.707124987083619e-5
1.2	4.264791089335405e-5
