0.0006999999999999628	3.228115831843862e-8
0.001403500000000035	3.2308722177768054e-8
0.0021105174999999296	3.2336459319347584e-8
0.0028210700874998964	3.2364371447237916e-8
0.003535175437937438	3.239245990089463e-8
0.004252851315127062	3.242072602497118e-8
0.004974115571702636	3.244917117476194e-8
0.005698986149561044	3.247779671681655e-8
0.006427481080308875	3.250660402936539e-8
0.007159618485710418	3.253559450266453e-8
0.007895416578138905	3.256476953929509e-8
0.008634893661029494	3.2594130554429766e-8
0.00937806812933463	3.262367897607685e-8
0.010124958469981361	3.26534162453072e-8
0.010875583262331262	3.268334381647188e-8
0.01162996117864295	3.271346315740884e-8
0.012388110984536127	3.27437757496474e-8
0.013150051539458866	3.277428308860359e-8
0.013915801797156208	3.2804986683779156e-8
0.014685380806142003	3.283588805895337e-8
0.015458807710172712	3.286698875237625e-8
0.01623610174872358	3.289829031696407e-8
0.017017282257467212	3.292979432048978e-8
0.017802368668754516	3.29615023457789e-8
0.01859138051209827	3.299341599090504e-8
0.019384337414658823	3.3025536869385424e-8
0.020181259101732015	3.305786661038067e-8
0.020982165397240727	3.309040685889356e-8
0.02178707622422691	3.31231592759721e-8
0.02259601160534814	3.315612553891473e-8
0.02340899166337483	3.318930734147456e-8
0.024226036621691812	3.3222706394070556e-8
0.02504716680480027	3.325632442399823e-8
0.025872402638824326	3.3290163175644224e-8
0.02670176465201842	3.332422441070369e-8
0.02753527347527842	3.3358509908398956e-8
0.028372949842654864	3.3393021465702285e-8
0.0292148145918682	3.3427760897562985e-8
0.03006088866482743	3.3462730037134526e-8
0.03091119310815165	3.349793073600712e-8
0.0317657490736924	3.3533364864442806e-8
0.03262457781906081	3.356903431161383e-8
0.03348770070815601	3.3604940985843724e-8
0.034355139211696875	3.364108681485363e-8
0.035226914907755424	3.367747374601089e-8
0.03610304948229413	3.371410374657938e-8
0.03698356472970569	3.3750978803978754e-8
0.03786848255335419	3.378810092604187e-8
0.038757824966120964	3.3825472141278735e-8
0.03965161409095162	3.386309449914388e-8
0.04054987216140643	3.390097007030894e-8
0.04145262152221345	3.393910094693767e-8
0.04235988462982453	3.397748924296337e-8
0.04327168405297366	3.4016137094376946e-8
0.0441880424732386	3.405504665951161e-8
0.04510898268560485	3.4094220119336306e-8
0.046034527599032954	3.4133659677754e-8
0.04696470023702812	3.4173367561901956e-8
0.04789952373821329	3.421334602245905e-8
0.048839021356904266	3.4253597333953894e-8
0.04978321646368884	3.4294123795086526e-8
0.05073213254600732	3.433492772904175e-8
0.05168579320873729	3.437601148382071e-8
0.052644222174780875	3.4417377432569874e-8
0.05360744328565471	3.4459027973915395e-8
0.054575480502083065	3.450096553230726e-8
0.055548357904593434	3.454319255836398e-8
0.056526099694116344	3.458571152922579e-8
0.0575087301925869	3.46285249489132e-8
0.05849627384354973	3.4671635348688703e-8
0.05948875521276744	3.4715045287429415e-8
0.06048619898883127	3.4758757351998814e-8
0.061488629983775384	3.4802774157630705e-8
0.06249607313369419	3.4847098348316014e-8
0.06350855349936275	3.4891732597197376e-8
0.06452609626685958	3.4936679606968885e-8
0.06554872674819387	3.498194211028307e-8
0.06657647038193484	3.502752287016548e-8
0.06760935273384447	3.507342468043443e-8
0.06864739949751365	3.511965036612745e-8
0.0696906364950013	3.516620278393742e-8
0.07073908967747639	3.5213084822653386e-8
0.07179278512586384	3.526029940360964e-8
0.07285174905149322	3.5307849481141544e-8
0.0739160077967507	3.535573804305108e-8
0.07498558783573436	3.540396811107837e-8
0.07606051577491299	3.545254274137987e-8
0.07714081835378758	3.550146502501858e-8
0.07822652244555647	3.5550738088459596e-8
0.07931765505778425	3.560036509407327e-8
0.0804142433330731	3.565034924065109e-8
0.08151631454973848	3.5700693763925934e-8
0.08262389612248718	3.575140193710403e-8
0.0837370156030995	3.5802477071401736e-8
0.0848557006811149	3.5853922516601735e-8
0.0859799791845205	3.590574166160544e-8
0.08710987908044313	3.5957937935003294e-8
0.08824542847584534	3.6010514805655574e-8
0.08938665561822454	3.606347578327761e-8
0.09053358889631567	3.611682441904218e-8
0.09168625684079722	3.6170564306183835e-8
0.09284468812500112	3.622469908062497e-8
0.09400891156562617	3.6279232421601284e-8
0.0951789561234543	3.633416805230704e-8
0.09635485090407148	3.638950974054766e-8
0.09753662515859184	3.6445261299405e-8
0.0987243082843847	3.6501426587913744e-8
0.09991792982580656	3.6558009511751606e-8
0.10111751947493569	3.6615014023938374e-8
0.10232310707231031	3.667244412555309e-8
0.1035347226076718	3.67303038664585e-8
0.10475239622071016	3.67885973460422e-8
0.10597615820181366	3.6847328713969634e-8
0.10720603899282274	3.690650217095225e-8
0.10844206918778684	3.696612196952641e-8
0.10968427953372567	3.7026192414852695e-8
0.1109327009313943	3.7086717865522365e-8
0.11218736443605135	3.7147702734383277e-8
0.11344830125823162	3.7209151489382647e-8
0.11471554276452282	3.7271068654418004e-8
0.11598912047834534	3.733345881021548e-8
0.11726906608073695	3.73963265952103e-8
0.11855541141114062	3.745967670645798e-8
0.11984818846819621	3.752351390055142e-8
0.12114742941053713	3.7587842994562537e-8
0.12245316655758978	3.7652668866996316e-8
0.1237654323903777	3.7717996458768224e-8
0.12508425955232963	3.778383077419553e-8
0.12640968085009122	3.7850176882009136e-8
0.1277417292543416	3.791703991638618e-8
0.1290804379006133	3.7984425078001634e-8
0.13042584009011637	3.805233763509774e-8
0.1317779692905669	3.8120782924576316e-8
0.13313685913701961	3.818976635311385e-8
0.13450254343270476	3.825929339829396e-8
0.13587505614986833	3.832936960976528e-8
0.13725443143061763	3.840000061042178e-8
0.13864070358777073	3.8471192097600856e-8
0.14003390710570945	3.8542949844316344e-8
0.14143407664123803	3.861527970050155e-8
0.1428412470244442	3.868818759428869e-8
0.1442554532595664	3.87616795333078e-8
0.14567673052586416	3.8835761606012373e-8
0.1471051141784935	3.89104399830321e-8
0.14854063974938603	3.8985720918552524e-8
0.149983342948133	3.906161075172101e-8
0.15143325966287374	3.913811590808463e-8
0.15289042596118813	3.921524290105398e-8
0.15435487809099402	3.929299833339423e-8
0.15582665248144906	3.937138889875563e-8
0.1573057857438562	3.945042138322263e-8
0.15879231467257537	3.953010266690906e-8
0.16028627624593816	3.961043972557089e-8
0.16178770762716785	3.96914396322643e-8
0.16329664616530362	3.97731095590318e-8
0.16481312939613008	3.9855456778627203e-8
0.1663371950431107	3.9938488666269896e-8
0.16786888101832628	4.00222127014457e-8
0.1694082254234178	4.010663646973564e-8
0.1709552665505349	4.019176766468879e-8
0.17251004288328747	4.027761408973369e-8
0.17407259309770393	4.036418366013065e-8
0.17564295606319252	4.045148440496267e-8
0.17722117084350858	4.0539524469170496e-8
0.17880727669772617	4.062831211563469e-8
0.18040131308121476	4.071785572729663e-8
0.18200331964662084	4.080816380932844e-8
0.18361333624485401	4.0899244991348065e-8
0.18523140292607826	4.0991108029684595e-8
0.18685755994070874	4.1083761809692286e-8
0.1884918477404122	4.117721534811205e-8
0.19013430697911424	4.12714777954893e-8
0.1917849785140098	4.1366558438642133e-8
0.19344390340657974	4.146246670318387e-8
0.19511112292361268	4.1559212156103894e-8
0.1967866785382308	4.165680450840088e-8
0.19847061193092203	4.175525361778294e-8
0.20016296499057665	4.1854569491417253e-8
0.20186377981552947	4.1954762288752716e-8
0.2035730987146071	4.205584232439768e-8
0.20529096420818022	4.21578200710669e-8
0.20701741902922113	4.226070616259522e-8
0.20875250612436722	4.236451139701719e-8
0.210496268654989	4.246924673972317e-8
0.21224874999826396	4.257492332667847e-8
0.21400999374825516	4.26815524677268e-8
0.21578004371699644	4.278914564996221e-8
0.21755894393558148	4.2897714541182876e-8
0.2193467386552594	4.300727099342787e-8
0.22114347234853576	4.3117827046589006e-8
0.22294918971027836	4.322939493211562e-8
0.2247639356588297	4.3341987076801627e-8
0.2265877553371239	4.34556161066645e-8
0.2284206941138094	4.357029485091299e-8
0.23026279758437848	4.368603634601646e-8
0.23211411157230027	4.380285383986182e-8
0.23397468213016168	4.392076079602042e-8
0.23584455554081238	4.4039770898106727e-8
0.23772377831851643	4.4159898054254797e-8
0.23961239721010893	4.428115640169371e-8
0.24151045919615952	4.440356031143878e-8
0.24341801149214037	4.452712439309655e-8
0.24533510154960114	4.4651863499789317e-8
0.24726177705734917	4.477779273319977e-8
0.24919808594263576	4.490492744874061e-8
0.251144076372349	4.503328326085176e-8
0.2530997967542107	4.516287604843523e-8
0.2550652957379817	4.529372196041816e-8
0.2570406222166717	4.542583742146111e-8
0.2590258253277551	4.5559239137811114e-8
0.26102095445439405	4.5693944103299944e-8
0.2630260592266659	4.582996960549749e-8
0.2650411895227993	4.5967333232020265e-8
0.2670663954704134	4.610605287700708e-8
0.26910172744776534	4.624614674775674e-8
0.27114723608500396	4.638763337153739e-8
0.27320297226542917	4.6530531602577565e-8
0.27526898712675635	4.667486062923681e-8
0.27734533206239	4.682063998136256e-8
0.2794320587227019	4.696788953784588e-8
0.2815292190163153	4.71166295343735e-8
0.2836368651113967	4.7266880571383555e-8
0.28575504943695385	4.741866362224129e-8
0.28788382468413853	4.757200004162449e-8
0.29002324380755934	4.772691157414115e-8
0.29217336002659705	4.788342036317955e-8
0.29433422682673016	4.804154895999265e-8
0.29650589796086374	4.8201320333037114e-8
0.29868842745066804	4.836275787756509e-8
0.30088186958792124	4.852588542547943e-8
0.3030862789358609	4.86907272554611e-8
0.30530171033054027	4.8857308103379317e-8
0.307528218882193	4.902565317298929e-8
0.30976585997660405	4.919578814693023e-8
0.312014689276487	4.9367739198034075e-8
0.31427476272286925	4.954153300095162e-8
0.3165461365364837	4.9717196744110534e-8
0.3188288672191662	4.9894758142011215e-8
0.32112301155526213	5.00742454478776e-8
0.32342862661303834	5.025568746667063e-8
0.3257457697461036	5.0439113568478406e-8
0.32807449859483384	5.0624553702292736e-8
0.3304148710878078	5.081203841019084e-8
0.33276694544324686	5.100159884193125e-8
0.33513078017046305	5.11932667699782e-8
0.33750643407131514	5.138707460497168e-8
0.3398939662416715	5.158305541165697e-8
0.3422934360728799	5.178124292529013e-8
0.34470490325324404	5.1981671568536574e-8
0.3471284277695101	5.218437646887537e-8
0.34956406990835764	5.2389393476535736e-8
0.3520118902578995	5.2596759182977636e-8
0.354471949709189	5.2806510939936176e-8
0.3569443094577349	5.3018686879052274e-8
0.3594290310050235	5.3233325932112303e-8
0.3619261761600484	5.345046785191188e-8
0.3644358070408486	5.367015323377563e-8
0.36695798607605284	5.3892423537745136e-8
0.36949277600643327	5.411732111147462e-8
0.37204023988646523	5.434488921384344e-8
0.3746004410858973	5.457517203932668e-8
0.3771734432913268	5.480821474314105e-8
0.3797593105077832	5.5044063467203234e-8
0.3823581070603219	5.5282765366924476e-8
0.38496989759562367	5.552436863887987e-8
0.3875947470836016	5.576892254937584e-8
0.3902327208190196	5.601647746396087e-8
0.3928838844231145	5.626708487790695e-8
0.39554830384522993	5.6520797447707296e-8
0.3982260453644561	5.6777669023616646e-8
0.4009171755912785	5.703775468329232e-8
0.40362176146923495	5.7301110766564003e-8
0.40633987027658097	5.756779491138392e-8
0.4090715696279639	5.783786609100321e-8
0.4118169274761037	5.8111384652419544e-8
0.4145760121134843	5.8388412356155145e-8
0.4173488921740515	5.86690124174093e-8
0.4201356366349219	5.895324954864502e-8
0.42293631481809635	5.924119000366927e-8
0.4257509963921868	5.953290162326799e-8
0.42857975137414767	5.982845388245276e-8
0.43142265013101855	6.01279179393997e-8
0.43427976338167373	6.043136668613373e-8
0.43715116219858224	6.073887480104736e-8
0.44003691800957523	6.10505188033191e-8
0.44293710259962304	6.136637710931696e-8
0.4458517881126211	6.168653009107283e-8
0.44878104705318417	6.201106013691326e-8
0.45172495228844983	6.23400517143409e-8
0.45468357704989204	6.26735914352623e-8
0.4576569949351413	6.301176812366734e-8
0.46064527990981685	6.335467288586422e-8
0.4636485063093658	6.370239918338625e-8
0.4666667488409128	6.405504290868807e-8
0.4697000825851173	6.441270246374776e-8
0.4727485829980427	6.47754788417212e-8
0.47581232591303285	6.514347571177307e-8
0.478891387542598	6.551679950722905e-8
0.48198584448031084	6.589555951721573e-8
0.4850957737027124	6.627986798192697e-8
0.48822125257122595	6.666984019170239e-8
0.49136235883408197	6.706559459008717e-8
0.4945191706282523	6.746725288106257e-8
0.4976917664813935	6.787494014063894e-8
0.5008802253138004	6.828878493303062e-8
0.5040846264403696	6.870891943161647e-8
0.5073050495725715	6.913547954492746e-8
0.5105415748204343	6.95686050478964e-8
0.5137942826945365	7.000843971863762e-8
0.517063254108009	7.045513148101625e-8
0.5203485703785492	7.090883255330236e-8
0.5236503132304419	7.136969960320509e-8
0.5269685647965939	7.183789390961193e-8
0.5303034076205766	7.23135815313699e-8
0.5336549246586795	7.279693348346094e-8
0.5370231992819728	7.32881259209644e-8
0.5404083152783826	7.378734033119305e-8
0.5438103568547747	7.429476373442372e-8
0.5472294086390483	7.481058889369039e-8
0.5506655556822436	7.53350145341021e-8
0.5541188834606549	7.58682455721901e-8
0.5575894778779582	7.641049335582694e-8
0.5610774252673477	7.69619759152759e-8
0.5645828123936844	7.752291822598928e-8
0.5681057264556525	7.809355248377753e-8
0.5716462550879309	7.867411839304514e-8
0.5752044863633705	7.926486346880662e-8
0.5787805087951873	7.986604335325318e-8
0.5823744113391631	8.04779221476976e-8
0.5859862833958588	8.110077276075838e-8
0.5896162148128381	8.173487727371077e-8
0.5932642958869024	8.238052732399658e-8
0.5969306173663369	8.303802450794917e-8
0.6006152704531684	8.370768080384872e-8
0.6043183468054344	8.438981901650963e-8
0.6080399385394615	8.508477324468858e-8
0.6117801382321587	8.579288937265637e-8
0.6155390389233192	8.65145255874281e-8
0.6193167341179359	8.725005292317015e-8
0.6231133177885255	8.799985583449757e-8
0.6269288843774683	8.87643328004249e-8
0.6307635287993556	8.954389696088133e-8
0.6346173464433522	9.033897678786226e-8
0.6384904331755688	9.115001679339732e-8
0.6423828853414466	9.197747827671339e-8
0.6462947997681537	9.282184011310923e-8
0.6502262737669944	9.368359958727717e-8
0.6541774051358293	9.4563273273996e-8
0.6581482921615082	9.546139796933833e-8
0.6621390336223156	9.63785316757933e-8
0.6661497287904271	9.731525464493066e-8
0.6701804774343789	9.827217048157577e-8
0.6742313798215507	9.924990731370854e-8
0.6783025367206585	1.0024911903268562e-7
0.682394049404262	1.0127048660873609e-7
0.6865060196512833	1.023147194870777e-7
0.6906385497495399	1.033825570704537e-7
0.6947917424982876	1.0447477029435918e-7
0.6989657012107791	1.0559216330176062e-7
0.7031605297168331	1.0673557522470232e-7
0.7073763323654171	1.0790588208079503e-7
0.7116132140272443	1.091039987933276e-7
0.7158712800973803	1.1033088134446108e-7
0.7201506364978669	1.1158752907187095e-7
0.724451389680356	1.128749871200938e-7
0.7287736466287575	1.1419434905889092e-7
0.7331175148619014	1.1554675968209327e-7
0.737483102436211	1.1693341800167239e-7
0.7418705179483918	1.1835558045318767e-7
0.7462798705381338	1.1981456433034152e-7
0.7507112698908246	1.2131175146817154e-7
0.7551648262402787	1.2284859219632344e-7
0.7596406503714802	1.2442660958612935e-7
0.7641388536233378	1.2604740401763274e-7
0.7686595478914543	1.2771265809559098e-7
0.7732028456309116	1.2942414194655023e-7
0.777768859859066	1.311837189327417e-7
0.7823577041583611	1.3299335182260257e-7
0.7869694926791531	1.3485510946230862e-7
0.7916043401425489	1.3677117399806707e-7
0.7962623618432616	1.3874384870490658e-7
0.8009436736524779	1.4077556648469494e-7
0.8056483920207402	1.4286889910411333e-7
0.8103766339808439	1.4502656725261597e-7
0.8151285171507483	1.4725145151113477e-7
0.8199041597365018	1.4954660433483731e-7
0.8247036805351844	1.5191526316787737e-7
0.8295271989378604	1.5436086482525557e-7
0.8343748349325497	1.5688706129708598e-7
0.8392467091072124	1.59497737154443e-7
0.8441429426527486	1.6219702876420332e-7
0.8490636573660123	1.6498934555391606e-7
0.8540089756528424	1.6787939360786492e-7
0.8589790205311068	1.7087220192350563e-7
0.8639739156337622	1.739731517151309e-7
0.868973915633762	1.771750848686833e-7
0.8739739156337618	1.804794228273422e-7
0.8789739156337616	1.8389100137010492e-7
0.8839739156337615	1.8741497664114222e-7
0.8889739156337613	1.9105685496527582e-7
0.893973915633761	1.9482252645664046e-7
0.8989739156337608	1.9871830303028014e-7
0.9039739156337606	2.0275096153312611e-7
0.9089739156337604	2.0692779284230655e-7
0.9139739156337602	2.1125665793590001e-7
0.91897391563376	2.1574605212912632e-7
0.9239739156337599	2.2040517889381903e-7
0.9289739156337596	2.2524403494827262e-7
0.9339739156337594	2.302735086270584e-7
0.9389739156337592	2.355054939271254e-7
0.943973915633759	2.409530230901188e-7
0.9489739156337588	2.4663042113731936e-7
0.9539739156337586	2.52553486441411e-7
0.9589739156337583	2.5873970222116314e-7
0.9639739156337582	2.652084848084253e-7
0.968973915633758	2.719814756940364e-7
0.9739739156337578	2.79082885750137e-7
0.9789739156337576	2.865399016983155e-7
0.9839739156337574	2.9438316690300374e-7
0.9889739156337571	3.026473509866935e-7
0.9939739156337569	3.1137182567043104e-7
0.9989739156337567	3.2060146773925465e-7
1.0039739156337566	3.3038761423756686e-7
1.0089739156337563	3.407892000580429e-7
1.0139739156337562	3.5187411417231687e-7
1.0189739156337558	3.637208180707545e-7
1.0239739156337557	3.7642027878169413e-7
1.0289739156337556	3.9007827942757573e-7
1.0339739156337553	4.048181830063712e-7
1.0389739156337552	4.2078424039317233e-7
1.0439739156337549	4.38145551955571e-7
1.0489739156337547	4.5710081428762234e-7
1.0539739156337544	4.778840101307255e-7
1.0589739156337543	5.007712314521694e-7
1.0639739156337542	5.260888639510209e-7
1.0689739156337539	5.542234072181013e-7
1.0739739156337538	5.856332598960248e-7
1.0789739156337534	6.208628652554726e-7
1.0839739156337533	6.605596917522544e-7
1.088973915633753	7.054946178789547e-7
1.093973915633753	7.56586403966504e-7
1.0989739156337526	8.149310690623655e-7
1.1039739156337525	8.818371527926234e-7
1.1089739156337524	9.588680351332e-7
1.113973915633752	1.0478927170706816e-6
1.118973915633752	1.1511467390380607e-6
1.1239739156337516	1.2713052397450627e-6
1.1289739156337515	1.4115705449069904e-6
1.1339739156337512	1.5757771342392371e-6
1.138973915633751	1.76851737844002e-6
1.143973915633751	1.9952920800218707e-6
1.1489739156337506	2.2626906088558054e-6
1.1539739156337505	2.578606312778954e-6
1.1589739156337502	2.952493924065375e-6
1.16397391563375	3.3956768918773267e-6
1.1689739156337497	3.921713963659139e-6
1.1739739156337496	4.546835921672451e-6
1.1789739156337493	5.290465146229833e-6
1.1839739156337492	6.175832590424478e-6
1.187980436725312	7.006101968786788e-6
1.1919869578168745	7.961865742887004e-6
1.1959934789084372	9.062413094044657e-6
1.2	1.0329972715184931e-5
