0.0006999999999999628	6.899042351652202e-8
0.001403500000000035	6.904347752477359e-8
0.0021105174999999296	6.909686061122964e-8
0.0028210700874998964	6.915057587844437e-8
0.003535175437937438	6.920462580284612e-8
0.004252851315127062	6.925901287303509e-8
0.004974115571702636	6.931373959756617e-8
0.005698986149561044	6.936880850585525e-8
0.006427481080308875	6.942422214883787e-8
0.007159618485710418	6.94799830995021e-8
0.007895416578138905	6.953609395336663e-8
0.008634893661029494	6.959255732890034e-8
0.00937806812933463	6.964937586791677e-8
0.010124958469981361	6.970655223594323e-8
0.010875583262331262	6.976408912257902e-8
0.01162996117864295	6.982198924184202e-8
0.012388110984536127	6.988025533250767e-8
0.013150051539458866	6.993889015844091e-8
0.013915801797156208	6.999789650893691e-8
0.014685380806142003	7.005727719904443e-8
0.015458807710172712	7.011703506990392e-8
0.01623610174872358	7.017717298907447e-8
0.017017282257467212	7.02376938508745e-8
0.017802368668754516	7.029860057671013e-8
0.01859138051209827	7.035989611541681e-8
0.019384337414658823	7.042158344360368e-8
0.020181259101732015	7.048366556599051e-8
0.020982165397240727	7.05461455157596e-8
0.02178707622422691	7.060902635490807e-8
0.02259601160534814	7.067231117459574e-8
0.02340899166337483	7.073600309551332e-8
0.024226036621691812	7.080010526823856e-8
0.02504716680480027	7.086462087360157e-8
0.025872402638824326	7.092955312306572e-8
0.02670176465201842	7.09949052590967e-8
0.02753527347527842	7.106068055554294e-8
0.028372949842654864	7.112688231802663e-8
0.0292148145918682	7.119351388433214e-8
0.03006088866482743	7.126057862480169e-8
0.03091119310815165	7.132807994274011e-8
0.0317657490736924	7.139602127482009e-8
0.03262457781906081	7.146440609149001e-8
0.03348770070815601	7.153323789740394e-8
0.034355139211696875	7.160252023183832e-8
0.035226914907755424	7.167225666911902e-8
0.03610304948229413	7.174245081906671e-8
0.03698356472970569	7.181310632743277e-8
0.03786848255335419	7.188422687635419e-8
0.038757824966120964	7.195581618480237e-8
0.03965161409095162	7.202787800904872e-8
0.04054987216140643	7.210041614313452e-8
0.04145262152221345	7.21734344193464e-8
0.04235988462982453	7.224693670869622e-8
0.04327168405297366	7.232092692141233e-8
0.0441880424732386	7.2395409007442e-8
0.04510898268560485	7.247038695694651e-8
0.046034527599032954	7.254586480082222e-8
0.04696470023702812	7.262184661121292e-8
0.04789952373821329	7.269833650204391e-8
0.048839021356904266	7.277533862955389e-8
0.04978321646368884	7.28528571928421e-8
0.05073213254600732	7.293089643441296e-8
0.05168579320873729	7.300946064074627e-8
0.052644222174780875	7.308855414286322e-8
0.05360744328565471	7.316818131689904e-8
0.054575480502083065	7.324834658469667e-8
0.055548357904593434	7.33290544143995e-8
0.056526099694116344	7.341030932105754e-8
0.0575087301925869	7.349211586723967e-8
0.05849627384354973	7.357447866366391e-8
0.05948875521276744	7.365740236982611e-8
0.06048619898883127	7.374089169464212e-8
0.061488629983775384	7.382495139710764e-8
0.06249607313369419	7.390958628696452e-8
0.06350855349936275	7.399480122536488e-8
0.06452609626685958	7.408060112556804e-8
0.06554872674819387	7.416699095363117e-8
0.06657647038193484	7.425397572911987e-8
0.06760935273384447	7.434156052582793e-8
0.06864739949751365	7.442975047250472e-8
0.0696906364950013	7.451855075360253e-8
0.07073908967747639	7.460796661002504e-8
0.07179278512586384	7.469800333990122e-8
0.07285174905149322	7.478866629935958e-8
0.0739160077967507	7.487996090332342e-8
0.07498558783573436	7.497189262631373e-8
0.07606051577491299	7.506446700326835e-8
0.07714081835378758	7.515768963037583e-8
0.07822652244555647	7.52515661659136e-8
0.07931765505778425	7.534610233111755e-8
0.0804142433330731	7.544130391104993e-8
0.08151631454973848	7.55371767554856e-8
0.08262389612248718	7.563372677982033e-8
0.0837370156030995	7.573095996598696e-8
0.0848557006811149	7.582888236338643e-8
0.0859799791845205	7.592750008984158e-8
0.08710987908044313	7.602681933255694e-8
0.08824542847584534	7.612684634910941e-8
0.08938665561822454	7.622758746843395e-8
0.09053358889631567	7.632904909185096e-8
0.09168625684079722	7.643123769408949e-8
0.09284468812500112	7.653415982434558e-8
0.09400891156562617	7.663782210734395e-8
0.0951789561234543	7.674223124442808e-8
0.09635485090407148	7.684739401466506e-8
0.09753662515859184	7.695331727597047e-8
0.0987243082843847	7.706000796625276e-8
0.09991792982580656	7.716747310457707e-8
0.10111751947493569	7.727571979234541e-8
0.10232310707231031	7.738475521450919e-8
0.1035347226076718	7.749458664079371e-8
0.10475239622071016	7.760522142693976e-8
0.10597615820181366	7.771666701597961e-8
0.10720603899282274	7.782893093953076e-8
0.10844206918778684	7.794202081910162e-8
0.10968427953372567	7.805594436744417e-8
0.1109327009313943	7.817070938990595e-8
0.11218736443605135	7.828632378581973e-8
0.11344830125823162	7.840279554992017e-8
0.11471554276452282	7.85201327737738e-8
0.11598912047834534	7.863834364725068e-8
0.11726906608073695	7.875743646000626e-8
0.11855541141114062	7.887741960300455e-8
0.11984818846819621	7.899830157006151e-8
0.12114742941053713	7.912009095941828e-8
0.12245316655758978	7.924279647533851e-8
0.1237654323903777	7.936642692974844e-8
0.12508425955232963	7.949099124389248e-8
0.12640968085009122	7.961649845002494e-8
0.1277417292543416	7.974295769313972e-8
0.1290804379006133	7.987037823271954e-8
0.13042584009011637	7.999876944453025e-8
0.1317779692905669	8.012814082243587e-8
0.13313685913701961	8.025850198026588e-8
0.13450254343270476	8.038986265369553e-8
0.13587505614986833	8.052223270218136e-8
0.13725443143061763	8.065562211092068e-8
0.13864070358777073	8.079004099285605e-8
0.14003390710570945	8.09254995907132e-8
0.14143407664123803	8.106200827907739e-8
0.1428412470244442	8.119957756651714e-8
0.1442554532595664	8.133821809773837e-8
0.14567673052586416	8.14779406557911e-8
0.1471051141784935	8.161875616430705e-8
0.14854063974938603	8.17606756897969e-8
0.149983342948133	8.190371044396792e-8
0.15143325966287374	8.204787178611745e-8
0.15289042596118813	8.219317122554742e-8
0.15435487809099402	8.233962042403872e-8
0.15582665248144906	8.24872311983779e-8
0.1573057857438562	8.263601552292078e-8
0.15879231467257537	8.27859855322226e-8
0.16028627624593816	8.293715352370751e-8
0.16178770762716785	8.308953196039701e-8
0.16329664616530362	8.324313347370104e-8
0.16481312939613008	8.339797086624707e-8
0.1663371950431107	8.355405711478468e-8
0.16786888101832628	8.37114053731394e-8
0.1694082254234178	8.387002897522696e-8
0.1709552665505349	8.402994143813615e-8
0.17251004288328747	8.419115646526164e-8
0.17407259309770393	8.435368794952059e-8
0.17564295606319252	8.451754997661356e-8
0.17722117084350858	8.468275682836861e-8
0.17880727669772617	8.484932298615228e-8
0.18040131308121476	8.501726313434861e-8
0.18200331964662084	8.518659216390929e-8
0.18361333624485401	8.535732517598458e-8
0.18523140292607826	8.552947748562377e-8
0.18685755994070874	8.570306462556364e-8
0.1884918477404122	8.587810235008418e-8
0.19013430697911424	8.605460663895949e-8
0.1917849785140098	8.62325937014786e-8
0.19344390340657974	8.641207998057242e-8
0.19511112292361268	8.659308215700908e-8
0.1967866785382308	8.677561715369183e-8
0.19847061193092203	8.695970214004574e-8
0.20016296499057665	8.71453545365055e-8
0.20186377981552947	8.733259201909277e-8
0.2035730987146071	8.752143252409724e-8
0.20529096420818022	8.77118942528644e-8
0.20701741902922113	8.790399567668291e-8
0.20875250612436722	8.809775554178572e-8
0.210496268654989	8.82931928744567e-8
0.21224874999826396	8.84903269862587e-8
0.21400999374825516	8.868917747936771e-8
0.21578004371699644	8.888976425203927e-8
0.21755894393558148	8.90921075041889e-8
0.2193467386552594	8.92962277431008e-8
0.22114347234853576	8.950214578927405e-8
0.22294918971027836	8.970988278238908e-8
0.2247639356588297	8.991946018741725e-8
0.2265877553371239	9.013089980087927e-8
0.2284206941138094	9.034422375722476e-8
0.23026279758437848	9.05594545353915e-8
0.23211411157230027	9.077661496548392e-8
0.23397468213016168	9.099572823563871e-8
0.23584455554081238	9.121681789901937e-8
0.23772377831851643	9.143990788100713e-8
0.23961239721010893	9.166502248653463e-8
0.24151045919615952	9.189218640761248e-8
0.24341801149214037	9.212142473102154e-8
0.24533510154960114	9.235276294619908e-8
0.24726177705734917	9.25862269533047e-8
0.24919808594263576	9.282184307148936e-8
0.251144076372349	9.305963804735656e-8
0.2530997967542107	9.329963906363096e-8
0.2550652957379817	9.354187374804624e-8
0.2570406222166717	9.378637018243232e-8
0.2590258253277551	9.403315691204436e-8
0.26102095445439405	9.428226295511076e-8
0.2630260592266659	9.453371781262345e-8
0.2650411895227993	9.478755147836027e-8
0.2670663954704134	9.504379444917537e-8
0.26910172744776534	9.530247773552924e-8
0.27114723608500396	9.556363287229726e-8
0.27320297226542917	9.582729192983934e-8
0.27526898712675635	9.609348752536904e-8
0.27734533206239	9.636225283458256e-8
0.2794320587227019	9.663362160361614e-8
0.2815292190163153	9.69076281612933e-8
0.2836368651113967	9.718430743168528e-8
0.28575504943695385	9.746369494700992e-8
0.28788382468413853	9.77458268608575e-8
0.29002324380755934	9.80307399617603e-8
0.29217336002659705	9.83184716871279e-8
0.29433422682673016	9.860906013753032e-8
0.29650589796086374	9.890254409138874e-8
0.29868842745066804	9.91989630200263e-8
0.30088186958792124	9.949835710313966e-8
0.3030862789358609	9.980076724467813e-8
0.30530171033054027	1.0010623508914954e-7
0.307528218882193	1.0041480303837568e-7
0.30976585997660405	1.0072651426868965e-7
0.312014689276487	1.010414127486129e-7
0.31427476272286925	1.013595432570122e-7
0.3165461365364837	1.0168095140175748e-7
0.3188288672191662	1.0200568363889512e-7
0.32112301155526213	1.0233378729235558e-7
0.32342862661303834	1.0266531057421078e-7
0.3257457697461036	1.0300030260549164e-7
0.32807449859483384	1.0333881343761031e-7
0.3304148710878078	1.0368089407436699e-7
0.33276694544324686	1.0402659649459835e-7
0.33513078017046305	1.0437597367546378e-7
0.33750643407131514	1.0472907961640604e-7
0.3398939662416715	1.0508596936379513e-7
0.3422934360728799	1.0544669903629427e-7
0.34470490325324404	1.0581132585096002e-7
0.3471284277695101	1.0617990815010363e-7
0.34956406990835764	1.065525054289462e-7
0.3520118902578995	1.0692917836408809e-7
0.354471949709189	1.0730998884282517e-7
0.3569443094577349	1.0769499999332754e-7
0.3594290310050235	1.0808427621574776e-7
0.3619261761600484	1.0847788321423515e-7
0.3644358070408486	1.0887588802994373e-7
0.36695798607605284	1.0927835907503054e-7
0.36949277600643327	1.0968536616769154e-7
0.37204023988646523	1.1009698056828522e-7
0.3746004410858973	1.1051327501655892e-7
0.3771734432913268	1.1093432377003796e-7
0.3797593105077832	1.1136020264360813e-7
0.3823581070603219	1.117909890503415e-7
0.38496989759562367	1.1222676204360662e-7
0.3875947470836016	1.1266760236050152e-7
0.3902327208190196	1.1311359246670814e-7
0.3928838844231145	1.1356481660271899e-7
0.39554830384522993	1.140213608316122e-7
0.3982260453644561	1.1448331308833514e-7
0.4009171755912785	1.1495076323059382e-7
0.40362176146923495	1.1542380309142318e-7
0.40633987027658097	1.1590252653346957e-7
0.4090715696279639	1.1638702950506745e-7
0.4118169274761037	1.1687741009818435e-7
0.4145760121134843	1.1737376860829706e-7
0.4173488921740515	1.1787620759627993e-7
0.4201356366349219	1.1838483195237624e-7
0.42293631481809635	1.1889974896235964e-7
0.4257509963921868	1.194210683759287e-7
0.42857975137414767	1.1994890247747364e-7
0.43142265013101855	1.2048336615927318e-7
0.43427976338167373	1.2102457699722786e-7
0.43715116219858224	1.2157265532925372e-7
0.44003691800957523	1.2212772433641996e-7
0.44293710259962304	1.22689910126951e-7
0.4458517881126211	1.2325934182321708e-7
0.44878104705318417	1.2383615165182713e-7
0.45172495228844983	1.244204750369718e-7
0.45468357704989204	1.2501245069712715e-7
0.4576569949351413	1.2561222074528934e-7
0.46064527990981685	1.2621993079286237e-7
0.4636485063093658	1.2683573005737966e-7
0.4666667488409128	1.2745977147421237e-7
0.4697000825851173	1.2809221181244095e-7
0.4727485829980427	1.2873321179505902e-7
0.47581232591303285	1.293829362237239e-7
0.478891387542598	1.300415541082413e-7
0.48198584448031084	1.307092388009803e-7
0.4850957737027124	1.3138616813646083e-7
0.48822125257122595	1.3207252457634193e-7
0.49136235883408197	1.3276849536004407e-7
0.4945191706282523	1.3347427266127177e-7
0.4976917664813935	1.3419005375070547e-7
0.5008802253138004	1.349160411651494e-7
0.5040846264403696	1.3565244288341803e-7
0.5073050495725715	1.363994725093058e-7
0.5105415748204343	1.371573494619486e-7
0.5137942826945365	1.379262991739347e-7
0.517063254108009	1.38706553297542e-7
0.5203485703785492	1.3949834991947435e-7
0.5236503132304419	1.403019337845241e-7
0.5269685647965939	1.4111755652859322e-7
0.5303034076205766	1.4194547692150837e-7
0.5336549246586795	1.4278596112014629e-7
0.5370231992819728	1.436392829323698e-7
0.5404083152783826	1.445057240922847e-7
0.5438103568547747	1.4538557454743474e-7
0.5472294086390483	1.4627913275851566e-7
0.5506655556822436	1.471867060122419e-7
0.5541188834606549	1.4810861074805038e-7
0.5575894778779582	1.490451728993529e-7
0.5610774252673477	1.4999672825011034e-7
0.5645828123936844	1.509636228075214e-7
0.5681057264556525	1.5194621319165431e-7
0.5716462550879309	1.5294486704299035e-7
0.5752044863633705	1.539599634487607e-7
0.5787805087951873	1.5499189338916555e-7
0.5823744113391631	1.5604106020450165e-7
0.5859862833958588	1.5710788008439028e-7
0.5896162148128381	1.5819278258029118e-7
0.5932642958869024	1.5929621114264418e-7
0.5969306173663369	1.6041862368397107e-7
0.6006152704531684	1.615604931694623e-7
0.6043183468054344	1.627223082365797e-7
0.6080399385394615	1.6390457384534192e-7
0.6117801382321587	1.6510781196112815e-7
0.6155390389233192	1.6633256227181823e-7
0.6193167341179359	1.6757938294136e-7
0.6231133177885255	1.6884885140191549e-7
0.6269288843774683	1.7014156518686613e-7
0.6307635287993556	1.7145814280718612e-7
0.6346173464433522	1.7279922467382842e-7
0.6384904331755688	1.7416547406889096e-7
0.6423828853414466	1.7555757816868822e-7
0.6462947997681537	1.769762491218891e-7
0.6502262737669944	1.7842222518624026e-7
0.6541774051358293	1.7989627192758558e-7
0.6581482921615082	1.8139918348520329e-7
0.6621390336223156	1.8293178390774712e-7
0.6661497287904271	1.844949285644036e-7
0.6701804774343789	1.8608950563625256e-7
0.6742313798215507	1.8771643769316574e-7
0.6783025367206585	1.8937668336200055e-7
0.682394049404262	1.9107123909228395e-7
0.6865060196512833	1.92801141026108e-7
0.6906385497495399	1.9456746697941067e-7
0.6947917424982876	1.9637133854248555e-7
0.6989657012107791	1.9821392330812336e-7
0.7031605297168331	2.0009643723652248e-7
0.7073763323654171	2.0202014716684165e-7
0.7116132140272443	2.0398637348608946e-7
0.7158712800973803	2.0599649296701217e-7
0.7201506364978669	2.080519417875207e-7
0.724451389680356	2.1015421874545502e-7
0.7287736466287575	2.123048886835312e-7
0.7331175148619014	2.145055861408078e-7
0.737483102436211	2.1675801924834384e-7
0.7418705179483918	2.1906397388846942e-7
0.7462798705381338	2.214253181388184e-7
0.7507112698908246	2.2384400702434857e-7
0.7551648262402787	2.263220876027735e-7
0.7596406503714802	2.288617044113466e-7
0.7641388536233378	2.3146510530575126e-7
0.7686595478914543	2.341346477249566e-7
0.7732028456309116	2.3687280541942275e-7
0.777768859859066	2.396821756840389e-7
0.7823577041583611	2.42565487141588e-7
0.7869694926791531	2.455256081276812e-7
0.7916043401425489	2.4856555573379616e-7
0.7962623618432616	2.516885055716213e-7
0.8009436736524779	2.5489780232947015e-7
0.8056483920207402	2.581969712000415e-7
0.8103766339808439	2.615897302686784e-7
0.8151285171507483	2.650800039627988e-7
0.8199041597365018	2.6867193767631083e-7
0.8247036805351844	2.723699136981489e-7
0.8295271989378604	2.7617856859216764e-7
0.8343748349325497	2.801028121964869e-7
0.8392467091072124	2.841478484351956e-7
0.8441429426527486	2.8831919816446117e-7
0.8490636573660123	2.9262272430966727e-7
0.8540089756528424	2.970646595912518e-7
0.8589790205311068	3.016516371860906e-7
0.8639739156337622	3.063907247299213e-7
0.868973915633762	3.112697971204478e-7
0.8739739156337618	3.1628985701088135e-7
0.8789739156337616	3.214570282523609e-7
0.8839739156337615	3.267778087958968e-7
0.8889739156337613	3.322591029670031e-7
0.893973915633761	3.379082576312342e-7
0.8989739156337608	3.437331028665656e-7
0.9039739156337606	3.497419978612654e-7
0.9089739156337604	3.559438828873649e-7
0.9139739156337602	3.623483383570504e-7
0.91897391563376	3.689656521577469e-7
0.9239739156337599	3.758068966867889e-7
0.9289739156337596	3.828840172769157e-7
0.9339739156337594	3.902099340275596e-7
0.9389739156337592	3.9779865944568246e-7
0.943973915633759	4.0566543476618546e-7
0.9489739156337588	4.138268883823755e-7
0.9539739156337586	4.223012204897983e-7
0.9589739156337583	4.3110841885600115e-7
0.9639739156337582	4.4027051160107815e-7
0.968973915633758	4.49811864043672e-7
0.9739739156337578	4.5975952807416363e-7
0.9789739156337576	4.701436542094375e-7
0.9839739156337574	4.809979785210578e-7
0.9889739156337571	4.923603990803474e-7
0.9939739156337569	5.042736595155587e-7
0.9989739156337567	5.167861608289637e-7
1.0039739156337566	5.29952926899384e-7
1.0089739156337563	5.438367542448664e-7
1.0139739156337562	5.585095828202017e-7
1.0189739156337558	5.740541320869692e-7
1.0239739156337557	5.905658555785022e-7
1.0289739156337556	6.081552779960285e-7
1.0339739156337553	6.269507918868026e-7
1.0389739156337552	6.471020066159353e-7
1.0439739156337549	6.687837611837913e-7
1.0489739156337547	6.922009351020186e-7
1.0539739156337544	7.175942187898671e-7
1.0589739156337543	7.45247037707422e-7
1.0639739156337542	7.754938638031015e-7
1.0689739156337539	8.087301951329887e-7
1.0739739156337538	8.454245412792983e-7
1.0789739156337534	8.861328203276158e-7
1.0839739156337533	9.31515654892841e-7
1.088973915633753	9.823591526728243e-7
1.093973915633753	1.0395998744284813e-6
1.0989739156337526	1.1043548329104128e-6
1.1039739156337525	1.177957534558346e-6
1.1089739156337524	1.2620012771223622e-6
1.113973915633752	1.358391157018253e-6
1.118973915633752	1.469406527746939e-6
1.1239739156337516	1.5977759939882368e-6
1.1289739156337515	1.7467674355820583e-6
1.1339739156337512	1.9202960440340496e-6
1.138973915633751	2.1230539361924423e-6
1.143973915633751	2.360665602697914e-6
1.1489739156337506	2.6398742730006663e-6
1.1539739156337505	2.9687652576041318e-6
1.1589739156337502	3.357033488299837e-6
1.16397391563375	3.816303847703483e-6
1.1689739156337497	4.360514490778086e-6
1.1739739156337496	5.0063752418764905e-6
1.1789739156337493	5.773915322469693e-6
1.1839739156337492	6.687137131991108e-6
1.187980436725312	7.543225345812811e-6
1.1919869578168745	8.528599337301498e-6
1.1959934789084372	9.663318425932813e-6
1.2	1.0970557203772082e-5
