0.0006999999999999628	1.4547330712741075e-7
0.001403500000000035	1.4557011117776e-7
0.0021105174999999296	1.4566750575081544e-7
0.0028210700874998964	1.457654960115361e-7
0.003535175437937438	1.4586408627283424e-7
0.004252851315127062	1.4596328087329873e-7
0.004974115571702636	1.4606308418585424e-7
0.005698986149561044	1.4616350061910781e-7
0.006427481080308875	1.4626453461833257e-7
0.007159618485710418	1.4636619066630974e-7
0.007895416578138905	1.4646847328404359e-7
0.008634893661029494	1.465713870314349e-7
0.00937806812933463	1.466749365078995e-7
0.010124958469981361	1.4677912635296435e-7
0.010875583262331262	1.468839612468197e-7
0.01162996117864295	1.4698944591091167e-7
0.012388110984536127	1.4709558510846962e-7
0.013150051539458866	1.4720238364505123e-7
0.013915801797156208	1.4730984636909433e-7
0.014685380806142003	1.4741797817245747e-7
0.015458807710172712	1.4752678399094657e-7
0.01623610174872358	1.476362688048755e-7
0.017017282257467212	1.4774643763959593e-7
0.017802368668754516	1.4785729556604942e-7
0.01859138051209827	1.4796884770132443e-7
0.019384337414658823	1.4808109920920594e-7
0.020181259101732015	1.4819405530072713e-7
0.020982165397240727	1.4830772123473906e-7
0.02178707622422691	1.484221023184919e-7
0.02259601160534814	1.4853720390819817e-7
0.02340899166337483	1.4865303140960905e-7
0.024226036621691812	1.487695902786179e-7
0.02504716680480027	1.4888688602185092e-7
0.025872402638824326	1.4900492419726057e-7
0.02670176465201842	1.4912371041474498e-7
0.02753527347527842	1.4924325033675226e-7
0.028372949842654864	1.4936354967892374e-7
0.0292148145918682	1.4948461421070947e-7
0.03006088866482743	1.4960644975602112e-7
0.03091119310815165	1.4972906219386746e-7
0.0317657490736924	1.4985245745902807e-7
0.03262457781906081	1.4997664154270255e-7
0.03348770070815601	1.5010162049320749e-7
0.034355139211696875	1.502274004166366e-7
0.035226914907755424	1.5035398747758177e-7
0.03610304948229413	1.50481387899804e-7
0.03698356472970569	1.5060960796698375e-7
0.03786848255335419	1.507386540234131e-7
0.038757824966120964	1.5086853247475672e-7
0.03965161409095162	1.5099924978876795e-7
0.04054987216140643	1.5113081249606663e-7
0.04145262152221345	1.512632271908936e-7
0.04235988462982453	1.5139650053189521e-7
0.04327168405297366	1.5153063924290191e-7
0.0441880424732386	1.5166565011373226e-7
0.04510898268560485	1.5180154000100455e-7
0.046034527599032954	1.519383158289609e-7
0.04696470023702812	1.5207598459030402e-7
0.04789952373821329	1.522145533470299e-7
0.048839021356904266	1.5235402923130756e-7
0.04978321646368884	1.5249441944634399e-7
0.05073213254600732	1.526357312672633e-7
0.05168579320873729	1.5277797204201138e-7
0.052644222174780875	1.5292114919227056e-7
0.05360744328565471	1.5306527021438603e-7
0.054575480502083065	1.5321034268029383e-7
0.055548357904593434	1.533563742384877e-7
0.056526099694116344	1.535033726149828e-7
0.0575087301925869	1.536513456143002e-7
0.05849627384354973	1.538003011204648e-7
0.05948875521276744	1.5395024709801912e-7
0.06048619898883127	1.5410119159304315e-7
0.061488629983775384	1.5425314273421976e-7
0.06249607313369419	1.544061087338743e-7
0.06350855349936275	1.5456009788906697e-7
0.06452609626685958	1.547151185826789e-7
0.06554872674819387	1.5487117928451773e-7
0.06657647038193484	1.5502828855246775e-7
0.06760935273384447	1.5518645503360297e-7
0.06864739949751365	1.553456874653857e-7
0.0696906364950013	1.5550599467682024e-7
0.07073908967747639	1.5566738558967298e-7
0.07179278512586384	1.5582986921968132e-7
0.07285174905149322	1.559934546777927e-7
0.0739160077967507	1.561581511714282e-7
0.07498558783573436	1.563239680057656e-7
0.07606051577491299	1.5649091458502093e-7
0.07714081835378758	1.5665900041379029e-7
0.07822652244555647	1.568282350983688e-7
0.07931765505778425	1.569986283481355e-7
0.0804142433330731	1.5717018997692076e-7
0.08151631454973848	1.573429299044229e-7
0.08262389612248718	1.5751685815762993e-7
0.0837370156030995	1.5769198487228284e-7
0.0848557006811149	1.5786832029434465e-7
0.0859799791845205	1.580458747815008e-7
0.08710987908044313	1.5822465880469727e-7
0.08824542847584534	1.584046829496648e-7
0.08938665561822454	1.5858595791853377e-7
0.09053358889631567	1.5876849453139165e-7
0.09168625684079722	1.5895230372795702e-7
0.09284468812500112	1.5913739656920284e-7
0.09400891156562617	1.5932378423904423e-7
0.0951789561234543	1.595114780460717e-7
0.09635485090407148	1.5970048942527024e-7
0.09753662515859184	1.5989082993979333e-7
0.0987243082843847	1.6008251128277217e-7
0.09991792982580656	1.6027554527912757e-7
0.10111751947493569	1.6046994388745046e-7
0.10232310707231031	1.6066571920188747e-7
0.1035347226076718	1.6086288345406276e-7
0.10475239622071016	1.6106144901503817e-7
0.10597615820181366	1.6126142839731027e-7
0.10720603899282274	1.6146283425682357e-7
0.10844206918778684	1.6166567939503792e-7
0.10968427953372567	1.6186997676103928e-7
0.1109327009313943	1.620757394536458e-7
0.11218736443605135	1.6228298072360482e-7
0.11344830125823162	1.6249171397577488e-7
0.11471554276452282	1.6270195277139334e-7
0.11598912047834534	1.6291371083035472e-7
0.11726906608073695	1.6312700203353754e-7
0.11855541141114062	1.6334184042516852e-7
0.11984818846819621	1.635582402152355e-7
0.12114742941053713	1.6377621578194536e-7
0.12245316655758978	1.6399578167420853e-7
0.1237654323903777	1.6421695261418108e-7
0.12508425955232963	1.6443974349986596e-7
0.12640968085009122	1.6466416940773273e-7
0.1277417292543416	1.648902455953924e-7
0.1290804379006133	1.651179875043473e-7
0.13042584009011637	1.6534741076274272e-7
0.1317779692905669	1.6557853118821646e-7
0.13313685913701961	1.658113647907745e-7
0.13450254343270476	1.660459277757209e-7
0.13587505614986833	1.6628223654663638e-7
0.13725443143061763	1.6652030770845263e-7
0.13864070358777073	1.667601580705052e-7
0.14003390710570945	1.6700180464973606e-7
0.14143407664123803	1.6724526467386423e-7
0.1428412470244442	1.6749055558470176e-7
0.1442554532595664	1.6773769504145876e-7
0.14567673052586416	1.6798670092415893e-7
0.1471051141784935	1.6823759133709807e-7
0.14854063974938603	1.6849038461236502e-7
0.149983342948133	1.6874509931345617e-7
0.15143325966287374	1.6900175423891726e-7
0.15289042596118813	1.692603684260891e-7
0.15435487809099402	1.6952096115490863e-7
0.15582665248144906	1.6978355195179175e-7
0.1573057857438562	1.700481605935786e-7
0.15879231467257537	1.7031480711157167e-7
0.16028627624593816	1.7058351179563717e-7
0.16178770762716785	1.708542951983871e-7
0.16329664616530362	1.7112717813946787e-7
0.16481312939613008	1.714021817098825e-7
0.1663371950431107	1.716793272764653e-7
0.16786888101832628	1.719586364863729e-7
0.1694082254234178	1.722401312717242e-7
0.1709552665505349	1.7252383385429336e-7
0.17251004288328747	1.728097667503152e-7
0.17407259309770393	1.7309795277538803e-7
0.17564295606319252	1.7338841504944813e-7
0.17722117084350858	1.7368117700189684e-7
0.17880727669772617	1.7397626237675736e-7
0.18040131308121476	1.7427369523802067e-7
0.18200331964662084	1.7457349997502253e-7
0.18361333624485401	1.7487570130798384e-7
0.18523140292607826	1.7518032429364175e-7
0.18685755994070874	1.7548739433098852e-7
0.1884918477404122	1.7579693716715743e-7
0.19013430697911424	1.7610897890339468e-7
0.1917849785140098	1.7642354600118821e-7
0.19344390340657974	1.767406652884993e-7
0.19511112292361268	1.7706036396613858e-7
0.1967866785382308	1.7738266961426492e-7
0.19847061193092203	1.777076101990387e-7
0.20016296499057665	1.7803521407939354e-7
0.20186377981552947	1.7836551001396413e-7
0.2035730987146071	1.7869852716816525e-7
0.20529096420818022	1.7903429512140647e-7
0.20701741902922113	1.7937284387448154e-7
0.20875250612436722	1.7971420385709354e-7
0.210496268654989	1.8005840593556575e-7
0.21224874999826396	1.8040548142070078e-7
0.21400999374825516	1.807554620758266e-7
0.21578004371699644	1.8110838012500082e-7
0.21755894393558148	1.8146426826140105e-7
0.2193467386552594	1.8182315965591695e-7
0.22114347234853576	1.8218508796589664e-7
0.22294918971027836	1.8255008734412577e-7
0.2247639356588297	1.8291819244796908e-7
0.2265877553371239	1.8328943844874746e-7
0.2284206941138094	1.8366386104130413e-7
0.23026279758437848	1.8404149645379502e-7
0.23211411157230027	1.8442238145769985e-7
0.23397468213016168	1.8480655337804633e-7
0.23584455554081238	1.8519405010389254e-7
0.23772377831851643	1.855849100990265e-7
0.23961239721010893	1.8597917241291627e-7
0.24151045919615952	1.8637687669191988e-7
0.24341801149214037	1.8677806319073953e-7
0.24533510154960114	1.871827727841574e-7
0.24726177705734917	1.875910469790309e-7
0.24919808594263576	1.8800292792657656e-7
0.251144076372349	1.884184584349326e-7
0.2530997967542107	1.8883768198204086e-7
0.2550652957379817	1.8926064272877914e-7
0.2570406222166717	1.8968738553249194e-7
0.2590258253277551	1.9011795596074355e-7
0.26102095445439405	1.9055240030548444e-7
0.2630260592266659	1.9099076559750166e-7
0.2650411895227993	1.9143309962124806e-7
0.2670663954704134	1.9187945093002792e-7
0.26910172744776534	1.9232986886152065e-7
0.27114723608500396	1.927844035537355e-7
0.27320297226542917	1.9324310596131912e-7
0.27526898712675635	1.9370602787225673e-7
0.27734533206239	1.9417322192502833e-7
0.2794320587227019	1.9464474162615616e-7
0.2815292190163153	1.9512064136819743e-7
0.2836368651113967	1.9560097644819086e-7
0.28575504943695385	1.9608580308656613e-7
0.28788382468413853	1.9657517844651904e-7
0.29002324380755934	1.9706916065389927e-7
0.29217336002659705	1.9756780881759392e-7
0.29433422682673016	1.980711830504189e-7
0.29650589796086374	1.985793444905633e-7
0.29868842745066804	1.9909235532358663e-7
0.30088186958792124	1.9961027880497175e-7
0.3030862789358609	2.00133179283284e-7
0.30530171033054027	2.006611222239095e-7
0.307528218882193	2.011941742334469e-7
0.30976585997660405	2.017324030847137e-7
0.312014689276487	2.0227587774243108e-7
0.31427476272286925	2.0282466838959066e-7
0.3165461365364837	2.0337884645451394e-7
0.3188288672191662	2.0393848463865098e-7
0.32112301155526213	2.0450365694512395e-7
0.32342862661303834	2.0507443870803812e-7
0.3257457697461036	2.056509066225974e-7
0.32807449859483384	2.0623313877603238e-7
0.3304148710878078	2.068212146793976e-7
0.33276694544324686	2.0741521530021875e-7
0.33513078017046305	2.0801522309606522e-7
0.33750643407131514	2.0862132204904387e-7
0.3398939662416715	2.0923359770126602e-7
0.3422934360728799	2.098521371913114e-7
0.34470490325324404	2.1047702929170725e-7
0.3471284277695101	2.111083644474921e-7
0.34956406990835764	2.1174623481585893e-7
0.3520118902578995	2.1239073430694174e-7
0.354471949709189	2.1304195862578407e-7
0.3569443094577349	2.1370000531550996e-7
0.3594290310050235	2.143649738017405e-7
0.3619261761600484	2.150369654383302e-7
0.3644358070408486	2.1571608355443366e-7
0.36695798607605284	2.1640243350295577e-7
0.36949277600643327	2.1709612271044538e-7
0.37204023988646523	2.1779726072846341e-7
0.3746004410858973	2.1850595928651148e-7
0.3771734432913268	2.192223323465271e-7
0.3797593105077832	2.1994649615904171e-7
0.3823581070603219	2.2067856932103122e-7
0.38496989759562367	2.2141867283556704e-7
0.3875947470836016	2.221669301732529e-7
0.3902327208190196	2.2292346733558682e-7
0.3928838844231145	2.2368841292027864e-7
0.39554830384522993	2.2446189818863266e-7
0.3982260453644561	2.2524405713498174e-7
0.4009171755912785	2.2603502655837046e-7
0.40362176146923495	2.2683494613648098e-7
0.40633987027658097	2.276439585019098e-7
0.4090715696279639	2.2846220932090806e-7
0.4118169274761037	2.2928984737464028e-7
0.4145760121134843	2.3012702464307714e-7
0.4173488921740515	2.3097389639162e-7
0.4201356366349219	2.318306212605634e-7
0.42293631481809635	2.326973613574954e-7
0.4257509963921868	2.3357428235277444e-7
0.42857975137414767	2.344615535781406e-7
0.43142265013101855	2.3535934812868548e-7
0.43427976338167373	2.3626784296820675e-7
0.43715116219858224	2.3718721903814742e-7
0.44003691800957523	2.3811766137024533e-7
0.44293710259962304	2.390593592030246e-7
0.4458517881126211	2.4001250610233214e-7
0.44878104705318417	2.4097730008598706e-7
0.45172495228844983	2.419539437528444e-7
0.45468357704989204	2.429426444163321e-7
0.4576569949351413	2.439436142427055e-7
0.46064527990981685	2.449570703942117e-7
0.4636485063093658	2.4598323517736464e-7
0.4666667488409128	2.4702233619650593e-7
0.4697000825851173	2.480746065129636e-7
0.4727485829980427	2.4914028480994634e-7
0.47581232591303285	2.502196155634674e-7
0.478891387542598	2.513128492195989e-7
0.48198584448031084	2.5242024237821393e-7
0.4850957737027124	2.535420579836217e-7
0.48822125257122595	2.546785655223235e-7
0.49136235883408197	2.558300412282057e-7
0.4945191706282523	2.5699676829555437e-7
0.4976917664813935	2.5817903710018743e-7
0.5008802253138004	2.5937714542904887e-7
0.5040846264403696	2.6059139871873516e-7
0.5073050495725715	2.6182211030326604e-7
0.5105415748204343	2.6306960167158264e-7
0.5137942826945365	2.6433420273519663e-7
0.517063254108009	2.656162521064515e-7
0.5203485703785492	2.6691609738790513e-7
0.5236503132304419	2.6823409547339257e-7
0.5269685647965939	2.695706128612129e-7
0.5303034076205766	2.7092602598015067e-7
0.5336549246586795	2.723007215288477e-7
0.5370231992819728	2.736950968292224e-7
0.5404083152783826	2.7510956019458636e-7
0.5438103568547747	2.765445313131981e-7
0.5472294086390483	2.780004416480218e-7
0.5506655556822436	2.794777348534435e-7
0.5541188834606549	2.809768672099027e-7
0.5575894778779582	2.824983080771573e-7
0.5610774252673477	2.840425403673459e-7
0.5645828123936844	2.8561006103869975e-7
0.5681057264556525	2.872013816109961e-7
0.5716462550879309	2.888170287039323e-7
0.5752044863633705	2.904575445995715e-7
0.5787805087951873	2.921234878301351e-7
0.5823744113391631	2.9381543379247833e-7
0.5859862833958588	2.9553397539067904e-7
0.5896162148128381	2.972797237082822e-7
0.5932642958869024	2.9905330871172177e-7
0.5969306173663369	3.008553799867308e-7
0.6006152704531684	3.026866075094749e-7
0.6043183468054344	3.0454768245435405e-7
0.6080399385394615	3.06439318040536e-7
0.6117801382321587	3.083622504194174e-7
0.6155390389233192	3.103172396052685e-7
0.6193167341179359	3.12305070451621e-7
0.6231133177885255	3.143265536759987e-7
0.6269288843774683	3.163825269357642e-7
0.6307635287993556	3.184738559581674e-7
0.6346173464433522	3.2060143572771366e-7
0.6384904331755688	3.2276619173435917e-7
0.6423828853414466	3.2496908128610426e-7
0.6462947997681537	3.272110948899424e-7
0.6502262737669944	3.2949325770538763e-7
0.6541774051358293	3.318166310749311e-7
0.6581482921615082	3.3418231413639747e-7
0.6621390336223156	3.3659144552218207e-7
0.6661497287904271	3.390452051509778e-7
0.6701804774343789	3.415448161179039e-7
0.6742313798215507	3.4409154668930017e-7
0.6783025367206585	3.466867124091784e-7
0.682394049404262	3.4933167832448357e-7
0.6865060196512833	3.52027861337223e-7
0.6906385497495399	3.54776732691823e-7
0.6947917424982876	3.5757982060703393e-7
0.6989657012107791	3.6043871306214173e-7
0.7031605297168331	3.6335506074816723e-7
0.7073763323654171	3.6633058019565144e-7
0.7116132140272443	3.693670570914142e-7
0.7158712800973803	3.724663497977025e-7
0.7201506364978669	3.756303930885185e-7
0.724451389680356	3.7886120211868267e-7
0.7287736466287575	3.8216087664305733e-7
0.7331175148619014	3.8553160550430953e-7
0.737483102436211	3.889756714097252e-7
0.7418705179483918	3.9249545601902344e-7
0.7462798705381338	3.9609344536718783e-7
0.7507112698908246	3.997722356486876e-7
0.7551648262402787	4.0353453939167207e-7
0.7596406503714802	4.0738319205358873e-7
0.7641388536233378	4.113211590726103e-7
0.7686595478914543	4.15351543412674e-7
0.7732028456309116	4.1947759364360983e-7
0.777768859859066	4.237027126022421e-7
0.7823577041583611	4.2803046668473333e-7
0.7869694926791531	4.324645958262797e-7
0.7916043401425489	4.3700902422993697e-7
0.7962623618432616	4.4166787191327004e-7
0.8009436736524779	4.4644546714954435e-7
0.8056483920207402	4.5134635988884207e-7
0.8103766339808439	4.5637533625488845e-7
0.8151285171507483	4.615374342249659e-7
0.8199041597365018	4.668379606140529e-7
0.8247036805351844	4.7228250949982614e-7
0.8295271989378604	4.778769822436556e-7
0.8343748349325497	4.836276092838805e-7
0.8392467091072124	4.895409739028768e-7
0.8441429426527486	4.956240381987117e-7
0.8490636573660123	5.01884171527228e-7
0.8540089756528424	5.083291817214751e-7
0.8589790205311068	5.14967349444975e-7
0.8639739156337622	5.218074660939222e-7
0.868973915633762	5.288306074226911e-7
0.8739739156337618	5.360368440525396e-7
0.8789739156337616	5.434335378727847e-7
0.8839739156337615	5.510284698038101e-7
0.8889739156337613	5.588298737109635e-7
0.893973915633761	5.668464742329194e-7
0.8989739156337608	5.750875291447331e-7
0.9039739156337606	5.835628769703846e-7
0.9089739156337604	5.922829906910923e-7
0.9139739156337602	6.012590385526759e-7
0.91897391563376	6.105029531636157e-7
0.9239739156337599	6.200275103008702e-7
0.9289739156337596	6.298464191116562e-7
0.9339739156337594	6.399744257239864e-7
0.9389739156337592	6.504274326691939e-7
0.943973915633759	6.612226369886176e-7
0.9489739156337588	6.723786904602114e-7
0.9539739156337586	6.839158860588021e-7
0.9589739156337583	6.958563755787907e-7
0.9639739156337582	7.0822442432951e-7
0.968973915633758	7.210467099938353e-7
0.9739739156337578	7.343526741618672e-7
0.9789739156337576	7.48174936763384e-7
0.9839739156337574	7.625497856820317e-7
0.9889739156337571	7.775177563170086e-7
0.9939739156337569	7.931243188453534e-7
0.9989739156337567	8.094206945379556e-7
1.0039739156337566	8.264648268170278e-7
1.0089739156337563	8.4432253796425e-7
1.0139739156337562	8.63068908676541e-7
1.0189739156337558	8.82789925238953e-7
1.0239739156337557	9.035844482023737e-7
1.0289739156337556	9.255665674317576e-7
1.0339739156337553	9.488684216061969e-7
1.0389739156337552	9.73643576158212e-7
1.0439739156337549	1.0000710727792987e-6
1.0489739156337547	1.028360286646207e-6
1.0539739156337544	1.0587567552169381e-6
1.0589739156337543	1.0915491757466483e-6
1.0639739156337542	1.1270778087024446e-6
1.0689739156337539	1.1657445723563167e-6
1.0739739156337538	1.2080251716149494e-6
1.0789739156337534	1.2544836735250463e-6
1.0839739156337533	1.305790025172899e-6
1.088973915633753	1.3627411096197404e-6
1.093973915633753	1.4262860553603803e-6
1.0989739156337526	1.497556658479366e-6
1.1039739156337525	1.5779039488758703e-6
1.1089739156337524	1.6689421382239587e-6
1.113973915633752	1.7726014343892763e-6
1.118973915633752	1.8911915027975758e-6
1.1239739156337516	2.0274777092564147e-6
1.1289739156337515	2.1847727023348996e-6
1.1339739156337512	2.36704640019067e-6
1.138973915633751	2.579058052945564e-6
1.143973915633751	2.8265147767336514e-6
1.1489739156337506	3.116261822485422e-6
1.1539739156337505	3.4565108787638333e-6
1.1589739156337502	3.857113945747255e-6
1.16397391563375	4.329891794124775e-6
1.1689739156337497	4.889027780528849e-6
1.1739739156337496	5.551539876245047e-6
1.1789739156337493	6.337846225050335e-6
1.1839739156337492	7.272442420537607e-6
1.187980436725312	8.14795668786492e-6
1.1919869578168745	9.155236301713226e-6
1.1959934789084372	1.031483297844059e-5
1.2	1.165052874058682e-5
