0.0006999999999999628	2.196325967146803e-8
0.001403500000000035	2.198263117571924e-8
0.0021105174999999296	2.2002124942348106e-8
0.0028210700874998964	2.202174213900785e-8
0.003535175437937438	2.2041483720074617e-8
0.004252851315127062	2.2061350643571925e-8
0.004974115571702636	2.2081343874890783e-8
0.005698986149561044	2.210146438729479e-8
0.006427481080308875	2.212171316226585e-8
0.007159618485710418	2.21420911897822e-8
0.007895416578138905	2.2162599468555167e-8
0.008634893661029494	2.21832390062397e-8
0.00937806812933463	2.2204010819624068e-8
0.010124958469981361	2.2224915934806156e-8
0.010875583262331262	2.2245955387361714e-8
0.01162996117864295	2.2267130222500665e-8
0.012388110984536127	2.2288441495225342e-8
0.013150051539458866	2.2309890270475256e-8
0.013915801797156208	2.2331477623278047e-8
0.014685380806142003	2.2353204638892875e-8
0.015458807710172712	2.2375072412955587e-8
0.01623610174872358	2.239708205162129e-8
0.017017282257467212	2.241923467170737e-8
0.017802368668754516	2.2441531400838106e-8
0.01859138051209827	2.2463973377586797e-8
0.019384337414658823	2.248656175162205e-8
0.020181259101732015	2.2509297683852687e-8
0.020982165397240727	2.253218234657404e-8
0.02178707622422691	2.2555216923616725e-8
0.02259601160534814	2.2578402610495467e-8
0.02340899166337483	2.2601740614561042e-8
0.024226036621691812	2.262523215515208e-8
0.02504716680480027	2.2648878463749924e-8
0.025872402638824326	2.267268078413503e-8
0.02670176465201842	2.2696640372544177e-8
0.02753527347527842	2.272075849783375e-8
0.028372949842654864	2.2745036441638477e-8
0.0292148145918682	2.276947549853867e-8
0.03006088866482743	2.2794076976224967e-8
0.03091119310815165	2.2818842195669226e-8
0.0317657490736924	2.284377249129462e-8
0.03262457781906081	2.286886921115037e-8
0.03348770070815601	2.2894133717087273e-8
0.034355139211696875	2.2919567384936962e-8
0.035226914907755424	2.2945171604692744e-8
0.03610304948229413	2.2970947780694902e-8
0.03698356472970569	2.2996897331816198e-8
0.03786848255335419	2.3023021691651818e-8
0.038757824966120964	2.3049322308711663e-8
0.03965161409095162	2.3075800646615238e-8
0.04054987216140643	2.310245818429046e-8
0.04145262152221345	2.3129296416174326e-8
0.04235988462982453	2.3156316852417367e-8
0.04327168405297366	2.3183521019090164e-8
0.0441880424732386	2.3210910458394583e-8
0.04510898268560485	2.3238486728877524e-8
0.046034527599032954	2.326625140564675e-8
0.04696470023702812	2.3294206080592855e-8
0.04789952373821329	2.3322352362612457e-8
0.048839021356904266	2.3350691877834462e-8
0.04978321646368884	2.3379226269852646e-8
0.05073213254600732	2.3407957199958667e-8
0.05168579320873729	2.343688634738108e-8
0.052644222174780875	2.346601540952734e-8
0.05360744328565471	2.3495346102229125e-8
0.054575480502083065	2.3524880159992065e-8
0.055548357904593434	2.3554619336250344e-8
0.056526099694116344	2.3584565403623487e-8
0.0575087301925869	2.3614720154179233e-8
0.05849627384354973	2.3645085399698375e-8
0.05948875521276744	2.3675662971946853e-8
0.06048619898883127	2.3706454722950158e-8
0.061488629983775384	2.373746252527255e-8
0.06249607313369419	2.3768688272300713e-8
0.06350855349936275	2.3800133878533068e-8
0.06452609626685958	2.38318012798734e-8
0.06554872674819387	2.3863692433927947e-8
0.06657647038193484	2.389580932030956e-8
0.06760935273384447	2.392815394094625e-8
0.06864739949751365	2.396072832039315e-8
0.0696906364950013	2.3993534506153058e-8
0.07073908967747639	2.4026574568998125e-8
0.07179278512586384	2.4059850603302046e-8
0.07285174905149322	2.4093364727372116e-8
0.0739160077967507	2.412711908379227e-8
0.07498558783573436	2.4161115839767966e-8
0.07606051577491299	2.4195357187479097e-8
0.07714081835378758	2.4229845344438427e-8
0.07822652244555647	2.4264582553855774e-8
0.07931765505778425	2.4299571085008936e-8
0.0804142433330731	2.433481323362055e-8
0.08151631454973848	2.437031132224214e-8
0.08262389612248718	2.4406067700643312e-8
0.0837370156030995	2.4442084746210233e-8
0.0848557006811149	2.4478364864348957e-8
0.0859799791845205	2.4514910488895697e-8
0.08710987908044313	2.455172408253579e-8
0.08824542847584534	2.4588808137229155e-8
0.08938665561822454	2.46261651746442e-8
0.09053358889631567	2.466379774659521e-8
0.09168625684079722	2.4701708435495976e-8
0.09284468812500112	2.4739899854811465e-8
0.09400891156562617	2.4778374649524976e-8
0.0951789561234543	2.4817135496611082e-8
0.09635485090407148	2.485618510551574e-8
0.09753662515859184	2.4895526218647087e-8
0.0987243082843847	2.4935161611874465e-8
0.09991792982580656	2.4975094095035932e-8
0.10111751947493569	2.5015326512454954e-8
0.10232310707231031	2.505586174346857e-8
0.1035347226076718	2.5096702702961537e-8
0.10475239622071016	2.5137852341913424e-8
0.10597615820181366	2.5179313647954235e-8
0.10720603899282274	2.5221089645930438e-8
0.10844206918778684	2.5263183398482598e-8
0.10968427953372567	2.5305598006630375e-8
0.1109327009313943	2.5348336610373177e-8
0.11218736443605135	2.5391402389298792e-8
0.11344830125823162	2.5434798563203507e-8
0.11471554276452282	2.5478528392724422e-8
0.11598912047834534	2.552259517998541e-8
0.11726906608073695	2.5567002269250893e-8
0.11855541141114062	2.561175304759716e-8
0.11984818846819621	2.565685094559232e-8
0.12114742941053713	2.5702299437991228e-8
0.12245316655758978	2.5748102044444e-8
0.1237654323903777	2.579426233021539e-8
0.12508425955232963	2.584078390692133e-8
0.12640968085009122	2.5887670433278777e-8
0.1277417292543416	2.5934925615867713e-8
0.1290804379006133	2.5982553209911587e-8
0.13042584009011637	2.6030557020069692e-8
0.1317779692905669	2.607894090124608e-8
0.13313685913701961	2.612770875941634e-8
0.13450254343270476	2.6176864552467105e-8
0.13587505614986833	2.62264122910549e-8
0.13725443143061763	2.627635603947939e-8
0.13864070358777073	2.6326699916577523e-8
0.14003390710570945	2.637744809663157e-8
0.14143407664123803	2.6428604810297407e-8
0.1428412470244442	2.648017434555173e-8
0.1442554532595664	2.6532161048656505e-8
0.14567673052586416	2.6584569325143848e-8
0.1471051141784935	2.6637403640821696e-8
0.14854063974938603	2.669066852279868e-8
0.149983342948133	2.6744368560528817e-8
0.15143325966287374	2.679850840688018e-8
0.15289042596118813	2.6853092779223435e-8
0.15435487809099402	2.690812646054389e-8
0.15582665248144906	2.6963614300574222e-8
0.1573057857438562	2.7019561216954875e-8
0.15879231467257537	2.7075972196412678e-8
0.16028627624593816	2.7132852295969632e-8
0.16178770762716785	2.7190206644173473e-8
0.16329664616530362	2.72480404423545e-8
0.16481312939613008	2.7306358965910837e-8
0.1663371950431107	2.7365167565617577e-8
0.16786888101832628	2.7424471668965654e-8
0.1694082254234178	2.7484276781528556e-8
0.1709552665505349	2.7544588488358782e-8
0.17251004288328747	2.7605412455413965e-8
0.17407259309770393	2.766675443101201e-8
0.17564295606319252	2.7728620247318957e-8
0.17722117084350858	2.7791015821870115e-8
0.17880727669772617	2.7853947159120912e-8
0.18040131308121476	2.7917420352034254e-8
0.18200331964662084	2.79814415837017e-8
0.18361333624485401	2.8046017128998996e-8
0.18523140292607826	2.811115335628023e-8
0.18685755994070874	2.817685672910609e-8
0.1884918477404122	2.8243133808014222e-8
0.19013430697911424	2.8309991252326013e-8
0.1917849785140098	2.8377435821993568e-8
0.19344390340657974	2.8445474379491367e-8
0.19511112292361268	2.851411389174434e-8
0.1967866785382308	2.858336143210605e-8
0.19847061193092203	2.8653224182376388e-8
0.20016296499057665	2.872370943486824e-8
0.20186377981552947	2.8794824594518537e-8
0.2035730987146071	2.8866577181050494e-8
0.20529096420818022	2.893897483118196e-8
0.20701741902922113	2.901202530088807e-8
0.20875250612436722	2.908573646771377e-8
0.210496268654989	2.916011633314043e-8
0.21224874999826396	2.9235173025007796e-8
0.21400999374825516	2.931091479999273e-8
0.21578004371699644	2.938735004614457e-8
0.21755894393558148	2.946448728548382e-8
0.2193467386552594	2.9542335176655962e-8
0.22114347234853576	2.9620902517654484e-8
0.22294918971027836	2.9700198248604787e-8
0.2247639356588297	2.9780231454616377e-8
0.2265877553371239	2.986101136870188e-8
0.2284206941138094	2.9942547374768454e-8
0.23026279758437848	3.002484901067881e-8
0.23211411157230027	3.010792597138861e-8
0.23397468213016168	3.0191788112158956e-8
0.23584455554081238	3.0276445451848275e-8
0.23772377831851643	3.036190817628472e-8
0.23961239721010893	3.044818664171966e-8
0.24151045919615952	3.053529137837065e-8
0.24341801149214037	3.062323309404875e-8
0.24533510154960114	3.0712022677876105e-8
0.24726177705734917	3.080167120410142e-8
0.24919808594263576	3.089218993600292e-8
0.251144076372349	3.0983590329898895e-8
0.2530997967542107	3.1075884039251734e-8
0.2550652957379817	3.116908291888295e-8
0.2570406222166717	3.126319902929034e-8
0.2590258253277551	3.1358244641079044e-8
0.26102095445439405	3.145423223950633e-8
0.2630260592266659	3.1551174529141964e-8
0.2650411895227993	3.164908443865159e-8
0.2670663954704134	3.174797512570424e-8
0.26910172744776534	3.1847859982006066e-8
0.27114723608500396	3.1948752638469875e-8
0.27320297226542917	3.2050666970518175e-8
0.27526898712675635	3.21536171035277e-8
0.27734533206239	3.2257617418420204e-8
0.2794320587227019	3.236268255739806e-8
0.2815292190163153	3.2468827429840725e-8
0.2836368651113967	3.2576067218352916e-8
0.28575504943695385	3.268441738498185e-8
0.28788382468413853	3.279389367759969e-8
0.29002324380755934	3.290451213646338e-8
0.29217336002659705	3.3016289100950775e-8
0.29433422682673016	3.3129241216486195e-8
0.29650589796086374	3.324338544165354e-8
0.29868842745066804	3.335873905551019e-8
0.30088186958792124	3.3475319665103286e-8
0.3030862789358609	3.359314521319702e-8
0.30530171033054027	3.371223398621496e-8
0.307528218882193	3.383260462241336e-8
0.30976585997660405	3.395427612027995e-8
0.312014689276487	3.4077267847175676e-8
0.31427476272286925	3.420159954822256e-8
0.3165461365364837	3.432729135544825e-8
0.3188288672191662	3.445436379719692e-8
0.32112301155526213	3.45828378078082e-8
0.32342862661303834	3.4712734737585665e-8
0.3257457697461036	3.4844076363050645e-8
0.32807449859483384	3.497688489750456e-8
0.3304148710878078	3.511118300189999e-8
0.33276694544324686	3.524699379603278e-8
0.33513078017046305	3.538434087007733e-8
0.33750643407131514	3.5523248296457706e-8
0.3398939662416715	3.566374064208552e-8
0.3422934360728799	3.5805842980960575e-8
0.34470490325324404	3.5949580907164835e-8
0.3471284277695101	3.609498054824491e-8
0.34956406990835764	3.6242068579011907e-8
0.3520118902578995	3.639087223576654e-8
0.354471949709189	3.6541419330962786e-8
0.3569443094577349	3.669373826833704e-8
0.3594290310050235	3.684785805850014e-8
0.3619261761600484	3.700380833503402e-8
0.3644358070408486	3.716161937108629e-8
0.36695798607605284	3.732132209650278e-8
0.36949277600643327	3.748294811550058e-8
0.37204023988646523	3.764652972491809e-8
0.3746004410858973	3.7812099933046996e-8
0.3771734432913268	3.797969247907707e-8
0.3797593105077832	3.814934185318453e-8
0.3823581070603219	3.832108331726989e-8
0.38496989759562367	3.849495292638559e-8
0.3875947470836016	3.867098755087306e-8
0.3902327208190196	3.884922489924e-8
0.3928838844231145	3.90297035417995e-8
0.39554830384522993	3.9212462935114443e-8
0.3982260453644561	3.939754344726303e-8
0.4009171755912785	3.958498638396933e-8
0.40362176146923495	3.9774834015624744e-8
0.40633987027658097	3.996712960524729e-8
0.4090715696279639	4.01619174374021e-8
0.4118169274761037	4.0359242848132894e-8
0.4145760121134843	4.055915225594082e-8
0.4173488921740515	4.076169319385362e-8
0.4201356366349219	4.09669143426317e-8
0.42293631481809635	4.117486556515381e-8
0.4257509963921868	4.1385597942038464e-8
0.42857975137414767	4.159916380854407e-8
0.43142265013101855	4.181561679280719e-8
0.43427976338167373	4.203501185547416e-8
0.43715116219858224	4.225740533078546e-8
0.44003691800957523	4.248285496917162e-8
0.44293710259962304	4.271141998143062e-8
0.4458517881126211	4.294316108455098e-8
0.44878104705318417	4.31781405492545e-8
0.45172495228844983	4.341642224933292e-8
0.45468357704989204	4.365807171285545e-8
0.4576569949351413	4.3903156175333434e-8
0.46064527990981685	4.415174463492783e-8
0.4636485063093658	4.440390790978897e-8
0.4666667488409128	4.4659718697626004e-8
0.4697000825851173	4.491925163760947e-8
0.4727485829980427	4.518258337470918e-8
0.47581232591303285	4.544979262657864e-8
0.478891387542598	4.5720960253113505e-8
0.48198584448031084	4.59961693287912e-8
0.4850957737027124	4.6275505217935974e-8
0.48822125257122595	4.655905565304398e-8
0.49136235883408197	4.6846910816304624e-8
0.4945191706282523	4.7139163424485246e-8
0.4976917664813935	4.7435908817323306e-8
0.5008802253138004	4.7737245049612805e-8
0.5040846264403696	4.80432729871515e-8
0.5073050495725715	4.835409640673877e-8
0.5105415748204343	4.866982210043506e-8
0.5137942826945365	4.899055998427903e-8
0.517063254108009	4.931642321169313e-8
0.5203485703785492	4.964752829181323e-8
0.5236503132304419	4.9983995212986204e-8
0.5269685647965939	5.032594757170733e-8
0.5303034076205766	5.067351270726348e-8
0.5336549246586795	5.102682184239083e-8
0.5370231992819728	5.138601023025142e-8
0.5404083152783826	5.175121730805778e-8
0.5438103568547747	5.2122586857704686e-8
0.5472294086390483	5.250026717377036e-8
0.5506655556822436	5.28844112392882e-8
0.5541188834606549	5.327517690970647e-8
0.5575894778779582	5.367272710547666e-8
0.5610774252673477	5.407723001374672e-8
0.5645828123936844	5.4488859299659806e-8
0.5681057264556525	5.4907794327787515e-8
0.5716462550879309	5.533422039427022e-8
0.5752044863633705	5.5768328970263144e-8
0.5787805087951873	5.621031795733632e-8
0.5823744113391631	5.6660391955498806e-8
0.5859862833958588	5.711876254459496e-8
0.5896162148128381	5.7585648579828725e-8
0.5932642958869024	5.806127650225928e-8
0.5969306173663369	5.854588066514689e-8
0.6006152704531684	5.903970367708639e-8
0.6043183468054344	5.954299676294681e-8
0.6080399385394615	6.00560201436776e-8
0.6117801382321587	6.057904343615728e-8
0.6155390389233192	6.111234607428569e-8
0.6193167341179359	6.16562177526662e-8
0.6231133177885255	6.221095889426784e-8
0.6269288843774683	6.27768811435968e-8
0.6307635287993556	6.335430788699379e-8
0.6346173464433522	6.394357480178836e-8
0.6384904331755688	6.454503043619915e-8
0.6423828853414466	6.515903682197217e-8
0.6462947997681537	6.578597012192044e-8
0.6502262737669944	6.642622131468765e-8
0.6541774051358293	6.708019691923693e-8
0.6581482921615082	6.774831976175017e-8
0.6621390336223156	6.843102978784959e-8
0.6661497287904271	6.91287849232641e-8
0.6701804774343789	6.984206198632203e-8
0.6742313798215507	7.057135765592429e-8
0.6783025367206585	7.131718949894947e-8
0.682394049404262	7.208009706134659e-8
0.6865060196512833	7.28606430275672e-8
0.6906385497495399	7.365941445333236e-8
0.6947917424982876	7.447702407718848e-8
0.6989657012107791	7.531411171676312e-8
0.7031605297168331	7.617134575613629e-8
0.7073763323654171	7.704942473134265e-8
0.7116132140272443	7.794907902159022e-8
0.7158712800973803	7.887107265453783e-8
0.7201506364978669	7.981620523469075e-8
0.724451389680356	8.078531400481125e-8
0.7287736466287575	8.177927605123589e-8
0.7331175148619014	8.279901066497015e-8
0.737483102436211	8.384548187163176e-8
0.7418705179483918	8.491970114457797e-8
0.7462798705381338	8.602273031703837e-8
0.7507112698908246	8.715568471065552e-8
0.7551648262402787	8.831973649966814e-8
0.7596406503714802	8.9516118332036e-8
0.7641388536233378	9.07461272310834e-8
0.7686595478914543	9.20111288038617e-8
0.7732028456309116	9.331256178539516e-8
0.777768859859066	9.465194295132508e-8
0.7823577041583611	9.603087243529082e-8
0.7869694926791531	9.745103949179665e-8
0.7916043401425489	9.891422875027855e-8
0.7962623618432616	1.0042232701192533e-7
0.8009436736524779	1.0197733064741394e-7
0.8056483920207402	1.0358135366143935e-7
0.8103766339808439	1.0523663649889123e-7
0.8151285171507483	1.0694555567792176e-7
0.8199041597365018	1.0871063434734607e-7
0.8247036805351844	1.105345538801232e-7
0.8295271989378604	1.124201666314487e-7
0.8343748349325497	1.143705100098754e-7
0.8392467091072124	1.1638882203339877e-7
0.8441429426527486	1.1847855857041549e-7
0.8490636573660123	1.2064341249882217e-7
0.8540089756528424	1.228873350564742e-7
0.8589790205311068	1.2521455970413279e-7
0.8639739156337622	1.2762962887981906e-7
0.868973915633762	1.3012733420167093e-7
0.8739739156337618	1.3270915215746138e-7
0.8789739156337616	1.3537925346311397e-7
0.8839739156337615	1.3814209999136785e-7
0.8889739156337613	1.4100247331131108e-7
0.893973915633761	1.4396550700121292e-7
0.8989739156337608	1.470367233515449e-7
0.9039739156337606	1.5022207518515337e-7
0.9089739156337604	1.5352799365579233e-7
0.9139739156337602	1.5696144304640458e-7
0.91897391563376	1.6052998378029627e-7
0.9239739156337599	1.6424184508751543e-7
0.9289739156337596	1.6810600904321985e-7
0.9339739156337594	1.7213230802356094e-7
0.9389739156337592	1.7633153801841914e-7
0.943973915633759	1.8071559071257857e-7
0.9489739156337588	1.8529760781323527e-7
0.9539739156337586	1.9009216178120836e-7
0.9589739156337583	1.9511546793864272e-7
0.9639739156337582	2.003856339050834e-7
0.968973915633758	2.0592295348929218e-7
0.9739739156337578	2.117502535763467e-7
0.9789739156337576	2.178933042459448e-7
0.9839739156337574	2.2438130439616837e-7
0.9889739156337571	2.3124745759655085e-7
0.9939739156337569	2.385296558384111e-7
0.9989739156337567	2.4627129238906084e-7
1.0039739156337566	2.545222292102776e-7
1.0089739156337563	2.633399495145745e-7
1.0139739156337562	2.72790932179152e-7
1.0189739156337558	2.829522921256449e-7
1.0239739156337557	2.939137396533817e-7
1.0289739156337556	3.0577992238591325e-7
1.0339739156337553	3.1867322631392246e-7
1.0389739156337552	3.327371278238973e-7
1.0439739156337549	3.481402071066937e-7
1.0489739156337547	3.650809555608609e-7
1.0539739156337544	3.837935364795835e-7
1.0589739156337543	4.0455469031839786e-7
1.0639739156337542	4.27692014232847e-7
1.0689739156337539	4.5359389160250735e-7
1.0739739156337538	4.827214024073883e-7
1.0789739156337534	5.156226113612498e-7
1.0839739156337533	5.529497097294197e-7
1.088973915633753	5.954795812441999e-7
1.093973915633753	6.441384754095076e-7
1.0989739156337526	7.000316062092453e-7
1.1039739156337525	7.644786548635753e-7
1.1089739156337524	8.390563465787672e-7
1.113973915633752	9.25649498785467e-7
1.118973915633752	1.026512208660014e-6
1.1239739156337516	1.1443411683261505e-6
1.1289739156337515	1.2823634757687577e-6
1.1339739156337512	1.444441758160319e-6
1.138973915633751	1.6351999533645613e-6
1.143973915633751	1.8601737175073436e-6
1.1489739156337506	2.1259901554723975e-6
1.1539739156337505	2.440582421339773e-6
1.1589739156337502	2.813445720955454e-6
1.16397391563375	3.2559423803024175e-6
1.1689739156337497	3.781664926507775e-6
1.1739739156337496	4.406867557244858e-6
1.1789739156337493	5.15097792362579e-6
1.1839739156337492	6.037202765457901e-6
1.187980436725312	6.868386247714279e-6
1.1919869578168745	7.825194852507846e-6
1.1959934789084372	8.926812783637117e-6
1.2	1.0195310722130908e-5
