0.0006999999999999628	2.0337882780253928e-7
0.001403500000000035	2.0350392515187125e-7
0.0021105174999999296	2.0362977972003504e-7
0.0028210700874998964	2.0375639782315032e-7
0.003535175437937438	2.038837849153935e-7
0.004252851315127062	2.040119464860782e-7
0.004974115571702636	2.0414088806755076e-7
0.005698986149561044	2.0427061523677363e-7
0.006427481080308875	2.0440113361651244e-7
0.007159618485710418	2.0453244887634098e-7
0.007895416578138905	2.04664566733525e-7
0.008634893661029494	2.0479749295383932e-7
0.00937806812933463	2.0493123335232303e-7
0.010124958469981361	2.050657937939923e-7
0.010875583262331262	2.0520118019455826e-7
0.01162996117864295	2.0533739852110917e-7
0.012388110984536127	2.0547445479277928e-7
0.013150051539458866	2.05612355081426e-7
0.013915801797156208	2.0575110551229366e-7
0.014685380806142003	2.0589071226466038e-7
0.015458807710172712	2.060311815725364e-7
0.01623610174872358	2.061725197252939e-7
0.017017282257467212	2.0631473306834848e-7
0.017802368668754516	2.0645782800382996e-7
0.01859138051209827	2.0660181099125133e-7
0.019384337414658823	2.0674668854819284e-7
0.020181259101732015	2.0689246725098608e-7
0.020982165397240727	2.0703915373539404e-7
0.02178707622422691	2.0718675469732453e-7
0.02259601160534814	2.073352768935256e-7
0.02340899166337483	2.0748472714229828e-7
0.024226036621691812	2.0763511232421385e-7
0.02504716680480027	2.0778643938284715e-7
0.025872402638824326	2.0793871532550395e-7
0.02670176465201842	2.0809194722397378e-7
0.02753527347527842	2.0824614221527672e-7
0.028372949842654864	2.0840130750243415e-7
0.0292148145918682	2.085574503552398e-7
0.03006088866482743	2.087145781110397e-7
0.03091119310815165	2.088726981755188e-7
0.0317657490736924	2.0903181802352826e-7
0.03262457781906081	2.0919194519986923e-7
0.03348770070815601	2.0935308732013436e-7
0.034355139211696875	2.095152520715513e-7
0.035226914907755424	2.0967844721380976e-7
0.03610304948229413	2.098426805799457e-7
0.03698356472970569	2.100079600771766e-7
0.03786848255335419	2.1017429368782613e-7
0.038757824966120964	2.103416894701958e-7
0.03965161409095162	2.1051015555946842e-7
0.04054987216140643	2.106797001686487e-7
0.04145262152221345	2.1085033158947982e-7
0.04235988462982453	2.11022058193398e-7
0.04327168405297366	2.111948884324988e-7
0.0441880424732386	2.1136883084049328e-7
0.04510898268560485	2.1154389403371998e-7
0.046034527599032954	2.1172008671212404e-7
0.04696470023702812	2.118974176603039e-7
0.04789952373821329	2.12075895748509e-7
0.048839021356904266	2.122555299337111e-7
0.04978321646368884	2.1243632926065879e-7
0.05073213254600732	2.1261830286296285e-7
0.05168579320873729	2.1280145996417797e-7
0.052644222174780875	2.1298580987891648e-7
0.05360744328565471	2.1317136201398273e-7
0.054575480502083065	2.1335812586951352e-7
0.055548357904593434	2.1354611104012525e-7
0.056526099694116344	2.1373532721611916e-7
0.0575087301925869	2.13925784184652e-7
0.05849627384354973	2.141174918309546e-7
0.05948875521276744	2.1431046013957387e-7
0.06048619898883127	2.1450469919561302e-7
0.061488629983775384	2.1470021918600408e-7
0.06249607313369419	2.148970304008011e-7
0.06350855349936275	2.1509514323448368e-7
0.06452609626685958	2.1529456818727956e-7
0.06554872674819387	2.1549531586652631e-7
0.06657647038193484	2.1569739698803324e-7
0.06760935273384447	2.159008223774725e-7
0.06864739949751365	2.161056029717918e-7
0.0696906364950013	2.163117498206456e-7
0.07073908967747639	2.165192740878597e-7
0.07179278512586384	2.1672818705290303e-7
0.07285174905149322	2.1693850011238472e-7
0.0739160077967507	2.1715022478159862e-7
0.07498558783573436	2.1736337269604804e-7
0.07606051577491299	2.1757795561303987e-7
0.07714081835378758	2.1779398541327738e-7
0.07822652244555647	2.1801147410247725e-7
0.07931765505778425	2.1823043381302762e-7
0.0804142433330731	2.1845087680566288e-7
0.08151631454973848	2.1867281547116867e-7
0.08262389612248718	2.1889626233210672e-7
0.0837370156030995	2.1912123004457485e-7
0.0848557006811149	2.1934773139999743e-7
0.0859799791845205	2.1957577932694164e-7
0.08710987908044313	2.1980538689294833e-7
0.08824542847584534	2.2003656730642337e-7
0.08938665561822454	2.2026933391854417e-7
0.09053358889631567	2.205037002251744e-7
0.09168625684079722	2.2073967986885628e-7
0.09284468812500112	2.2097728664079317e-7
0.09400891156562617	2.2121653448290187e-7
0.0951789561234543	2.2145743748985685e-7
0.09635485090407148	2.2170000991120598e-7
0.09753662515859184	2.2194426615351027e-7
0.0987243082843847	2.2219022078250345e-7
0.09991792982580656	2.2243788852530465e-7
0.10111751947493569	2.2268728427266174e-7
0.10232310707231031	2.2293842308124743e-7
0.1035347226076718	2.231913201759552e-7
0.10475239622071016	2.2344599095228303e-7
0.10597615820181366	2.2370245097871813e-7
0.10720603899282274	2.2396071599918876e-7
0.10844206918778684	2.2422080193554064e-7
0.10968427953372567	2.244827248900564e-7
0.1109327009313943	2.2474650114804387e-7
0.11218736443605135	2.250121471804232e-7
0.11344830125823162	2.2527967964640085e-7
0.11471554276452282	2.2554911539617867e-7
0.11598912047834534	2.2582047147367952e-7
0.11726906608073695	2.2609376511936595e-7
0.11855541141114062	2.2636901377308658e-7
0.11984818846819621	2.266462350769613e-7
0.12114742941053713	2.269254468783393e-7
0.12245316655758978	2.2720666723279495e-7
0.1237654323903777	2.27489914407174e-7
0.12508425955232963	2.2777520688271616e-7
0.12640968085009122	2.280625633582015e-7
0.1277417292543416	2.283520027531707e-7
0.1290804379006133	2.2864354421120812e-7
0.13042584009011637	2.2893720710326337e-7
0.1317779692905669	2.2923301103106516e-7
0.13313685913701961	2.2953097583055528e-7
0.13450254343270476	2.298311215754176e-7
0.13587505614986833	2.3013346858065738e-7
0.13725443143061763	2.3043803740625451e-7
0.13864070358777073	2.3074484886085679e-7
0.14003390710570945	2.3105392400557905e-7
0.14143407664123803	2.3136528415786146e-7
0.1428412470244442	2.3167895089536046e-7
0.1442554532595664	2.3199494605997125e-7
0.14567673052586416	2.323132917618831e-7
0.1471051141784935	2.3263401038372927e-7
0.14854063974938603	2.3295712458480196e-7
0.149983342948133	2.3328265730535137e-7
0.15143325966287374	2.3361063177097092e-7
0.15289042596118813	2.3394107149706465e-7
0.15435487809099402	2.3427400029338624e-7
0.15582665248144906	2.34609442268673e-7
0.1573057857438562	2.3494742183537366e-7
0.15879231467257537	2.352879637144543e-7
0.16028627624593816	2.3563109294030818e-7
0.16178770762716785	2.359768348657516e-7
0.16329664616530362	2.363252151671098e-7
0.16481312939613008	2.3667625984942434e-7
0.1663371950431107	2.3702999525174484e-7
0.16786888101832628	2.373864480525066e-7
0.1694082254234178	2.3774564527505608e-7
0.1709552665505349	2.381076142932525e-7
0.17251004288328747	2.384723828371757e-7
0.17407259309770393	2.38839978998976e-7
0.17564295606319252	2.3921043123881555e-7
0.17722117084350858	2.3958376839092936e-7
0.17880727669772617	2.399600196698188e-7
0.18040131308121476	2.403392146765573e-7
0.18200331964662084	2.407213834052315e-7
0.18361333624485401	2.4110655624950766e-7
0.18523140292607826	2.414947640093173e-7
0.18685755994070874	2.418860378977136e-7
0.1884918477404122	2.4228040954782726e-7
0.19013430697911424	2.4267791101999516e-7
0.1917849785140098	2.430785748090094e-7
0.19344390340657974	2.4348243385153635e-7
0.19511112292361268	2.43889521533671e-7
0.1967866785382308	2.442998716986694e-7
0.19847061193092203	2.447135186548242e-7
0.20016296499057665	2.451304971834911e-7
0.20186377981552947	2.4555084254732406e-7
0.2035730987146071	2.459745904986605e-7
0.20529096420818022	2.464017772880551e-7
0.20701741902922113	2.4683243967305016e-7
0.20875250612436722	2.472666149270819e-7
0.210496268654989	2.4770434084861467e-7
0.21224874999826396	2.481456557704357e-7
0.21400999374825516	2.4859059856918235e-7
0.21578004371699644	2.4903920867504836e-7
0.21755894393558148	2.4949152608170826e-7
0.2193467386552594	2.499475913564615e-7
0.22114347234853576	2.50407445650589e-7
0.22294918971027836	2.50871130709952e-7
0.2247639356588297	2.5133868888579426e-7
0.2265877553371239	2.5181016314582317e-7
0.2284206941138094	2.5228559708547855e-7
0.23026279758437848	2.5276503493951083e-7
0.23211411157230027	2.5324852159378386e-7
0.23397468213016168	2.5373610259734123e-7
0.23584455554081238	2.5422782417475027e-7
0.23772377831851643	2.5472373323873e-7
0.23961239721010893	2.552238774030555e-7
0.24151045919615952	2.5572830499573764e-7
0.24341801149214037	2.5623706507254913e-7
0.24533510154960114	2.567502074308257e-7
0.24726177705734917	2.5726778262355985e-7
0.24919808594263576	2.5778984197389846e-7
0.251144076372349	2.583164375898913e-7
0.2530997967542107	2.588476223796199e-7
0.2550652957379817	2.593834500667004e-7
0.2570406222166717	2.5992397520608357e-7
0.2590258253277551	2.6046925320031476e-7
0.26102095445439405	2.6101934031609505e-7
0.2630260592266659	2.615742937012758e-7
0.2650411895227993	2.6213417140226253e-7
0.2670663954704134	2.626990323818111e-7
0.26910172744776534	2.632689365372623e-7
0.27114723608500396	2.638439447192221e-7
0.27320297226542917	2.644241187506736e-7
0.27526898712675635	2.6500952144657337e-7
0.27734533206239	2.6560021663391817e-7
0.2794320587227019	2.6619626917229413e-7
0.2815292190163153	2.6679774497493694e-7
0.2836368651113967	2.674047110303316e-7
0.28575504943695385	2.680172354242903e-7
0.28788382468413853	2.6863538736266393e-7
0.29002324380755934	2.692592371945312e-7
0.29217336002659705	2.6988885643604814e-7
0.29433422682673016	2.705243177948383e-7
0.29650589796086374	2.711656951950294e-7
0.29868842745066804	2.7181306380294286e-7
0.30088186958792124	2.724665000533984e-7
0.3030862789358609	2.731260816767108e-7
0.30530171033054027	2.737918877264143e-7
0.307528218882193	2.744639986076282e-7
0.30976585997660405	2.751424961062433e-7
0.312014689276487	2.758274634188277e-7
0.31427476272286925	2.7651898518329906e-7
0.3165461365364837	2.7721714751045177e-7
0.3188288672191662	2.7792203801628286e-7
0.32112301155526213	2.786337458551854e-7
0.32342862661303834	2.793523617540321e-7
0.3257457697461036	2.8007797804716573e-7
0.32807449859483384	2.808106887123535e-7
0.3304148710878078	2.8155058940767034e-7
0.33276694544324686	2.8229777750943644e-7
0.33513078017046305	2.83052352151155e-7
0.33750643407131514	2.8381441426353124e-7
0.3398939662416715	2.845840666155945e-7
0.3422934360728799	2.853614138569513e-7
0.34470490325324404	2.861465625612394e-7
0.3471284277695101	2.86939621270775e-7
0.34956406990835764	2.8774070054243265e-7
0.3520118902578995	2.8854991299487744e-7
0.354471949709189	2.8936737335709035e-7
0.3569443094577349	2.901931985183059e-7
0.3594290310050235	2.9102750757933934e-7
0.3619261761600484	2.918704219054637e-7
0.3644358070408486	2.9272206518072207e-7
0.36695798607605284	2.935825634639056e-7
0.36949277600643327	2.944520452461172e-7
0.37204023988646523	2.953306415100361e-7
0.3746004410858973	2.962184857909377e-7
0.3771734432913268	2.9711571423951044e-7
0.3797593105077832	2.9802246568658126e-7
0.3823581070603219	2.9893888170971416e-7
0.38496989759562367	2.9986510670189066e-7
0.3875947470836016	3.008012879421923e-7
0.3902327208190196	3.017475756687212e-7
0.3928838844231145	3.0270412315365903e-7
0.39554830384522993	3.036710867807143e-7
0.3982260453644561	3.0464862612490487e-7
0.4009171755912785	3.056369040348558e-7
0.40362176146923495	3.06636086717635e-7
0.40633987027658097	3.0764634382630584e-7
0.4090715696279639	3.0866784855017977e-7
0.4118169274761037	3.097007777079804e-7
0.4145760121134843	3.107453118439643e-7
0.4173488921740515	3.118016353271282e-7
0.4201356366349219	3.1286993645361166e-7
0.42293631481809635	3.139504075524358e-7
0.4257509963921868	3.150432450946779e-7
0.42857975137414767	3.161486498062474e-7
0.43142265013101855	3.1726682678434844e-7
0.43427976338167373	3.1839798561783096e-7
0.43715116219858224	3.1954234051157575e-7
0.44003691800957523	3.207001104149931e-7
0.44293710259962304	3.218715191549459e-7
0.4458517881126211	3.2305679557308434e-7
0.44878104705318417	3.2425617366795314e-7
0.45172495228844983	3.254698927419277e-7
0.45468357704989204	3.2669819755324863e-7
0.4576569949351413	3.2794133847335403e-7
0.46064527990981685	3.291995716496614e-7
0.4636485063093658	3.3047315917411116e-7
0.4666667488409128	3.31762369257672e-7
0.4697000825851173	3.3306747641102804e-7
0.4727485829980427	3.343887616317804e-7
0.47581232591303285	3.357265125983527e-7
0.478891387542598	3.370810238709251e-7
0.48198584448031084	3.3845259709972295e-7
0.4850957737027124	3.3984154124093353e-7
0.48822125257122595	3.4124817278057914e-7
0.49136235883408197	3.4267281596674383e-7
0.4945191706282523	3.4411580305045427e-7
0.4976917664813935	3.4557747453562234e-7
0.5008802253138004	3.4705817943848704e-7
0.5040846264403696	3.4855827555691874e-7
0.5073050495725715	3.5007812975005007e-7
0.5105415748204343	3.5161811822871464e-7
0.5137942826945365	3.531786268571912e-7
0.517063254108009	3.5476005146672157e-7
0.5203485703785492	3.563627981813987e-7
0.5236503132304419	3.579872837569958e-7
0.5269685647965939	3.59633935933256e-7
0.5303034076205766	3.6130319380040783e-7
0.5336549246586795	3.629955081805004e-7
0.5370231992819728	3.647113420242337e-7
0.5404083152783826	3.66451170824126e-7
0.5438103568547747	3.682154830447044e-7
0.5472294086390483	3.7000478057063533e-7
0.5506655556822436	3.718195791736035e-7
0.5541188834606549	3.736604089988975e-7
0.5575894778779582	3.755278150726732e-7
0.5610774252673477	3.7742235783095655e-7
0.5645828123936844	3.7934461367140867e-7
0.5681057264556525	3.8129517552911737e-7
0.5716462550879309	3.8327465347753617e-7
0.5752044863633705	3.8528367535592034e-7
0.5787805087951873	3.873228874246545e-7
0.5823744113391631	3.893929550498815e-7
0.5859862833958588	3.9149456341899184e-7
0.5896162148128381	3.9362841828863123e-7
0.5932642958869024	3.9579524676695895e-7
0.5969306173663369	3.9799579813198986e-7
0.6006152704531684	4.0023084468794017e-7
0.6043183468054344	4.0250118266179527e-7
0.6080399385394615	4.0480763314214994e-7
0.6117801382321587	4.071510430627776e-7
0.6155390389233192	4.095322862333884e-7
0.6193167341179359	4.119522644202819e-7
0.6231133177885255	4.144119084797115e-7
0.6269288843774683	4.1691217954695364e-7
0.6307635287993556	4.194540702843759e-7
0.6346173464433522	4.220386061919391e-7
0.6384904331755688	4.24666846983711e-7
0.6423828853414466	4.273398880344332e-7
0.6462947997681537	4.3005886190030753e-7
0.6502262737669944	4.32824939918398e-7
0.6541774051358293	4.3563933388955063e-7
0.6581482921615082	4.38503297849883e-7
0.6621390336223156	4.414181299363877e-7
0.6661497287904271	4.443851743524898e-7
0.6701804774343789	4.4740582343990635e-7
0.6742313798215507	4.504815198635188e-7
0.6783025367206585	4.536137589166245e-7
0.682394049404262	4.568040909542337e-7
0.6865060196512833	4.600541239629462e-7
0.6906385497495399	4.6336552627630725e-7
0.6947917424982876	4.667400294454783e-7
0.6989657012107791	4.701794312755164e-7
0.7031605297168331	4.736855990387684e-7
0.7073763323654171	4.772604728773748e-7
0.7116132140272443	4.809060694080862e-7
0.7158712800973803	4.846244855436156e-7
0.7201506364978669	4.884179025458929e-7
0.724451389680356	4.922885903278214e-7
0.7287736466287575	4.962389120216187e-7
0.7331175148619014	5.002713288332587e-7
0.737483102436211	5.043884052043058e-7
0.7418705179483918	5.085928143042153e-7
0.7462798705381338	5.128873438782491e-7
0.7507112698908246	5.17274902478375e-7
0.7551648262402787	5.217585261071334e-7
0.7596406503714802	5.263413853070873e-7
0.7641388536233378	5.310267927316403e-7
0.7686595478914543	5.358182112364042e-7
0.7732028456309116	5.40719262534236e-7
0.777768859859066	5.457337364611833e-7
0.7823577041583611	5.508656009055591e-7
0.7869694926791531	5.561190124577992e-7
0.7916043401425489	5.614983278447921e-7
0.7962623618432616	5.670081162193371e-7
0.8009436736524779	5.726531723834777e-7
0.8056483920207402	5.78438531033183e-7
0.8103766339808439	5.843694821224123e-7
0.8151285171507483	5.904515874562496e-7
0.8199041597365018	5.966906986366653e-7
0.8247036805351844	6.030929765000231e-7
0.8295271989378604	6.096649122042581e-7
0.8343748349325497	6.164133501444251e-7
0.8392467091072124	6.233455129011967e-7
0.8441429426527486	6.304690284560573e-7
0.8490636573660123	6.377919599417526e-7
0.8540089756528424	6.453228382385899e-7
0.8589790205311068	6.530706977758236e-7
0.8639739156337622	6.61045115957037e-7
0.868973915633762	6.692233583051976e-7
0.8739739156337618	6.776048659587782e-7
0.8789739156337616	6.861975377299223e-7
0.8839739156337615	6.950097090299031e-7
0.8889739156337613	7.040501863603168e-7
0.893973915633761	7.133282857283048e-7
0.8989739156337608	7.228538756120904e-7
0.9039739156337606	7.326374251939166e-7
0.9089739156337604	7.426900587091158e-7
0.9139739156337602	7.53023616918294e-7
0.91897391563376	7.636507268993591e-7
0.9239739156337599	7.745848815831993e-7
0.9289739156337596	7.858405307299159e-7
0.9339739156337594	7.974331853700091e-7
0.9389739156337592	8.093795381286588e-7
0.943973915633759	8.216976023242932e-7
0.9489739156337588	8.344068733014902e-7
0.9539739156337586	8.475285161426741e-7
0.9589739156337583	8.610855847260858e-7
0.9639739156337582	8.751032780883585e-7
0.968973915633758	8.896092412425e-7
0.9739739156337578	9.046339190379199e-7
0.9789739156337576	9.202109733776552e-7
0.9839739156337574	9.363777761897575e-7
0.9889739156337571	9.531759930568164e-7
0.9939739156337569	9.706522754267592e-7
0.9989739156337567	9.88859082964328e-7
1.0039739156337566	1.0078556619823246e-6
1.0089739156337563	1.0277092111650393e-6
1.0139739156337562	1.04849627214818e-6
1.0189739156337558	1.070304390166306e-6
1.0239739156337557	1.093234099186158e-6
1.0289739156337556	1.117401297027706e-6
1.0339739156337553	1.1429400893145814e-6
1.0389739156337552	1.170006197148699e-6
1.0439739156337549	1.1987810427167014e-6
1.0489739156337547	1.229476650267498e-6
1.0539739156337544	1.2623415278354033e-6
1.0589739156337543	1.2976677286685044e-6
1.0639739156337542	1.3357993316857716e-6
1.0689739156337539	1.3771426287843057e-6
1.0739739156337538	1.4221783650690091e-6
1.0789739156337534	1.4714764480214116e-6
1.0839739156337533	1.525713625579814e-6
1.088973915633753	1.585694733844657e-6
1.093973915633753	1.6523782359664421e-6
1.0989739156337526	1.7269069186826806e-6
1.1039739156337525	1.81064478668894e-6
1.1089739156337524	1.905221403222963e-6
1.113973915633752	2.012585174696162e-6
1.118973915633752	2.1350673760412136e-6
1.1239739156337516	2.2754590713806595e-6
1.1289739156337515	2.437103513317849e-6
1.1339739156337512	2.62400711758359e-6
1.138973915633751	2.8409727247187694e-6
1.143973915633751	3.093759597065719e-6
1.1489739156337506	3.3892754817123515e-6
1.1539739156337505	3.735807127042964e-6
1.1589739156337502	4.14329690651594e-6
1.16397391563375	4.623674718625971e-6
1.1689739156337497	5.191256143542454e-6
1.1739739156337496	5.863219997418472e-6
1.1789739156337493	6.6601809916218445e-6
1.1839739156337492	7.606876232428959e-6
1.187980436725312	8.493325920194665e-6
1.1919869578168745	9.512846041099217e-6
1.1959934789084372	1.068621102607535e-5
1.2	1.2037472058785638e-5
