0.0006999999999999628	6.10587757060311e-9
0.001403500000000035	6.109816498108759e-9
0.0021105174999999296	6.113779464278082e-9
0.0028210700874998964	6.117766620221998e-9
0.003535175437937438	6.1217781367298845e-9
0.004252851315127062	6.125814186356438e-9
0.004974115571702636	6.129874943210304e-9
0.005698986149561044	6.133960582954821e-9
0.006427481080308875	6.1380712828158245e-9
0.007159618485710418	6.14220722159172e-9
0.007895416578138905	6.1463685796658286e-9
0.008634893661029494	6.150555539019598e-9
0.00937806812933463	6.154768283247113e-9
0.010124958469981361	6.159006997570026e-9
0.010875583262331262	6.163271868853543e-9
0.01162996117864295	6.167563085622502e-9
0.012388110984536127	6.171880838078088e-9
0.013150051539458866	6.1762253181152215e-9
0.013915801797156208	6.1805967193397935e-9
0.014685380806142003	6.184995237086914e-9
0.015458807710172712	6.189421068438775e-9
0.01623610174872358	6.193874412243515e-9
0.017017282257467212	6.198355469134094e-9
0.017802368668754516	6.202864441547286e-9
0.01859138051209827	6.207401533743457e-9
0.019384337414658823	6.211966951826216e-9
0.020181259101732015	6.216560903762598e-9
0.020982165397240727	6.221183599403505e-9
0.02178707622422691	6.225835250504429e-9
0.02259601160534814	6.230516070746521e-9
0.02340899166337483	6.235226275757799e-9
0.024226036621691812	6.239966083135068e-9
0.02504716680480027	6.244735712465553e-9
0.025872402638824326	6.249535385349436e-9
0.02670176465201842	6.2543653254222835e-9
0.02753527347527842	6.259225758378082e-9
0.028372949842654864	6.26411691199243e-9
0.0292148145918682	6.269039016145959e-9
0.03006088866482743	6.273992302848495e-9
0.03091119310815165	6.278977006263107e-9
0.0317657490736924	6.283993362730636e-9
0.03262457781906081	6.289041610794877e-9
0.03348770070815601	6.294121991227504e-9
0.034355139211696875	6.299234747053922e-9
0.035226914907755424	6.304380123579152e-9
0.03610304948229413	6.309558368414274e-9
0.03698356472970569	6.314769731503013e-9
0.03786848255335419	6.320014465148921e-9
0.038757824966120964	6.325292824042869e-9
0.03965161409095162	6.330605065290875e-9
0.04054987216140643	6.335951448442357e-9
0.04145262152221345	6.3413322355188985e-9
0.04235988462982453	6.346747691043132e-9
0.04327168405297366	6.352198082068431e-9
0.0441880424732386	6.357683678208643e-9
0.04510898268560485	6.363204751668582e-9
0.046034527599032954	6.368761577274542e-9
0.04696470023702812	6.374354432505854e-9
0.04789952373821329	6.379983597526255e-9
0.048839021356904266	6.385649355216079e-9
0.04978321646368884	6.391351991204962e-9
0.05073213254600732	6.3970917939045785e-9
0.05168579320873729	6.402869054542485e-9
0.052644222174780875	6.40868406719593e-9
0.05360744328565471	6.414537128826521e-9
0.054575480502083065	6.4204285393149365e-9
0.055548357904593434	6.426358601496755e-9
0.056526099694116344	6.43232762119836e-9
0.0575087301925869	6.4383359072733675e-9
0.05849627384354973	6.44438377163999e-9
0.05948875521276744	6.450471529318448e-9
0.06048619898883127	6.456599498469301e-9
0.061488629983775384	6.46276800043211e-9
0.06249607313369419	6.4689773597648945e-9
0.06350855349936275	6.475227904283982e-9
0.06452609626685958	6.481519965104439e-9
0.06554872674819387	6.487853876681454e-9
0.06657647038193484	6.494229976851657e-9
0.06760935273384447	6.500648606875973e-9
0.06864739949751365	6.507110111482095e-9
0.0696906364950013	6.5136148389086744e-9
0.07073908967747639	6.520163140949125e-9
0.07179278512586384	6.526755372996915e-9
0.07285174905149322	6.5333918940910424e-9
0.0739160077967507	6.540073066962577e-9
0.07498558783573436	6.546799258081475e-9
0.07606051577491299	6.553570837704499e-9
0.07714081835378758	6.560388179923707e-9
0.07822652244555647	6.567251662715675e-9
0.07931765505778425	6.574161667991497e-9
0.0804142433330731	6.581118581647543e-9
0.08151631454973848	6.588122793617087e-9
0.08262389612248718	6.5951746979226665e-9
0.0837370156030995	6.602274692729073e-9
0.0848557006811149	6.609423180397652e-9
0.0859799791845205	6.6166205675408476e-9
0.08710987908044313	6.623867265078128e-9
0.08824542847584534	6.631163688292454e-9
0.08938665561822454	6.638510256887753e-9
0.09053358889631567	6.645907395047255e-9
0.09168625684079722	6.653355531492912e-9
0.09284468812500112	6.660855099545532e-9
0.09400891156562617	6.668406537185892e-9
0.0951789561234543	6.676010287117112e-9
0.09635485090407148	6.683666796827624e-9
0.09753662515859184	6.691376518655382e-9
0.0987243082843847	6.699139909853125e-9
0.09991792982580656	6.706957432654632e-9
0.10111751947493569	6.7148295543418656e-9
0.10232310707231031	6.7227567473135526e-9
0.1035347226076718	6.73073948915465e-9
0.10475239622071016	6.738778262706948e-9
0.10597615820181366	6.746873556140882e-9
0.10720603899282274	6.75502586302854e-9
0.10844206918778684	6.763235682417726e-9
0.10968427953372567	6.7715035189074545e-9
0.1109327009313943	6.779829882724517e-9
0.11218736443605135	6.78821528980137e-9
0.11344830125823162	6.796660261855286e-9
0.11471554276452282	6.805165326468942e-9
0.11598912047834534	6.813731017172082e-9
0.11726906608073695	6.8223578735249675e-9
0.11855541141114062	6.831046441202687e-9
0.11984818846819621	6.8397972720813386e-9
0.12114742941053713	6.848610924325473e-9
0.12245316655758978	6.857487962477029e-9
0.1237654323903777	6.866428957545662e-9
0.12508425955232963	6.875434487100933e-9
0.12640968085009122	6.884505135365662e-9
0.1277417292543416	6.893641493311086e-9
0.1290804379006133	6.9028441587536965e-9
0.13042584009011637	6.91211373645367e-9
0.1317779692905669	6.9214508382149214e-9
0.13313685913701961	6.9308560829870246e-9
0.13450254343270476	6.940330096968656e-9
0.13587505614986833	6.949873513713281e-9
0.13725443143061763	6.959486974236073e-9
0.13864070358777073	6.969171127123328e-9
0.14003390710570945	6.9789266286433585e-9
0.14143407664123803	6.98875414285938e-9
0.1428412470244442	6.998654341744559e-9
0.1442554532595664	7.008627905299098e-9
0.14567673052586416	7.018675521669085e-9
0.1471051141784935	7.028797887267932e-9
0.14854063974938603	7.038995706899431e-9
0.149983342948133	7.0492696938835436e-9
0.15143325966287374	7.059620570184053e-9
0.15289042596118813	7.070049066538661e-9
0.15435487809099402	7.0805559225915124e-9
0.15582665248144906	7.0911418870278585e-9
0.1573057857438562	7.101807717711629e-9
0.15879231467257537	7.112554181824726e-9
0.16028627624593816	7.123382056009813e-9
0.16178770762716785	7.1342921265150115e-9
0.16329664616530362	7.145285189341471e-9
0.16481312939613008	7.156362050393745e-9
0.1663371950431107	7.167523525632835e-9
0.16786888101832628	7.178770441232139e-9
0.1694082254234178	7.190103633736218e-9
0.1709552665505349	7.201523950222628e-9
0.17251004288328747	7.213032248466608e-9
0.17407259309770393	7.224629397109034e-9
0.17564295606319252	7.2363162758275054e-9
0.17722117084350858	7.248093775510641e-9
0.17880727669772617	7.259962798435474e-9
0.18040131308121476	7.27192425844863e-9
0.18200331964662084	7.283979081150588e-9
0.18361333624485401	7.296128204083653e-9
0.18523140292607826	7.308372576923485e-9
0.18685755994070874	7.3207131616742955e-9
0.1884918477404122	7.3331509328679186e-9
0.19013430697911424	7.345686877766476e-9
0.1917849785140098	7.358321996569271e-9
0.19344390340657974	7.371057302623787e-9
0.19511112292361268	7.383893822640136e-9
0.1967866785382308	7.396832596910797e-9
0.19847061193092203	7.409874679533628e-9
0.20016296499057665	7.423021138640022e-9
0.20186377981552947	7.4362730566272285e-9
0.2035730987146071	7.449631530395263e-9
0.20529096420818022	7.463097671589064e-9
0.20701741902922113	7.476672606844509e-9
0.20875250612436722	7.490357478040518e-9
0.210496268654989	7.504153442555302e-9
0.21224874999826396	7.518061673528471e-9
0.21400999374825516	7.532083360127968e-9
0.21578004371699644	7.546219707822754e-9
0.21755894393558148	7.560471938660929e-9
0.2193467386552594	7.574841291553654e-9
0.22114347234853576	7.589329022564748e-9
0.22294918971027836	7.603936405206557e-9
0.2247639356588297	7.618664730741608e-9
0.2265877553371239	7.63351530849082e-9
0.2284206941138094	7.648489466147943e-9
0.23026279758437848	7.663588550100911e-9
0.23211411157230027	7.6788139257595e-9
0.23397468213016168	7.694166977890272e-9
0.23584455554081238	7.709649110958341e-9
0.23772377831851643	7.725261749476753e-9
0.23961239721010893	7.741006338362989e-9
0.24151045919615952	7.756884343303344e-9
0.24341801149214037	7.772897251124692e-9
0.24533510154960114	7.789046570175132e-9
0.24726177705734917	7.80533383071185e-9
0.24919808594263576	7.821760585298327e-9
0.251144076372349	7.838328409209532e-9
0.2530997967542107	7.855038900846413e-9
0.2550652957379817	7.871893682159286e-9
0.2570406222166717	7.888894399080632e-9
0.2590258253277551	7.906042721967497e-9
0.26102095445439405	7.923340346053805e-9
0.2630260592266659	7.94078899191254e-9
0.2650411895227993	7.958390405928468e-9
0.2670663954704134	7.976146360781629e-9
0.26910172744776534	7.994058655941215e-9
0.27114723608500396	8.012129118171408e-9
0.27320297226542917	8.030359602047977e-9
0.27526898712675635	8.048751990487349e-9
0.27734533206239	8.067308195287187e-9
0.2794320587227019	8.086030157680042e-9
0.2815292190163153	8.104919848899265e-9
0.2836368651113967	8.123979270758359e-9
0.28575504943695385	8.143210456243834e-9
0.28788382468413853	8.162615470121781e-9
0.29002324380755934	8.182196409558945e-9
0.29217336002659705	8.201955404758107e-9
0.29433422682673016	8.221894619608841e-9
0.29650589796086374	8.242016252353582e-9
0.29868842745066804	8.262322536269718e-9
0.30088186958792124	8.28281574036791e-9
0.3030862789358609	8.303498170107325e-9
0.30530171033054027	8.324372168128093e-9
0.307528218882193	8.345440115001737e-9
0.30976585997660405	8.366704429999743e-9
0.312014689276487	8.388167571880901e-9
0.31427476272286925	8.409832039698095e-9
0.3165461365364837	8.431700373625364e-9
0.3188288672191662	8.453775155804721e-9
0.32112301155526213	8.476059011214782e-9
0.32342862661303834	8.498554608560994e-9
0.3257457697461036	8.521264661187687e-9
0.32807449859483384	8.544191928014091e-9
0.3304148710878078	8.567339214493262e-9
0.33276694544324686	8.590709373595808e-9
0.33513078017046305	8.614305306818971e-9
0.33750643407131514	8.638129965221217e-9
0.3398939662416715	8.662186350483741e-9
0.3422934360728799	8.686477515999464e-9
0.34470490325324404	8.711006567990633e-9
0.3471284277695101	8.735776666655239e-9
0.34956406990835764	8.760791027343968e-9
0.3520118902578995	8.786052921768036e-9
0.354471949709189	8.811565679239e-9
0.3569443094577349	8.837332687941957e-9
0.3594290310050235	8.863357396242394e-9
0.3619261761600484	8.88964331402854e-9
0.3644358070408486	8.916194014090051e-9
0.36695798607605284	8.943013133533712e-9
0.36949277600643327	8.970104375238413e-9
0.37204023988646523	8.997471509349364e-9
0.3746004410858973	9.025118374814125e-9
0.3771734432913268	9.053048880960637e-9
0.3797593105077832	9.081267009119732e-9
0.3823581070603219	9.109776814292454e-9
0.38496989759562367	9.138582426864582e-9
0.3875947470836016	9.167688054369557e-9
0.3902327208190196	9.197097983301412e-9
0.3928838844231145	9.226816580979493e-9
0.39554830384522993	9.256848297466605e-9
0.3982260453644561	9.287197667542319e-9
0.4009171755912785	9.317869312733823e-9
0.40362176146923495	9.348867943405738e-9
0.40633987027658097	9.380198360910778e-9
0.4090715696279639	9.41186545980454e-9
0.4118169274761037	9.443874230124869e-9
0.4145760121134843	9.47622975973987e-9
0.4173488921740515	9.508937236765345e-9
0.4201356366349219	9.54200195205593e-9
0.42293631481809635	9.57542930177057e-9
0.4257509963921868	9.609224790016526e-9
0.42857975137414767	9.643394031574115e-9
0.43142265013101855	9.677942754705192e-9
0.43427976338167373	9.712876804048486e-9
0.43715116219858224	9.748202143604926e-9
0.44003691800957523	9.783924859816464e-9
0.44293710259962304	9.820051164741495e-9
0.4458517881126211	9.856587399330825e-9
0.44878104705318417	9.893540036808214e-9
0.45172495228844983	9.930915686158617e-9
0.45468357704989204	9.96872109572924e-9
0.4576569949351413	1.0006963156947e-8
0.46064527990981685	1.0045648908157352e-8
0.4636485063093658	1.0084785538589061e-8
0.4666667488409128	1.0124380392449696e-8
0.4697000825851173	1.0164440973157692e-8
0.4727485829980427	1.020497494771524e-8
0.47581232591303285	1.0245990151229153e-8
0.478891387542598	1.0287494591584471e-8
0.48198584448031084	1.0329496454277438e-8
0.4850957737027124	1.0372004107415234e-8
0.48822125257122595	1.0415026106887788e-8
0.49136235883408197	1.0458571201720296e-8
0.4945191706282523	1.0502648339613724e-8
0.4976917664813935	1.0547266672680932e-8
0.5008802253138004	1.0592435563386756e-8
0.5040846264403696	1.0638164590702426e-8
0.5073050495725715	1.0684463556481827e-8
0.5105415748204343	1.073134249207025e-8
0.5137942826945365	1.0778811665156535e-8
0.517063254108009	1.082688158687936e-8
0.5203485703785492	1.0875563019199316e-8
0.5236503132304419	1.092486698254884e-8
0.5269685647965939	1.0974804763774022e-8
0.5303034076205766	1.1025387924381644e-8
0.5336549246586795	1.1076628309106505e-8
0.5370231992819728	1.1128538054814614e-8
0.5404083152783826	1.118112959975935e-8
0.5438103568547747	1.1234415693208859e-8
0.5472294086390483	1.1288409405462892e-8
0.5506655556822436	1.134312413828094e-8
0.5541188834606549	1.1398573635743098e-8
0.5575894778779582	1.1454771995566768e-8
0.5610774252673477	1.1511733680906433e-8
0.5645828123936844	1.1569473532662353e-8
0.5681057264556525	1.1628006782328809e-8
0.5716462550879309	1.1687349065414213e-8
0.5752044863633705	1.1747516435467741e-8
0.5787805087951873	1.180852537875086e-8
0.5823744113391631	1.1870392829595286e-8
0.5859862833958588	1.193313618649343e-8
0.5896162148128381	1.1996773328970208e-8
0.5932642958869024	1.2061322635291874e-8
0.5969306173663369	1.2126803001073073e-8
0.6006152704531684	1.2193233858847078e-8
0.6043183468054344	1.2260635198676413e-8
0.6080399385394615	1.2329027589883812e-8
0.6117801382321587	1.2398432203997805e-8
0.6155390389233192	1.2468870839015217e-8
0.6193167341179359	1.2540365945096914e-8
0.6231133177885255	1.2612940651827085e-8
0.6269288843774683	1.2686618797183722e-8
0.6307635287993556	1.2761424958387036e-8
0.6346173464433522	1.283738448481613e-8
0.6384904331755688	1.2914523533208339e-8
0.6423828853414466	1.2992869105389828e-8
0.6462947997681537	1.3072449088818813e-8
0.6502262737669944	1.31532923002663e-8
0.6541774051358293	1.323542853300766e-8
0.6581482921615082	1.3318888607956759e-8
0.6621390336223156	1.3403704429241188e-8
0.6661497287904271	1.3489909044797198e-8
0.6701804774343789	1.3577536712657483e-8
0.6742313798215507	1.366662297371491e-8
0.6783025367206585	1.3757204731876595e-8
0.682394049404262	1.3849320342679696e-8
0.6865060196512833	1.394300971162095e-8
0.6906385497495399	1.4038314403674835e-8
0.6947917424982876	1.4135277765729697e-8
0.6989657012107791	1.4233945063986192e-8
0.7031605297168331	1.4334363638724136e-8
0.7073763323654171	1.4436583079289088e-8
0.7116132140272443	1.4540655422668165e-8
0.7158712800973803	1.4646635379656519e-8
0.7201506364978669	1.4754580593363607e-8
0.724451389680356	1.486455193570579e-8
0.7287736466287575	1.4976613848612748e-8
0.7331175148619014	1.5090834737965788e-8
0.737483102436211	1.520728742984545e-8
0.7418705179483918	1.5326049700531274e-8
0.7462798705381338	1.5447204893955838e-8
0.7507112698908246	1.5570842643028172e-8
0.7551648262402787	1.569705971451983e-8
0.7596406503714802	1.5825961001168525e-8
0.7641388536233378	1.595766068944011e-8
0.7686595478914543	1.6092283637184926e-8
0.7732028456309116	1.6229967002444752e-8
0.777768859859066	1.63708621731778e-8
0.7823577041583611	1.6515137058003036e-8
0.7869694926791531	1.666297881061903e-8
0.7916043401425489	1.681459707581766e-8
0.7962623618432616	1.6970227863600388e-8
0.8009436736524779	1.7130138180547014e-8
0.8056483920207402	1.7294631575206838e-8
0.8103766339808439	1.7464054787997812e-8
0.8151285171507483	1.7638805737297183e-8
0.8199041597365018	1.7819343123802765e-8
0.8247036805351844	1.8006197996934336e-8
0.8295271989378604	1.819998770265475e-8
0.8343748349325497	1.840143272482372e-8
0.8392467091072124	1.861137704606956e-8
0.8441429426527486	1.883081279410114e-8
0.8490636573660123	1.906091011153465e-8
0.8540089756528424	1.9303053399289817e-8
0.8589790205311068	1.9558885344880436e-8
0.8639739156337622	1.9830360469268636e-8
0.868973915633762	2.011862854567744e-8
0.8739739156337618	2.0425900814979763e-8
0.8789739156337616	2.0755112911325857e-8
0.8839739156337615	2.1109741578871973e-8
0.8889739156337613	2.149390781631907e-8
0.893973915633761	2.1912499880772127e-8
0.8989739156337608	2.237131999420472e-8
0.9039739156337606	2.2877259341471106e-8
0.9089739156337604	2.343850683998929e-8
0.9139739156337602	2.4064798225816796e-8
0.91897391563376	2.4767713272645137e-8
0.9239739156337599	2.556103047959979e-8
0.9289739156337596	2.6461150378867576e-8
0.9339739156337594	2.7487600782670023e-8
0.9389739156337592	2.8663639879764195e-8
0.943973915633759	3.001697618663068e-8
0.9489739156337588	3.158062805593676e-8
0.9539739156337586	3.339394986189723e-8
0.9589739156337583	3.550385725867235e-8
0.9639739156337582	3.7966290210925534e-8
0.968973915633758	4.084796002438505e-8
0.9739739156337578	4.422843559649845e-8
0.9789739156337576	4.820263484670802e-8
0.9839739156337574	5.2883800110821484e-8
0.9889739156337571	5.840705159776443e-8
0.9939739156337569	6.49336312905175e-8
0.9989739156337567	7.265597149903044e-8
1.0039739156337566	8.180374832377917e-8
1.0089739156337563	9.265111137658716e-8
1.0139739156337562	1.0552531819698004e-7
1.0189739156337558	1.2081704604723797e-7
1.0239739156337557	1.3899270653374637e-7
1.0289739156337556	1.606091514092895e-7
1.0339739156337553	1.8633123288654486e-7
1.0389739156337552	2.1695277112241525e-7
1.0439739156337549	2.534215879214365e-7
1.0489739156337547	2.968693923595054e-7
1.0539739156337544	3.48647454732217e-7
1.0589739156337543	4.103691844575076e-7
1.0639739156337542	4.839609405797574e-7
1.0689739156337539	5.717226565337966e-7
1.0739739156337538	6.764001611149346e-7
1.0789739156337534	8.012714336952429e-7
1.0839739156337533	9.502494535958617e-7
1.088973915633753	1.128004802770163e-6
1.093973915633753	1.3401117710397747e-6
1.0989739156337526	1.5932224095874937e-6
1.1039739156337525	1.8952737990912943e-6
1.1089739156337524	2.2557347641159213e-6
1.113973915633752	2.68589939814965e-6
1.118973915633752	3.19923608968847e-6
1.1239739156337516	3.811802287370176e-6
1.1289739156337515	4.54273704205957e-6
1.1339739156337512	5.414845448405613e-6
1.138973915633751	6.455291510880147e-6
1.143973915633751	7.69641871169895e-6
1.1489739156337506	9.17672068877509e-6
1.1539739156337505	1.0941987961958646e-5
1.1589739156337502	1.3046660583634575e-5
1.16397391563375	1.5555420923841354e-5
1.1689739156337497	1.8545065489847756e-5
1.1739739156337496	2.2106699644140286e-5
1.1789739156337493	2.6348304186169677e-5
1.1839739156337492	3.139772779360193e-5
1.187980436725312	3.612785699960463e-5
1.1919869578168745	4.1563509256082875e-5
1.1959934789084372	4.7807721419965505e-5
1.2	5.4978000063768104e-5
