0.0006999999999999628	8.58903694655535e-9
0.001403500000000035	8.594274149375071e-9
0.0021105174999999296	8.599543160598101e-9
0.0028210700874998964	8.604844020747549e-9
0.003535175437937438	8.610176949162465e-9
0.004252851315127062	8.6155421696545e-9
0.004974115571702636	8.62093990801807e-9
0.005698986149561044	8.626370392003645e-9
0.006427481080308875	8.631833851330404e-9
0.007159618485710418	8.637330517701759e-9
0.007895416578138905	8.642860624822268e-9
0.008634893661029494	8.648424408416057e-9
0.00937806812933463	8.654022106245538e-9
0.010124958469981361	8.659653958131307e-9
0.010875583262331262	8.665320205971878e-9
0.01162996117864295	8.671021093764897e-9
0.012388110984536127	8.676756867627972e-9
0.013150051539458866	8.68252777582028e-9
0.013915801797156208	8.688334068764658e-9
0.014685380806142003	8.694175999070065e-9
0.015458807710172712	8.700053821554274e-9
0.01623610174872358	8.705967793266962e-9
0.017017282257467212	8.711918173513327e-9
0.017802368668754516	8.717905223877927e-9
0.01859138051209827	8.723929208249197e-9
0.019384337414658823	8.729990392843478e-9
0.020181259101732015	8.736089046230593e-9
0.020982165397240727	8.742225439358852e-9
0.02178707622422691	8.748399845580884e-9
0.02259601160534814	8.754612540679519e-9
0.02340899166337483	8.760863802894453e-9
0.024226036621691812	8.767153912948895e-9
0.02504716680480027	8.773483154076777e-9
0.025872402638824326	8.779851812050227e-9
0.02670176465201842	8.78626017520759e-9
0.02753527347527842	8.79270853448174e-9
0.028372949842654864	8.799197183428649e-9
0.0292148145918682	8.80572641825656e-9
0.03006088866482743	8.81229653785547e-9
0.03091119310815165	8.818907843827031e-9
0.0317657490736924	8.825560640514818e-9
0.03262457781906081	8.832255235034975e-9
0.03348770070815601	8.838991937307563e-9
0.034355139211696875	8.845771060087837e-9
0.035226914907755424	8.852592918998497e-9
0.03610304948229413	8.859457832561831e-9
0.03698356472970569	8.866366122232915e-9
0.03786848255335419	8.87331811243273e-9
0.038757824966120964	8.88031413058196e-9
0.03965161409095162	8.887354507135448e-9
0.04054987216140643	8.894439575616457e-9
0.04145262152221345	8.901569672652459e-9
0.04235988462982453	8.908745138010485e-9
0.04327168405297366	8.915966314633276e-9
0.0441880424732386	8.923233548676297e-9
0.04510898268560485	8.930547189544581e-9
0.046034527599032954	8.93790758993073e-9
0.04696470023702812	8.945315105852967e-9
0.04789952373821329	8.95277009669407e-9
0.048839021356904266	8.960272925240778e-9
0.04978321646368884	8.967823957723381e-9
0.05073213254600732	8.975423563856547e-9
0.05168579320873729	8.983072116880164e-9
0.052644222174780875	8.990769993600934e-9
0.05360744328565471	8.998517574434724e-9
0.054575480502083065	9.00631524344922e-9
0.055548357904593434	9.014163388407394e-9
0.056526099694116344	9.022062400811585e-9
0.0575087301925869	9.030012675948319e-9
0.05849627384354973	9.038014612933165e-9
0.05948875521276744	9.046068614757404e-9
0.06048619898883127	9.054175088333948e-9
0.061488629983775384	9.062334444545106e-9
0.06249607313369419	9.070547098290618e-9
0.06350855349936275	9.07881346853597e-9
0.06452609626685958	9.087133978362315e-9
0.06554872674819387	9.095509055016107e-9
0.06657647038193484	9.103939129960358e-9
0.06760935273384447	9.112424638926096e-9
0.06864739949751365	9.120966021964729e-9
0.0696906364950013	9.12956372350136e-9
0.07073908967747639	9.138218192388402e-9
0.07179278512586384	9.146929881960809e-9
0.07285174905149322	9.155699250091033e-9
0.0739160077967507	9.164526759246103e-9
0.07498558783573436	9.17341287654426e-9
0.07606051577491299	9.182358073813347e-9
0.07714081835378758	9.191362827649734e-9
0.07822652244555647	9.200427619478289e-9
0.07931765505778425	9.209552935612747e-9
0.0804142433330731	9.218739267317839e-9
0.08151631454973848	9.227987110871705e-9
0.08262389612248718	9.237296967629402e-9
0.0837370156030995	9.246669344087698e-9
0.0848557006811149	9.256104751950275e-9
0.0859799791845205	9.265603708194411e-9
0.08710987908044313	9.275166735138775e-9
0.08824542847584534	9.284794360511558e-9
0.08938665561822454	9.294487117520496e-9
0.09053358889631567	9.304245544923538e-9
0.09168625684079722	9.314070187100567e-9
0.09284468812500112	9.323961594126519e-9
0.09400891156562617	9.333920321845367e-9
0.0951789561234543	9.343946931945448e-9
0.09635485090407148	9.354041992035987e-9
0.09753662515859184	9.364206075724467e-9
0.0987243082843847	9.374439762695828e-9
0.09991792982580656	9.384743638792394e-9
0.10111751947493569	9.39511829609541e-9
0.10232310707231031	9.40556433300762e-9
0.1035347226076718	9.416082354337241e-9
0.10475239622071016	9.426672971383538e-9
0.10597615820181366	9.437336802023261e-9
0.10720603899282274	9.448074470799084e-9
0.10844206918778684	9.458886609008785e-9
0.10968427953372567	9.469773854796621e-9
0.1109327009313943	9.480736853245429e-9
0.11218736443605135	9.491776256470907e-9
0.11344830125823162	9.502892723716944e-9
0.11471554276452282	9.514086921452734e-9
0.11598912047834534	9.525359523471349e-9
0.11726906608073695	9.536711210990317e-9
0.11855541141114062	9.548142672753165e-9
0.11984818846819621	9.559654605133291e-9
0.12114742941053713	9.571247712239055e-9
0.12245316655758978	9.582922706021392e-9
0.1237654323903777	9.594680306382e-9
0.12508425955232963	9.606521241284522e-9
0.12640968085009122	9.618446246866942e-9
0.1277417292543416	9.630456067556091e-9
0.1290804379006133	9.642551456183785e-9
0.13042584009011637	9.654733174105613e-9
0.1317779692905669	9.667001991320768e-9
0.13313685913701961	9.679358686594907e-9
0.13450254343270476	9.691804047584406e-9
0.13587505614986833	9.70433887096286e-9
0.13725443143061763	9.716963962550287e-9
0.13864070358777073	9.729680137443504e-9
0.14003390710570945	9.742488220150102e-9
0.14143407664123803	9.755389044723555e-9
0.1428412470244442	9.76838345490113e-9
0.1442554532595664	9.781472304244413e-9
0.14567673052586416	9.794656456282114e-9
0.1471051141784935	9.807936784655178e-9
0.14854063974938603	9.821314173264719e-9
0.149983342948133	9.834789516422362e-9
0.15143325966287374	9.848363719003523e-9
0.15289042596118813	9.862037696602918e-9
0.15435487809099402	9.875812375693417e-9
0.15582665248144906	9.889688693787314e-9
0.1573057857438562	9.90366759960072e-9
0.15879231467257537	9.91775005322063e-9
0.16028627624593816	9.93193702627543e-9
0.16178770762716785	9.946229502107895e-9
0.16329664616530362	9.960628475951899e-9
0.16481312939613008	9.97513495511201e-9
0.1663371950431107	9.989749959146436e-9
0.16786888101832628	1.0004474520053332e-8
0.1694082254234178	1.0019309682460313e-8
0.1709552665505349	1.0034256503818069e-8
0.17251004288328747	1.0049316054596463e-8
0.17407259309770393	1.0064489418485753e-8
0.17564295606319252	1.0079777692599945e-8
0.17722117084350858	1.0095181987685093e-8
0.17880727669772617	1.0110703428331232e-8
0.18040131308121476	1.0126343153187696e-8
0.18200331964662084	1.0142102315183352e-8
0.18361333624485401	1.015798208175047e-8
0.18523140292607826	1.0173983635052902e-8
0.18685755994070874	1.0190108172218651e-8
0.1884918477404122	1.0206356905576806e-8
0.19013430697911424	1.0222731062899132e-8
0.1917849785140098	1.023923188764631e-8
0.19344390340657974	1.0255860639218679e-8
0.19511112292361268	1.0272618593211937e-8
0.1967866785382308	1.028950704167793e-8
0.19847061193092203	1.0306527293390404e-8
0.20016296499057665	1.0323680674115961e-8
0.20186377981552947	1.0340968526890088e-8
0.2035730987146071	1.0358392212299157e-8
0.20529096420818022	1.0375953108767313e-8
0.20701741902922113	1.0393652612849758e-8
0.20875250612436722	1.0411492139530911e-8
0.210496268654989	1.0429473122529654e-8
0.21224874999826396	1.0447597014609534e-8
0.21400999374825516	1.0465865287896157e-8
0.21578004371699644	1.0484279434200278e-8
0.21755894393558148	1.0502840965347762e-8
0.2193467386552594	1.052155141351616e-8
0.22114347234853576	1.0540412331578061e-8
0.22294918971027836	1.0559425293451532e-8
0.2247639356588297	1.0578591894457715e-8
0.2265877553371239	1.0597913751685633e-8
0.2284206941138094	1.0617392504364841e-8
0.23026279758437848	1.0637029814245533e-8
0.23211411157230027	1.0656827365986446e-8
0.23397468213016168	1.067678686755142e-8
0.23584455554081238	1.0696910050613343e-8
0.23772377831851643	1.0717198670967578e-8
0.23961239721010893	1.0737654508953207e-8
0.24151045919615952	1.0758279369884036e-8
0.24341801149214037	1.0779075084488022e-8
0.24533510154960114	1.080004350935638e-8
0.24726177705734917	1.0821186527402583e-8
0.24919808594263576	1.0842506048330704e-8
0.251144076372349	1.0864004009114184e-8
0.2530997967542107	1.088568237448498e-8
0.2550652957379817	1.0907543137433012e-8
0.2570406222166717	1.0929588319716969e-8
0.2590258253277551	1.0951819972386142e-8
0.26102095445439405	1.09742401763134e-8
0.2630260592266659	1.099685104274047e-8
0.2650411895227993	1.1019654713835065e-8
0.2670663954704134	1.1042653363260112e-8
0.26910172744776534	1.1065849196756348e-8
0.27114723608500396	1.1089244452737396e-8
0.27320297226542917	1.1112841402898577e-8
0.27526898712675635	1.1136642352839304e-8
0.27734533206239	1.1160649642699815e-8
0.2794320587227019	1.1184865647812316e-8
0.2815292190163153	1.120929277936675e-8
0.2836368651113967	1.1233933485092738e-8
0.28575504943695385	1.1258790249956077e-8
0.28788382468413853	1.1283865596872356e-8
0.29002324380755934	1.1309162087436563e-8
0.29217336002659705	1.133468232267061e-8
0.29433422682673016	1.1360428943787026e-8
0.29650589796086374	1.138640463297205e-8
0.29868842745066804	1.1412612114186491e-8
0.30088186958792124	1.1439054153985807e-8
0.3030862789358609	1.1465733562360079e-8
0.30530171033054027	1.1492653193593462e-8
0.307528218882193	1.1519815947145153e-8
0.30976585997660405	1.1547224768551183e-8
0.312014689276487	1.1574882650348282e-8
0.31427476272286925	1.1602792633020373e-8
0.3165461365364837	1.1630957805968186e-8
0.3188288672191662	1.1659381308502922e-8
0.32112301155526213	1.1688066330864413e-8
0.32342862661303834	1.171701611526468e-8
0.3257457697461036	1.1746233956957562e-8
0.32807449859483384	1.1775723205335217e-8
0.3304148710878078	1.1805487265052538e-8
0.33276694544324686	1.1835529597179327e-8
0.33513078017046305	1.1865853720382862e-8
0.33750643407131514	1.1896463212139903e-8
0.3398939662416715	1.1927361709980547e-8
0.3422934360728799	1.1958552912763489e-8
0.34470490325324404	1.1990040581985024e-8
0.3471284277695101	1.2021828543122196e-8
0.34956406990835764	1.2053920687010796e-8
0.3520118902578995	1.2086320971259897e-8
0.354471949709189	1.2119033421704093e-8
0.3569443094577349	1.2152062133894085e-8
0.3594290310050235	1.2185411274627436e-8
0.3619261761600484	1.2219085083520262e-8
0.3644358070408486	1.2253087874621768e-8
0.36695798607605284	1.2287424038072449e-8
0.36949277600643327	1.232209804180761e-8
0.37204023988646523	1.2357114433307908e-8
0.3746004410858973	1.2392477841397995e-8
0.3771734432913268	1.2428192978095505e-8
0.3797593105077832	1.2464264640511083e-8
0.3823581070603219	1.2500697712802678e-8
0.38496989759562367	1.2537497168183857e-8
0.3875947470836016	1.2574668070990245e-8
0.3902327208190196	1.2612215578804322e-8
0.3928838844231145	1.2650144944641425e-8
0.39554830384522993	1.2688461519198783e-8
0.3982260453644561	1.2727170753170244e-8
0.4009171755912785	1.276627819962807e-8
0.40362176146923495	1.2805789516475156e-8
0.40633987027658097	1.2845710468969635e-8
0.4090715696279639	1.288604693232431e-8
0.4118169274761037	1.2926804894384126e-8
0.4145760121134843	1.2967990458384253e-8
0.4173488921740515	1.3009609845791293e-8
0.4201356366349219	1.3051669399231568e-8
0.42293631481809635	1.3094175585508761e-8
0.4257509963921868	1.3137134998714936e-8
0.42857975137414767	1.3180554363437463e-8
0.43142265013101855	1.3224440538067364e-8
0.43427976338167373	1.326880051821052e-8
0.43715116219858224	1.3313641440207249e-8
0.44003691800957523	1.3358970584764175e-8
0.44293710259962304	1.3404795380702077e-8
0.4458517881126211	1.3451123408825369e-8
0.44878104705318417	1.349796240591685e-8
0.45172495228844983	1.3545320268862994e-8
0.45468357704989204	1.3593205058915912e-8
0.4576569949351413	1.3641625006095904e-8
0.46064527990981685	1.3690588513741564e-8
0.4636485063093658	1.3740104163212794e-8
0.4666667488409128	1.3790180718753337e-8
0.4697000825851173	1.3840827132519182e-8
0.4727485829980427	1.3892052549779875e-8
0.47581232591303285	1.3943866314300202e-8
0.478891387542598	1.3996277973909528e-8
0.48198584448031084	1.4049297286267094e-8
0.4850957737027124	1.4102934224831766e-8
0.48822125257122595	1.4157198985044524e-8
0.49136235883408197	1.4212101990734619e-8
0.4945191706282523	1.4267653900756508e-8
0.4976917664813935	1.432386561587162e-8
0.5008802253138004	1.4380748285882033e-8
0.5040846264403696	1.4438313317030602e-8
0.5073050495725715	1.4496572379678475e-8
0.5105415748204343	1.4555537416272689e-8
0.5137942826945365	1.461522064961767e-8
0.517063254108009	1.4675634591465618e-8
0.5203485703785492	1.4736792051439932e-8
0.5236503132304419	1.479870614630837e-8
0.5269685647965939	1.4861390309623137e-8
0.5303034076205766	1.4924858301745244e-8
0.5336549246586795	1.4989124220273412e-8
0.5370231992819728	1.5054202510896116e-8
0.5404083152783826	1.5120107978691007e-8
0.5438103568547747	1.5186855799891503e-8
0.5472294086390483	1.5254461534147748e-8
0.5506655556822436	1.5322941137306217e-8
0.5541188834606549	1.5392310974736124e-8
0.5575894778779582	1.5462587835232973e-8
0.5610774252673477	1.5533788945529635e-8
0.5645828123936844	1.5605931985449684e-8
0.5681057264556525	1.567903510373855e-8
0.5716462550879309	1.575311693461127e-8
0.5752044863633705	1.5828196615059016e-8
0.5787805087951873	1.590429380295804e-8
0.5823744113391631	1.5981428696029767e-8
0.5859862833958588	1.605962205170384e-8
0.5896162148128381	1.6138895207938442e-8
0.5932642958869024	1.6219270105060522e-8
0.5969306173663369	1.63007693086892e-8
0.6006152704531684	1.6383416033813074e-8
0.6043183468054344	1.646723417009997e-8
0.6080399385394615	1.6552248308520115e-8
0.6117801382321587	1.6638483769375327e-8
0.6155390389233192	1.6725966631833662e-8
0.6193167341179359	1.681472376507743e-8
0.6231133177885255	1.6904782861184262e-8
0.6269288843774683	1.6996172469873463e-8
0.6307635287993556	1.7088922035260774e-8
0.6346173464433522	1.7183061934783376e-8
0.6384904331755688	1.7278623520471343e-8
0.6423828853414466	1.7375639162762953e-8
0.6462947997681537	1.747414229708336e-8
0.6502262737669944	1.7574167473433524e-8
0.6541774051358293	1.767575040926286e-8
0.6581482921615082	1.777892804593637e-8
0.6621390336223156	1.7883738609144954e-8
0.6661497287904271	1.7990221673655188e-8
0.6701804774343789	1.809841823284536e-8
0.6742313798215507	1.820837077353962e-8
0.6783025367206585	1.8320123356723728e-8
0.682394049404262	1.843372170481084e-8
0.6865060196512833	1.8549213296225187e-8
0.6906385497495399	1.8666647468191586e-8
0.6947917424982876	1.878607552875468e-8
0.6989657012107791	1.8907550879218388e-8
0.7031605297168331	1.9031129148390986e-8
0.7073763323654171	1.915686834025054e-8
0.7116132140272443	1.928482899692421e-8
0.7158712800973803	1.94150743792034e-8
0.7201506364978669	1.9547670667206974e-8
0.724451389680356	1.968268718428117e-8
0.7287736466287575	1.9820196647786404e-8
0.7331175148619014	1.9960275451103334e-8
0.737483102436211	2.01030039820058e-8
0.7418705179483918	2.024846698354175e-8
0.7462798705381338	2.0396753964749005e-8
0.7507112698908246	2.0547959669982395e-8
0.7551648262402787	2.0702184617373633e-8
0.7596406503714802	2.085953571907185e-8
0.7641388536233378	2.1020126998490352e-8
0.7686595478914543	2.1184080422927576e-8
0.7732028456309116	2.1351526873757223e-8
0.777768859859066	2.152260728105062e-8
0.7823577041583611	2.169747395520534e-8
0.7869694926791531	2.1876292155131795e-8
0.7916043401425489	2.2059241941104205e-8
0.7962623618432616	2.224652037087046e-8
0.8009436736524779	2.2438344110490077e-8
0.8056483920207402	2.263495254720693e-8
0.8103766339808439	2.2836611511138356e-8
0.8151285171507483	2.3043617736574552e-8
0.8199041597365018	2.3256304223283524e-8
0.8247036805351844	2.347504669478449e-8
0.8295271989378604	2.3700271395741473e-8
0.8343748349325497	2.3932464526562953e-8
0.8392467091072124	2.41721836825708e-8
0.8441429426527486	2.4420071751028002e-8
0.8490636573660123	2.4676873825970645e-8
0.8540089756528424	2.494345783334049e-8
0.8589790205311068	2.522083972380499e-8
0.8639739156337622	2.5510214295972516e-8
0.868973915633762	2.581176885682764e-8
0.8739739156337618	2.612667105967767e-8
0.8789739156337616	2.6456640404238657e-8
0.8839739156337615	2.6803709651398998e-8
0.8889739156337613	2.7170286842723697e-8
0.893973915633761	2.7559229899995048e-8
0.8989739156337608	2.7973936379227952e-8
0.9039739156337606	2.8418451481945288e-8
0.9089739156337604	2.889759806367747e-8
0.9139739156337602	2.9417133147752454e-8
0.91897391563376	2.9983936378374996e-8
0.9239739156337599	3.0606236963100144e-8
0.9289739156337596	3.1293887000136587e-8
0.9339739156337594	3.205869070738506e-8
0.9389739156337592	3.2914801024335316e-8
0.943973915633759	3.3879197412937444e-8
0.9489739156337588	3.497226152129463e-8
0.9539739156337586	3.621847079300882e-8
0.9589739156337583	3.7647234223822555e-8
0.9639739156337582	3.9293899428267454e-8
0.968973915633758	4.1200966153640105e-8
0.9739739156337578	4.3419548572355034e-8
0.9789739156337576	4.601113734344443e-8
0.9839739156337574	4.904972285580547e-8
0.9889739156337571	5.2624353604632055e-8
0.9939739156337569	5.684221873353972e-8
0.9989739156337567	6.183236190683909e-8
1.0039739156337566	6.775015546742304e-8
1.0089739156337563	7.47826900118277e-8
1.0139739156337562	8.315526594086198e-8
1.0189739156337558	9.31392112522275e-8
1.0239739156337557	1.0506129505524307e-7
1.0289739156337556	1.1931506045911538e-7
1.0339739156337553	1.3637446533257758e-7
1.0389739156337552	1.5681029698078332e-7
1.0439739156337549	1.813099194169278e-7
1.0489739156337547	2.107010224133743e-7
1.0539739156337544	2.4598017315457174e-7
1.0589739156337543	2.8834712785977155e-7
1.0639739156337542	3.3924604655282063e-7
1.0689739156337539	4.004149742149048e-7
1.0739739156337538	4.739452115195522e-7
1.0789739156337534	5.62352504561944e-7
1.0839739156337533	6.686623424789945e-7
1.088973915633753	7.965120722434771e-7
1.093973915633753	9.502730293196692e-7
1.0989739156337526	1.1351964496368228e-6
1.1039739156337525	1.3575875806932234e-6
1.1089739156337524	1.6250131550818182e-6
1.113973915633752	1.9465482344029477e-6
1.118973915633752	2.333069378957955e-6
1.1239739156337516	2.7976021484562563e-6
1.1289739156337515	3.355732085258249e-6
1.1339739156337512	4.026089560709962e-6
1.138973915633751	4.830920153110367e-6
1.143973915633751	5.796753536218686e-6
1.1489739156337506	6.955185138077931e-6
1.1539739156337505	8.343786011679378e-6
1.1589739156337502	1.0007157352430415e-5
1.16397391563375	1.1998146792554841e-5
1.1689739156337497	1.4379243867950055e-5
1.1739739156337496	1.722417173449398e-5
1.1789739156337493	2.0619691127775988e-5
1.1839739156337492	2.4667630497026834e-5
1.187980436725312	2.8461744070936535e-5
1.1919869578168745	3.282131031345594e-5
1.1959934789084372	3.782576191135826e-5
1.2	4.356459668041842e-5
