0.0006999999999999628	5.915535113841533e-9
0.001403500000000035	5.919288339776198e-9
0.0021105174999999296	5.923064386049088e-9
0.0028210700874998964	5.926863315105705e-9
0.003535175437937438	5.9306852855194904e-9
0.004252851315127062	5.934530458658418e-9
0.004974115571702636	5.93839899732318e-9
0.005698986149561044	5.942291065733047e-9
0.006427481080308875	5.9462068295345835e-9
0.007159618485710418	5.9501464558124425e-9
0.007895416578138905	5.954110113101365e-9
0.008634893661029494	5.958097971398995e-9
0.00937806812933463	5.962110202179545e-9
0.010124958469981361	5.966146978407799e-9
0.010875583262331262	5.9702084745537275e-9
0.01162996117864295	5.974294866607382e-9
0.012388110984536127	5.978406332094201e-9
0.013150051539458866	5.982543050090733e-9
0.013915801797156208	5.986705201240527e-9
0.014685380806142003	5.990892967770383e-9
0.015458807710172712	5.995106533506948e-9
0.01623610174872358	5.9993460838935535e-9
0.017017282257467212	6.003611806007135e-9
0.017802368668754516	6.007903888575768e-9
0.01859138051209827	6.01222252199616e-9
0.019384337414658823	6.016567898351669e-9
0.020181259101732015	6.020940211430215e-9
0.020982165397240727	6.025339656742859e-9
0.02178707622422691	6.0297664315424375e-9
0.02259601160534814	6.034220734842383e-9
0.02340899166337483	6.038702767436015e-9
0.024226036621691812	6.043212731915984e-9
0.02504716680480027	6.047750832693812e-9
0.025872402638824326	6.05231727602024e-9
0.02670176465201842	6.0569122700051235e-9
0.02753527347527842	6.061536024638172e-9
0.028372949842654864	6.066188751809838e-9
0.0292148145918682	6.070870665332257e-9
0.03006088866482743	6.075581980960807e-9
0.03091119310815165	6.080322916415595e-9
0.0317657490736924	6.085093691403773e-9
0.03262457781906081	6.0898945276414625e-9
0.03348770070815601	6.0947256488767205e-9
0.034355139211696875	6.099587280912119e-9
0.035226914907755424	6.104479651628194e-9
0.03610304948229413	6.109402991006845e-9
0.03698356472970569	6.1143575311553764e-9
0.03786848255335419	6.119343506330476e-9
0.038757824966120964	6.124361152962938e-9
0.03965161409095162	6.1294107096824295e-9
0.04054987216140643	6.134492417342682e-9
0.04145262152221345	6.139606519047184e-9
0.04235988462982453	6.144753260174918e-9
0.04327168405297366	6.149932888406842e-9
0.0441880424732386	6.1551456537523705e-9
0.04510898268560485	6.160391808576517e-9
0.046034527599032954	6.165671607627144e-9
0.04696470023702812	6.17098530806295e-9
0.04789952373821329	6.176333169481333e-9
0.048839021356904266	6.181715453947461e-9
0.04978321646368884	6.187132426022628e-9
0.05073213254600732	6.192584352794168e-9
0.05168579320873729	6.1980715039049e-9
0.052644222174780875	6.203594151583611e-9
0.05360744328565471	6.2091525706755285e-9
0.054575480502083065	6.214747038673385e-9
0.055548357904593434	6.220377835749164e-9
0.056526099694116344	6.226045244785902e-9
0.0575087301925869	6.231749551410287e-9
0.05849627384354973	6.237491044025351e-9
0.05948875521276744	6.243270013844108e-9
0.06048619898883127	6.249086754923207e-9
0.061488629983775384	6.254941564197535e-9
0.06249607313369419	6.260834741514826e-9
0.06350855349936275	6.266766589671257e-9
0.06452609626685958	6.272737414447185e-9
0.06554872674819387	6.278747524643609e-9
0.06657647038193484	6.284797232119155e-9
0.06760935273384447	6.290886851827494e-9
0.06864739949751365	6.297016701855447e-9
0.0696906364950013	6.30318710346155e-9
0.07073908967747639	6.309398381115275e-9
0.07179278512586384	6.315650862536749e-9
0.07285174905149322	6.321944878737131e-9
0.0739160077967507	6.328280764059512e-9
0.07498558783573436	6.334658856220603e-9
0.07606051577491299	6.34107949635274e-9
0.07714081835378758	6.34754302904686e-9
0.07822652244555647	6.35404980239592e-9
0.07931765505778425	6.360600168038993e-9
0.0804142433330731	6.367194481206115e-9
0.08151631454973848	6.373833100763652e-9
0.08262389612248718	6.380516389260553e-9
0.0837370156030995	6.3872447129752475e-9
0.0848557006811149	6.394018441963122e-9
0.0859799791845205	6.400837950104891e-9
0.08710987908044313	6.407703615155626e-9
0.08824542847584534	6.414615818794593e-9
0.08938665561822454	6.4215749466758636e-9
0.09053358889631567	6.4285813884795725e-9
0.09168625684079722	6.435635537964148e-9
0.09284468812500112	6.442737793019287e-9
0.09400891156562617	6.449888555719785e-9
0.0951789561234543	6.457088232379985e-9
0.09635485090407148	6.4643372336095675e-9
0.09753662515859184	6.471635974369646e-9
0.0987243082843847	6.47898487403019e-9
0.09991792982580656	6.486384356428187e-9
0.10111751947493569	6.493834849926525e-9
0.10232310707231031	6.50133678747433e-9
0.1035347226076718	6.508890606667622e-9
0.10475239622071016	6.516496749811508e-9
0.10597615820181366	6.524155663983015e-9
0.10720603899282274	6.53186780109502e-9
0.10844206918778684	6.539633617961329e-9
0.10968427953372567	6.547453576362528e-9
0.1109327009313943	6.555328143113386e-9
0.11218736443605135	6.56325779013065e-9
0.11344830125823162	6.571242994502641e-9
0.11471554276452282	6.579284238559625e-9
0.11598912047834534	6.587382009945325e-9
0.11726906608073695	6.5955368016895805e-9
0.11855541141114062	6.603749112282609e-9
0.11984818846819621	6.612019445749817e-9
0.12114742941053713	6.620348311728465e-9
0.12245316655758978	6.628736225545183e-9
0.1237654323903777	6.637183708295102e-9
0.12508425955232963	6.645691286921917e-9
0.12640968085009122	6.654259494299722e-9
0.1277417292543416	6.66288886931595e-9
0.1290804379006133	6.671579956955658e-9
0.13042584009011637	6.680333308387488e-9
0.1317779692905669	6.689149481050799e-9
0.13313685913701961	6.698029038744497e-9
0.13450254343270476	6.706972551717305e-9
0.13587505614986833	6.715980596759475e-9
0.13725443143061763	6.725053757296168e-9
0.13864070358777073	6.7341926234824444e-9
0.14003390710570945	6.743397792299826e-9
0.14143407664123803	6.75266986765463e-9
0.1428412470244442	6.762009460477784e-9
0.1442554532595664	6.771417188826613e-9
0.14567673052586416	6.780893677988311e-9
0.1471051141784935	6.790439560585221e-9
0.14854063974938603	6.8000554766817785e-9
0.149983342948133	6.809742073893665e-9
0.15143325966287374	6.819500007498695e-9
0.15289042596118813	6.8293299405496414e-9
0.15435487809099402	6.839232543988991e-9
0.15582665248144906	6.849208496766059e-9
0.1573057857438562	6.85925848595574e-9
0.15879231467257537	6.869383206879852e-9
0.16028627624593816	6.879583363230075e-9
0.16178770762716785	6.889859667193802e-9
0.16329664616530362	6.900212839581637e-9
0.16481312939613008	6.910643609957578e-9
0.1663371950431107	6.921152716771342e-9
0.16786888101832628	6.931740907493174e-9
0.1694082254234178	6.942408938751307e-9
0.1709552665505349	6.95315757647153e-9
0.17251004288328747	6.963987596019759e-9
0.17407259309770393	6.974899782346677e-9
0.17564295606319252	6.985894930135839e-9
0.17722117084350858	6.996973843953703e-9
0.17880727669772617	7.00813733840298e-9
0.18040131308121476	7.0193862382786685e-9
0.18200331964662084	7.030721378726954e-9
0.18361333624485401	7.042143605407162e-9
0.18523140292607826	7.053653774656768e-9
0.18685755994070874	7.065252753659548e-9
0.1884918477404122	7.0769414206167156e-9
0.19013430697911424	7.088720664921572e-9
0.1917849785140098	7.100591387337385e-9
0.19344390340657974	7.112554500178569e-9
0.19511112292361268	7.12461092749547e-9
0.1967866785382308	7.1367616052628065e-9
0.19847061193092203	7.149007481571149e-9
0.20016296499057665	7.161349516823226e-9
0.20186377981552947	7.173788683932785e-9
0.2035730987146071	7.1863259685283026e-9
0.20529096420818022	7.198962369160146e-9
0.20701741902922113	7.211698897511981e-9
0.20875250612436722	7.224536578616335e-9
0.210496268654989	7.237476451074469e-9
0.21224874999826396	7.2505195672804546e-9
0.21400999374825516	7.263666993649829e-9
0.21578004371699644	7.276919810852762e-9
0.21755894393558148	7.290279114052086e-9
0.2193467386552594	7.303746013145589e-9
0.22114347234853576	7.3173216330140374e-9
0.22294918971027836	7.331007113773194e-9
0.2247639356588297	7.3448036110319656e-9
0.2265877553371239	7.3587122961549105e-9
0.2284206941138094	7.3727343565309985e-9
0.23026279758437848	7.386870995847008e-9
0.23211411157230027	7.401123434367089e-9
0.23397468213016168	7.415492909218187e-9
0.23584455554081238	7.429980674680861e-9
0.23772377831851643	7.4445880024868466e-9
0.23961239721010893	7.459316182122019e-9
0.24151045919615952	7.474166521136582e-9
0.24341801149214037	7.48914034546115e-9
0.24533510154960114	7.504238999729728e-9
0.24726177705734917	7.519463847609396e-9
0.24919808594263576	7.534816272137457e-9
0.251144076372349	7.550297676065182e-9
0.2530997967542107	7.56590948220924e-9
0.2550652957379817	7.581653133810792e-9
0.2570406222166717	7.597530094901959e-9
0.2590258253277551	7.613541850680607e-9
0.26102095445439405	7.629689907893229e-9
0.2630260592266659	7.645975795225844e-9
0.2650411895227993	7.662401063704e-9
0.2670663954704134	7.678967287100997e-9
0.26910172744776534	7.695676062355799e-9
0.27114723608500396	7.712529009999459e-9
0.27320297226542917	7.729527774591659e-9
0.27526898712675635	7.746674025166704e-9
0.27734533206239	7.763969455689635e-9
0.2794320587227019	7.781415785522398e-9
0.2815292190163153	7.799014759900907e-9
0.2836368651113967	7.816768150422638e-9
0.28575504943695385	7.834677755545498e-9
0.28788382468413853	7.852745401098075e-9
0.29002324380755934	7.870972940801557e-9
0.29217336002659705	7.889362256803601e-9
0.29433422682673016	7.907915260225098e-9
0.29650589796086374	7.926633891718855e-9
0.29868842745066804	7.945520122041936e-9
0.30088186958792124	7.964575952641186e-9
0.3030862789358609	7.98380341625251e-9
0.30530171033054027	8.00320457751465e-9
0.307528218882193	8.022781533596852e-9
0.30976585997660405	8.042536414842513e-9
0.312014689276487	8.062471385427095e-9
0.31427476272286925	8.08258864403292e-9
0.3165461365364837	8.102890424539428e-9
0.3188288672191662	8.123378996730953e-9
0.32112301155526213	8.144056667020939e-9
0.32342862661303834	8.164925779194634e-9
0.3257457697461036	8.185988715169532e-9
0.32807449859483384	8.207247895774753e-9
0.3304148710878078	8.228705781549964e-9
0.33276694544324686	8.250364873563897e-9
0.33513078017046305	8.27222771425349e-9
0.33750643407131514	8.294296888284118e-9
0.3398939662416715	8.316575023431632e-9
0.3422934360728799	8.339064791486742e-9
0.34470490325324404	8.361768909182323e-9
0.3471284277695101	8.384690139144715e-9
0.34956406990835764	8.407831290869315e-9
0.3520118902578995	8.431195221721418e-9
0.354471949709189	8.454784837963376e-9
0.3569443094577349	8.478603095807819e-9
0.3594290310050235	8.502653002499613e-9
0.3619261761600484	8.526937617425103e-9
0.3644358070408486	8.551460053251976e-9
0.36695798607605284	8.576223477098407e-9
0.36949277600643327	8.601231111733983e-9
0.37204023988646523	8.62648623681314e-9
0.3746004410858973	8.651992190141401e-9
0.3771734432913268	8.677752368976363e-9
0.3797593105077832	8.703770231364124e-9
0.3823581070603219	8.730049297512177e-9
0.38496989759562367	8.756593151200675e-9
0.3875947470836016	8.783405441232224e-9
0.3902327208190196	8.810489882922376e-9
0.3928838844231145	8.83785025963208e-9
0.39554830384522993	8.86549042434282e-9
0.3982260453644561	8.89341430127684e-9
0.4009171755912785	8.921625887563049e-9
0.40362176146923495	8.950129254951202e-9
0.40633987027658097	8.978928551574778e-9
0.4090715696279639	9.00802800376528e-9
0.4118169274761037	9.037431917919346e-9
0.4145760121134843	9.067144682420411e-9
0.4173488921740515	9.09717076961695e-9
0.4201356366349219	9.127514737859231e-9
0.42293631481809635	9.158181233596923e-9
0.4257509963921868	9.189174993539483e-9
0.42857975137414767	9.220500846881374e-9
0.43142265013101855	9.25216371759515e-9
0.43427976338167373	9.284168626794171e-9
0.43715116219858224	9.316520695167936e-9
0.44003691800957523	9.349225145492448e-9
0.44293710259962304	9.3822873052187e-9
0.4458517881126211	9.415712609142221e-9
0.44878104705318417	9.44950660215575e-9
0.45172495228844983	9.48367494209039e-9
0.45468357704989204	9.518223402645912e-9
0.4576569949351413	9.553157876416022e-9
0.46064527990981685	9.588484378010282e-9
0.4636485063093658	9.624209047278598e-9
0.4666667488409128	9.660338152640224e-9
0.4697000825851173	9.69687809452273e-9
0.4727485829980427	9.733835408914954e-9
0.47581232591303285	9.771216771038645e-9
0.478891387542598	9.809028999143428e-9
0.48198584448031084	9.847279058430278e-9
0.4850957737027124	9.885974065108731e-9
0.48822125257122595	9.925121290593827e-9
0.49136235883408197	9.96472816584775e-9
0.4945191706282523	1.0004802285873203e-8
0.4976917664813935	1.004535141436498e-8
0.5008802253138004	1.0086383488525223e-8
0.5040846264403696	1.0127906624051775e-8
0.5073050495725715	1.0169929120305171e-8
0.5105415748204343	1.0212459465663278e-8
0.5137942826945365	1.0255506343071813e-8
0.517063254108009	1.0299078635799282e-8
0.5203485703785492	1.0343185433406556e-8
0.5236503132304419	1.0387836037939677e-8
0.5269685647965939	1.0433039970357858e-8
0.5303034076205766	1.0478806977206337e-8
0.5336549246586795	1.0525147037547298e-8
0.5370231992819728	1.0572070370159955e-8
0.5404083152783826	1.0619587441024144e-8
0.5438103568547747	1.0667708971100898e-8
0.5472294086390483	1.071644594442496e-8
0.5506655556822436	1.0765809616525973e-8
0.5541188834606549	1.0815811523193926e-8
0.5575894778779582	1.0866463489608754e-8
0.5610774252673477	1.0917777639852044e-8
0.5645828123936844	1.0969766406822687e-8
0.5681057264556525	1.1022442542578094e-8
0.5716462550879309	1.1075819129125517e-8
0.5752044863633705	1.1129909589688914e-8
0.5787805087951873	1.118472770047923e-8
0.5823744113391631	1.12402876029984e-8
0.5859862833958588	1.129660381690902e-8
0.5896162148128381	1.1353691253505794e-8
0.5932642958869024	1.1411565229826303e-8
0.5969306173663369	1.1470241483442991e-8
0.6006152704531684	1.152973618798259e-8
0.6043183468054344	1.1590065969421971e-8
0.6080399385394615	1.165124792321628e-8
0.6117801382321587	1.1713299632318377e-8
0.6155390389233192	1.177623918615764e-8
0.6193167341179359	1.1840085200651044e-8
0.6231133177885255	1.1904856839328365e-8
0.6269288843774683	1.1970573835663364e-8
0.6307635287993556	1.2037256516712673e-8
0.6346173464433522	1.2104925828176474e-8
0.6384904331755688	1.217360336101071e-8
0.6423828853414466	1.2243311379734438e-8
0.6462947997681537	1.2314072852598472e-8
0.6502262737669944	1.2385911483801576e-8
0.6541774051358293	1.2458851747966682e-8
0.6581482921615082	1.2532918927121898e-8
0.6621390336223156	1.2608139150465658e-8
0.6661497287904271	1.2684539437237029e-8
0.6701804774343789	1.276214774306374e-8
0.6742313798215507	1.2840993010218703e-8
0.6783025367206585	1.2921105222283684e-8
0.682394049404262	1.3002515463804393e-8
0.6865060196512833	1.308525598561626e-8
0.6906385497495399	1.3169360276639512e-8
0.6947917424982876	1.3254863143078737e-8
0.6989657012107791	1.3341800796131593e-8
0.7031605297168331	1.3430210949506705e-8
0.7073763323654171	1.3520132928292028e-8
0.7116132140272443	1.3611607790999288e-8
0.7158712800973803	1.370467846695579e-8
0.7201506364978669	1.3799389911626394e-8
0.724451389680356	1.389578928294986e-8
0.7287736466287575	1.3993926142374576e-8
0.7331175148619014	1.4093852685007249e-8
0.737483102436211	1.4195624004169443e-8
0.7418705179483918	1.4299298396722382e-8
0.7462798705381338	1.4404937716817489e-8
0.7507112698908246	1.4512607787301882e-8
0.7551648262402787	1.4622378879918985e-8
0.7596406503714802	1.473432627777471e-8
0.7641388536233378	1.4848530936373885e-8
0.7686595478914543	1.496508026299481e-8
0.7732028456309116	1.5084069038395765e-8
0.777768859859066	1.520560051001554e-8
0.7823577041583611	1.5329787692156457e-8
0.7869694926791531	1.5456754916389062e-8
0.7916043401425489	1.558663968491993e-8
0.7962623618432616	1.571959489133933e-8
0.8009436736524779	1.5855791487500892e-8
0.8056483920207402	1.599542169293368e-8
0.8103766339808439	1.6138702864907924e-8
0.8151285171507483	1.6285882174058018e-8
0.8199041597365018	1.643724226350482e-8
0.8247036805351844	1.659310811022555e-8
0.8295271989378604	1.675385535786713e-8
0.8343748349325497	1.69199204526215e-8
0.8392467091072124	1.70918129911008e-8
0.8441429426527486	1.7270130785016626e-8
0.8490636573660123	1.7455578266433958e-8
0.8540089756528424	1.7648989005158697e-8
0.8589790205311068	1.7851353293571785e-8
0.8639739156337622	1.806385198293306e-8
0.868973915633762	1.8286988479303794e-8
0.8739739156337618	1.8522053112675832e-8
0.8789739156337616	1.877083424013407e-8
0.8839739156337615	1.9035463175489418e-8
0.8889739156337613	1.931848308523472e-8
0.893973915633761	1.9622931887821595e-8
0.8989739156337608	1.9952442013552065e-8
0.9039739156337606	2.031136046585432e-8
0.9089739156337604	2.070489332755216e-8
0.9139739156337602	2.1139279702099768e-8
0.91897391563376	2.1622001098903157e-8
0.9239739156337599	2.2162033499004216e-8
0.9289739156337596	2.2770150814920168e-8
0.9339739156337594	2.345929023728578e-8
0.9389739156337592	2.4244992102423698e-8
0.943973915633759	2.514592949276158e-8
0.9489739156337588	2.618454588474692e-8
0.9539739156337586	2.738782289302306e-8
0.9589739156337583	2.8788204653091504e-8
0.9639739156337582	3.0424710791130907e-8
0.968973915633758	3.234427643357507e-8
0.9739739156337578	3.4603365531894825e-8
0.9789739156337576	3.72699131853996e-8
0.9839739156337574	4.042566395528537e-8
0.9889739156337571	4.416898675825286e-8
0.9939739156337569	4.8618263264958034e-8
0.9989739156337567	5.3915966354285195e-8
1.0039739156337566	6.023356874321624e-8
1.0089739156337563	6.777745020539827e-8
1.0139739156337562	7.679600574230677e-8
1.0189739156337558	8.758819779130427e-8
1.0239739156337557	1.0051384436927219e-7
1.0289739156337556	1.1600599353341044e-7
1.0339739156337553	1.345858045613742e-7
1.0389739156337552	1.5688044002613422e-7
1.0439739156337549	1.8364457308472544e-7
1.0489739156337547	2.157862339037346e-7
1.0539739156337544	2.5439786183949274e-7
1.0589739156337543	3.007936000365668e-7
1.0639739156337542	3.565540714771267e-7
1.0689739156337539	4.2358011598814237e-7
1.0739739156337538	5.041572529805837e-7
1.0789739156337534	6.010329724389094e-7
1.0839739156337533	7.175093556669691e-7
1.088973915633753	8.575539974274412e-7
1.093973915633753	1.0259327534518818e-6
1.0989739156337526	1.2283684840142462e-6
1.1039739156337525	1.4717307184995905e-6
1.1089739156337524	1.7642620414875554e-6
1.113973915633752	2.1158480118432343e-6
1.118973915633752	2.53833858615073e-6
1.1239739156337516	3.045930338352455e-6
1.1289739156337515	3.6556202572454675e-6
1.1339739156337512	4.387743565661066e-6
1.138973915633751	5.266609834596548e-6
1.143973915633751	6.32125364516455e-6
1.1489739156337506	7.58631814750501e-6
1.1539739156337505	9.103092023676555e-6
1.1589739156337502	1.0920722498708209e-5
1.16397391563375	1.3097629045355473e-5
1.1689739156337497	1.570314414107648e-5
1.1739739156337496	1.8819408667526357e-5
1.1789739156337493	2.2543550060494682e-5
1.1839739156337492	2.6990170852693844e-5
1.187980436725312	3.116481271022036e-5
1.1919869578168745	3.5969669418505986e-5
1.1959934789084372	4.1495690150405176e-5
1.2	4.7845942361201625e-5
