1.1993	10.521958529477176
1.1985965	10.268010945942848
1.1978894825	10.018958322747164
1.1971789299125	9.774763130772996
1.1964648245620626	9.535364368607846
1.1957471486848728	9.30070066431261
1.195025884428297	9.070710646377464
1.1943010138504386	8.845332968062543
1.1935725189196909	8.624506325984576
1.1928403815142892	8.408169478401856
1.1921045834218607	8.196261263279546
1.1913651063389699	7.988720616119552
1.1906219318706648	7.7854865875544
1.189875041530018	7.586498360688291
1.1891244167376682	7.39169526818527
1.1883700388213565	7.201016809088798
1.1876118890154634	7.014402665367865
1.1868499484605408	6.831792718188318
1.1860841982028434	6.653127063890916
1.1853146191938577	6.478346029679099
1.184541192289827	6.307390189009104
1.1837638982512761	6.1402003766697915
1.1829827177425325	5.976717703556348
1.182197631331245	5.816883571122334
1.1814086194879014	5.660639685516683
1.180615662585341	5.5079280713891245
1.1798187408982677	5.358691085369028
1.1790178346027589	5.212871429207295
1.1782129237757728	5.070412162584053
1.1774039883946517	4.93125671557138
1.1765910083366249	4.7953489007540115
1.175773963378308	4.6626329250025265
1.1749528331951995	4.533053400895786
1.1741275973611756	4.406555357794509
1.1732982353479815	4.283084252558269
1.1724647265247214	4.162585979909562
1.1716270501573451	4.0450068824407355
1.170785185408132	3.930293760263609
1.1699391113351725	3.818393880300238
1.1690888068918484	3.709254985217055
1.1682342509263077	3.6028253019989394
1.1673754221809391	3.4990535501644695
1.1665122992918437	3.397888949623681
1.165644860788303	3.2992812281782
1.1647730850922446	3.2031806286639024
1.163896950517706	3.1095379157387395
1.1630164352702943	3.0183043823160087
1.1621315174466458	2.9294318556438226
1.161242175033879	2.84287270303556
1.1603483859090487	2.758579837250625
1.1594501278385938	2.6765067215278613
1.1585473784777867	2.5966073742761067
1.1576401153701756	2.518836373422765
1.1567283159470265	2.443148860424409
1.1558119575267616	2.369500543940921
1.1548910173143956	2.297847703179012
1.1539654724009676	2.228147190906293
1.1530352997629725	2.160356436140479
1.1521004762617872	2.0944334465181766
1.151160978643096	2.0303368103462223
1.1502167835363117	1.968025698340267
1.1492678674539931	1.90745986505504
1.148314206791263	1.8485996500107496
1.1473557778252195	1.7914059785198893
1.1463925567143454	1.7358403622203538
1.1454245194979171	1.6818648993182488
1.144451642095407	1.6294422745468615
1.143473900305884	1.578535758846008
1.1424912698074134	1.5291092087677074
1.1415037261564505	1.4811270656137312
1.1405112447872328	1.4345543543096566
1.139513801011169	1.3893566820219498
1.1385113700162248	1.3455002365234574
1.1375039268663059	1.3029517843136524
1.1364914465006375	1.2616786684983028
1.1354739037331405	1.2216488064363449
1.1344512732518064	1.1828306871578627
1.1334235296180653	1.145193368561931
1.1323906472661558	1.108706474397534
1.1313526005024865	1.0733401910365858
1.130309363504999	1.0390652640434856
1.129260910322524	1.0058529945479338
1.1282072148741367	0.9736752354281047
1.1271482509485073	0.9425043873095975
1.12608399220325	0.9123133943868783
1.1250144121642662	0.8830757400744356
1.1239394842250876	0.8547654424923384
1.122859181646213	0.8273570497946064
1.1217734775544441	0.8008256353453642
1.1206823449422163	0.7751467927496822
1.1195857566669274	0.750296630746136
1.118483685450262	0.7262517679661116
1.1173761038775132	0.7029893275675952
1.1162629843969007	0.680486931749024
1.1151442993188851	0.6587226961494211
1.1140200208154796	0.6376752241418121
1.112890120919557	0.6173236010253125
1.1117545715241548	0.5976473881223757
1.1106133443817756	0.5786266167874583
1.1094664111036845	0.5602417823330806
1.108313743159203	0.5424738378788911
1.1071553118749988	0.5253041881303879
1.105991088434374	0.5087146830922665
1.1048210438765458	0.49268761172292286
1.1036451490959287	0.477205695535348
1.1024633748414083	0.4622520821501066
1.1012756917156152	0.4478103388059319
1.1000820701741933	0.43386444583344
1.0988824805250643	0.4203987900970998
1.0976768929276897	0.4073981584106594
1.0964652773923282	0.39484773093161923
1.09524760377929	0.38273307453896777
1.0940238417981865	0.371040136199735
1.0927939610071773	0.35975523632898815
1.0915579308122132	0.34886506214767915
1.0903157204662743	0.33835666104340806
1.0890672990686057	0.32821743393797376
1.0878126355639488	0.3184351286666523
1.0865516987417685	0.3089978333728652
1.0852844572354774	0.29989396992263584
1.0840108795216548	0.2911122873428486
1.082730933919263	0.28264185528688685
1.0814445885888593	0.27447205753162984
1.0801518115318036	0.2665925855092617
1.0788525705894627	0.2589934318773848
1.0775468334424099	0.25166488413082594
1.076234567609622	0.24459751825831225
1.0749157404476701	0.23778219244710472
1.0735903191499085	0.23121004083854396
1.072258270745658	0.22487246733739374
1.0709195620993865	0.2187611394776397
1.0695741599098834	0.21286798234733412
1.0682220307094328	0.20718517257497415
1.0668631408629798	0.20170513237969784
1.0654974565672948	0.19642052368763116
1.0641249438501312	0.19132424231622489
1.0627455685693818	0.18640941222889557
1.061359296412229	0.18166937986145543
1.05996609289429	0.1770977085223772
1.0585659233587614	0.17268817286827473
1.0571587529755553	0.16843475345621828
1.055744546740433	0.16433163137427143
1.0543232694741351	0.16037318295135522
1.0528948858215057	0.15655397454790557
1.0514593602506135	0.1528687574280902
1.0500166570518665	0.14931246271461457
1.048566740337126	0.1458801964270711
1.0471095740388114	0.14256723460442505
1.0456451219090057	0.1393690185123787
1.0441733475185506	0.13628114993606338
1.0426942142561435	0.13329938655862697
1.0412076853274241	0.13041963742595475
1.0397137237540612	0.1276379584978776
1.0382122923728316	0.1249505482860016
1.0367033538346957	0.12235374357824755
1.0351868706038692	0.11984401525018644
1.0336628049568886	0.11741796416296399
1.032131118981673	0.11507231714782776
1.0305917745765814	0.11280392307691897
1.0290447334494643	0.11060974902009421
1.0274899571167115	0.10848687648740495
1.0259274069022952	0.1064324977568098
1.0243570439368066	0.1044439122866336
1.0227788291564908	0.10251852321218521
1.021192723302273	0.10065383392600809
1.0195986869187845	0.0988474447410041
1.0179966803533784	0.09709704963576078
1.0163866637551453	0.09540043308134691
1.014768597073921	0.09375546694865791
1.0131424400592908	0.09216010749558352
1.0115081522595872	0.09061239243294947
1.0098656930208854	0.08911043806844195
1.0082150214859897	0.08765243652737978
1.0065560965934197	0.08623665304944951
1.0048888770763869	0.08486142336026206
1.0032133214617687	0.08352515111670973
1.0015293880690777	0.08222630542495318
0.999837035009423	0.08096341843000851
0.9981362201844701	0.07973508297562909
0.9964269012853926	0.07853995033347051
0.9947090357918196	0.07737672800018967
0.9929825809707786	0.07624417756137107
0.9912474938756325	0.07514111262100547
0.9895037313450108	0.07406639679527581
0.9877512500017358	0.07301894176941802
0.9859900062517445	0.07199770541636982
0.9842199562830032	0.07100168997597756
0.9824410560644183	0.07002994029343211
0.9806532613447403	0.06908154211569724
0.978856527651464	0.0681556204446438
0.9770508102897215	0.0672513379455791
0.9752360643411702	0.06636789340993976
0.9734122446628759	0.06550452027082788
0.9715793058861903	0.06466048517012499
0.9697372024156213	0.0638350865759425
0.9678858884276995	0.06302765344909204
0.9660253178698379	0.06223754395741079
0.9641554444591871	0.061464144236576354
0.9622762216814831	0.060706867196277554
0.9603876027898905	0.05996515137047125
0.9584895408038401	0.059238459810507155
0.9565819885078594	0.05852627901994847
0.9546648984503987	0.05782811792987356
0.9527382229426506	0.05714350691351293
0.950801914057364	0.05647199683904416
0.9488559236276508	0.05581315815941464
0.9469002032457892	0.05516658003807754
0.9449347042620182	0.05453186950951155
0.9429593777833283	0.05390865067347573
0.940974174672245	0.05329656392188911
0.9389790455456062	0.052695265197296365
0.9369739407733343	0.052104425281932834
0.934958810477201	0.051523729116296185
0.932933604529587	0.050952875146303034
0.930898272552235	0.05039157469803713
0.9288527639149962	0.04983955137911872
0.9267970277345712	0.049296540505816944
0.924731012873244	0.0487622885549143
0.9226546679376103	0.04823655263953875
0.9205679412772985	0.04771910000800887
0.918470780983685	0.04720970756489784
0.9163631348886034	0.04670816141345257
0.9142449505630464	0.046214256418634976
0.9121161753158618	0.04572779578990159
0.909976756192441	0.04524859068304769
0.9078266399734032	0.04477645982034786
0.9056657731732702	0.04431122912824249
0.9034941020391367	0.043852731391930536
0.9013115725493324	0.04340080592612858
0.899118130412079	0.04295529826139361
0.8969137210641396	0.04251605984532777
0.8946982896694602	0.04208294775807148
0.8924717811178076	0.041655824441482046
0.8902341400233966	0.04123455744141214
0.8879853107235137	0.04081901916252174
0.8857252372771314	0.040409086635115624
0.8834538634635171	0.04000464129342611
0.8811711327808347	0.039605568764894745
0.8788769884447389	0.039211758669921035
0.8765713733869627	0.038823104431620896
0.8742542302538975	0.03843950309516149
0.871925501405167	0.0380608551562014
0.8695851289121928	0.037687064398031475
0.8672330545567538	0.03731803773701997
0.8648692198295376	0.036953685075963943
0.8624935659286854	0.036593919164955316
0.8601060337583288	0.03623865546943645
0.8577065639271205	0.03588781204506749
0.8552950967467561	0.035541309419100914
0.8528715722304898	0.0351990704779196
0.8504359300916424	0.03486102036045284
0.8479881097421007	0.034527086357170354
0.8455280502908111	0.034197197814364776
0.8430556905422653	0.03387128604348541
0.8405709689949765	0.03354928423522913
0.8380738238399514	0.03323112737816431
0.8355641929591513	0.03291675218165913
0.833042013923947	0.03260609700287526
0.8305072239935668	0.032299101777622144
0.8279597601135347	0.031995707954870604
0.8253995589141023	0.03169585843471423
0.8228265567086728	0.03139949750963463
0.8202406894922163	0.031106570808838174
0.8176418929396774	0.030817025245546255
0.8150301024043758	0.03053080896704672
0.8124052529163976	0.030247871307376762
0.8097672791809798	0.0299681627424722
0.8071161155768848	0.029691634847678727
0.8044516961547693	0.02941824025743888
0.8017739546355431	0.029147932627106382
0.7990828244087209	0.028880666596702576
0.7963782385307645	0.028616397756533678
0.7936601297234185	0.02835508261458754
0.7909284303720356	0.02809667856554867
0.7881830725238959	0.027841143861402514
0.7854239878865152	0.02758843758349617
0.7826511078259479	0.027338519615987107
0.7798643633650778	0.027091350620603017
0.7770636851819032	0.026846892012631463
0.7742490036078127	0.026605105938066045
0.7714202486258519	0.026365955251852334
0.7685773498689812	0.026129403497162026
0.7657202366183261	0.0258954148856274
0.7628488378014178	0.025663954278504646
0.759963081990425	0.02543498716868817
0.7570628974003771	0.025208479663539292
0.754148211887379	0.02498439846847141
0.7512189529468161	0.024762710871269956
0.7482750477115501	0.024543384727071117
0.7453164229501079	0.0243263884439945
0.7423430050648585	0.024111690969365343
0.7393547200901829	0.02389926177651485
0.7363514936906338	0.0236890708521065
0.7333332511590871	0.023481088683970502
0.7302999174148825	0.02327528624941445
0.727251417001957	0.023071635003976878
0.7241876740869668	0.02287010687061459
0.7211086124574018	0.022670674229275066
0.7180141555196888	0.02247330990686631
0.7149042262972873	0.022277987167556832
0.7117787474287738	0.02208467970344641
0.7086376411659178	0.021893361625522006
0.7054808293717474	0.02170400745494252
0.7023082335186062	0.021516592114592344
0.6991197746861993	0.021331090920916836
0.6959153735596304	0.02114747957600772
0.6926949504274287	0.020965734159939704
0.6894584251795659	0.020785831123329
0.6862057173054639	0.02060774728012232
0.6829367458919912	0.020431459800588563
0.6796514296214512	0.02025694620451366
0.6763496867695585	0.020084184354580863
0.6730314352034062	0.019913152449938885
0.6696965923794234	0.019743829019934857
0.6663450753413205	0.019576192918018407
0.6629768007180271	0.019410223315803877
0.6595916847216173	0.01924589969727658
0.6561896431452254	0.019083201853150825
0.6527705913609516	0.018922109875361946
0.6493344443177563	0.01876260415169671
0.6458811165393451	0.01860466536054269
0.642410522122042	0.01844827446576989
0.6389225747326522	0.01829341271172468
0.6354171876063156	0.018140061618336045
0.6318942735443472	0.017988202976336028
0.6283537449120691	0.01783781884258607
0.6247955136366294	0.017688891535495917
0.6212194912048127	0.01754140363055516
0.6176255886608368	0.017395337955949372
0.6140137166041412	0.017250677588269453
0.6103837851871621	0.017107405848317693
0.606735704113098	0.016965506296991045
0.6030693826336635	0.016824962731252883
0.5993847295468318	0.016685759180186124
0.595681653194566	0.01654787990112523
0.5919600614605388	0.016411309375862947
0.5882198617678417	0.016276032306931386
0.584460961076681	0.01614203361396267
0.5806832658820645	0.016009298430109422
0.5768866822114749	0.0158778120985423
0.5730711156225323	0.015747560169010962
0.569236471200645	0.015618528394469177
0.5653826535566484	0.015490702727770093
0.5615095668244319	0.015364069318414723
0.557617114658554	0.01523861450936781
0.5537052002318468	0.015114324833928237
0.5497737262330062	0.014991187012661318
0.5458225948641713	0.014869187950387311
0.5418517078384922	0.01474831473322146
0.5378609663776848	0.01462855462566838
0.5338502712095733	0.014509895067774928
0.5298195225656213	0.01439232367232962
0.5257686201784495	0.014275828222112388
0.5216974632793419	0.014160396667197489
0.5176059505957387	0.014046017122301944
0.5134939803487175	0.013932677864178615
0.5093614502504612	0.013820367329064456
0.5052082575017136	0.01370907411016542
0.5010342987892222	0.013598786955189174
0.4968394702831683	0.013489494763923202
0.4926236676345843	0.013381186585851891
0.4883867859727574	0.013273851617819589
0.4841287199026212	0.013167479201731563
0.47984936350213436	0.013062058822295103
0.475548610319645	0.012957580104804092
0.4712263533712433	0.012854032812955024
0.4668824851380995	0.012751406846711088
0.4625168975637901	0.012649692240192955
0.4581294820516092	0.012548879159610522
0.45372012946186746	0.012448957901233263
0.4492887301091769	0.012349918889391603
0.4448351737597228	0.012251752674514676
0.4403593496285215	0.01215444993119829
0.4358611463766642	0.01205800145631427
0.43134045210854755	0.0119623981671392
0.4267971543690905	0.01186763109953189
0.422231140140936	0.011773691406123946
0.4176422958416407	0.011680570354556377
0.413030507320849	0.01158825932573572
0.4083956598574532	0.01149674981212644
0.4037376381567406	0.01140603341606826
0.3990563263475244	0.0113161018481245
0.39435160797926205	0.011226946925455419
0.38962336601915837	0.011138560570222953
0.3848714828492543	0.011050934808017068
0.3800958402635005	0.010964061766315588
0.3752963194648181	0.010877933672962576
0.3704728010621424	0.01079254285467475
0.36562516506745313	0.010707881735579326
0.3607532908927905	0.010623942835763052
0.3558570573472546	0.01054071876985714
0.350936342633991	0.010458202245639748
0.345991024347161	0.010376386062666406
0.341020979468897	0.01029526311091574
0.3360260843662414	0.010214826369464148
0.33102608436624137	0.010135382448413584
0.32602608436624136	0.01005699342169537
0.32102608436624136	0.00997963912845648
0.31602608436624136	0.00990329991032007
0.31102608436624135	0.009827956596026532
0.30602608436624135	0.009753590486621878
0.30102608436624134	0.009680183341173428
0.2960260843662412	0.009607717363002076
0.2910260843662412	0.009536175186392656
0.2860260843662412	0.009465539863783108
0.2810260843662412	0.009395794853398403
0.2760260843662412	0.00932692400731561
0.2710260843662412	0.009258911559948745
0.2660260843662412	0.009191742116923241
0.2610260843662412	0.00912540064434008
0.2560260843662412	0.009059872458403522
0.2510260843662412	0.008995143215400273
0.24602608436624118	0.008931198902021218
0.24102608436624118	0.008868025826003895
0.23602608436624117	0.008805610607094196
0.23102608436624106	0.008743940168300783
0.22602608436624105	0.008683001727448288
0.22102608436624105	0.008622782789000924
0.21602608436624104	0.008563271136159921
0.21102608436624104	0.008504454823214673
0.20602608436624104	0.008446322168142915
0.20102608436624103	0.00838886174545216
0.19602608436624092	0.008332062379248705
0.19102608436624102	0.0082759131365265
0.1860260843662409	0.008220403320674608
0.181026084366241	0.008165522465186028
0.1760260843662409	0.008111260327562757
0.171026084366241	0.00805760688341957
0.1660260843662409	0.008004552320760826
0.161026084366241	0.00795208703444655
0.15602608436624088	0.007900201620818234
0.151026084366241	0.007848886872497041
0.14602608436624087	0.0077981337733390825
0.14102608436624098	0.007747933493543546
0.13602608436624086	0.007698277384908335
0.13102608436624075	0.007649156976231064
0.12602608436624085	0.007600563968846128
0.12102608436624074	0.0075524902322945415
0.11602608436624084	0.0075049278001251005
0.11102608436624073	0.0074578688658168074
0.10602608436624084	0.0074113057788219115
0.10102608436624072	0.007365231040726515
0.09602608436624083	0.007319637301521816
0.09102608436624071	0.007274517355984198
0.08602608436624082	0.00722986414015928
0.0810260843662407	0.007185670727945851
0.07602608436624081	0.007141930327783305
0.0710260843662407	0.007098636279424636
0.06602608436624058	0.0070557820508085145
0.061026084366240685	0.0070133612350173225
0.05602608436624057	0.006971367547318662
0.051026084366240676	0.0069297948222923605
0.04602608436624056	0.00688863701103777
0.04102608436624067	0.0068478881784548975
0.03602608436624055	0.00680754250060589
0.031026084366240658	0.006767594262145319
0.026026084366240543	0.006728037853821448
0.02102608436624065	0.006688867770047529
0.016026084366240534	0.006650078606536209
0.012019563274680456	0.006619267346634008
0.009014672456010286	0.006596315065501886
0.006009781637340117	0.006573495838854644
0.0030048908186699474	0.006550808559303927
0.0	0.0065282521324470325
