0.0006999999999999628	1.5079524786579598e-8
0.001403500000000035	1.5088293182313145e-8
0.0021105174999999296	1.5097114714233305e-8
0.0028210700874998964	1.5105989437862882e-8
0.003535175437937438	1.511491771808411e-8
0.004252851315127062	1.5123899927412742e-8
0.004974115571702636	1.5132936441661805e-8
0.005698986149561044	1.5142027639893303e-8
0.006427481080308875	1.5151173904437823e-8
0.007159618485710418	1.516037562092085e-8
0.007895416578138905	1.5169633178289684e-8
0.008634893661029494	1.5178946968843954e-8
0.00937806812933463	1.518831738826674e-8
0.010124958469981361	1.519774483565665e-8
0.010875583262331262	1.5207229713561713e-8
0.01162996117864295	1.5216772428012832e-8
0.012388110984536127	1.522637338855945e-8
0.013150051539458866	1.5236033008304737e-8
0.013915801797156208	1.5245751703942384e-8
0.014685380806142003	1.525552989579343e-8
0.015458807710172712	1.5265368007844067e-8
0.01623610174872358	1.527526646778392e-8
0.017017282257467212	1.528522570704498e-8
0.017802368668754516	1.5295246160841367e-8
0.01859138051209827	1.5305328268209203e-8
0.019384337414658823	1.531547247204757e-8
0.020181259101732015	1.5325679219159926e-8
0.020982165397240727	1.5335948960295754e-8
0.02178707622422691	1.5346282150193743e-8
0.02259601160534814	1.5356679247624146e-8
0.02340899166337483	1.5367140715433524e-8
0.024226036621691812	1.5377667020588284e-8
0.02504716680480027	1.5388258634220245e-8
0.025872402638824326	1.5398916031672015e-8
0.02670176465201842	1.5409639692543592e-8
0.02753527347527842	1.5420430100738737e-8
0.028372949842654864	1.543128774451327e-8
0.0292148145918682	1.5442213116522486e-8
0.03006088866482743	1.5453206713870834e-8
0.03091119310815165	1.546426903816083e-8
0.0317657490736924	1.547540059554361e-8
0.03262457781906081	1.5486601896769862e-8
0.03348770070815601	1.5497873457241345e-8
0.034355139211696875	1.5509215797063227e-8
0.035226914907755424	1.552062944109717e-8
0.03610304948229413	1.5532114919015203e-8
0.03698356472970569	1.5543672765354117e-8
0.03786848255335419	1.555530351957077e-8
0.038757824966120964	1.5567007726098045e-8
0.03965161409095162	1.557878593440201e-8
0.04054987216140643	1.5590638699039057e-8
0.04145262152221345	1.560256657971477e-8
0.04235988462982453	1.5614570141342657e-8
0.04327168405297366	1.5626649954104654e-8
0.0441880424732386	1.563880659351162e-8
0.04510898268560485	1.5651040640465648e-8
0.046034527599032954	1.5663352681321723e-8
0.04696470023702812	1.5675743307952415e-8
0.04789952373821329	1.568821311781109e-8
0.048839021356904266	1.570076271399802e-8
0.04978321646368884	1.571339270532632e-8
0.05073213254600732	1.572610370638895e-8
0.05168579320873729	1.5738896337626942e-8
0.052644222174780875	1.5751771225398767e-8
0.05360744328565471	1.5764729002050017e-8
0.054575480502083065	1.577777030598449e-8
0.055548357904593434	1.579089578173651e-8
0.056526099694116344	1.5804106080043864e-8
0.0575087301925869	1.5817401857922248e-8
0.05849627384354973	1.5830783778740077e-8
0.05948875521276744	1.584425251229541e-8
0.06048619898883127	1.5857808734892797e-8
0.061488629983775384	1.5871453129422276e-8
0.06249607313369419	1.5885186385439043e-8
0.06350855349936275	1.589900919924424e-8
0.06452609626685958	1.591292227396706e-8
0.06554872674819387	1.5926926319648123e-8
0.06657647038193484	1.594102205332403e-8
0.06760935273384447	1.595521019911286e-8
0.06864739949751365	1.5969491488301534e-8
0.0696906364950013	1.5983866659434012e-8
0.07073908967747639	1.599833645840104e-8
0.07179278512586384	1.6012901638530683e-8
0.07285174905149322	1.60275629606815e-8
0.0739160077967507	1.6042321193335633e-8
0.07498558783573436	1.6057177112694236e-8
0.07606051577491299	1.6072131502773564e-8
0.07714081835378758	1.6087185155504042e-8
0.07822652244555647	1.6102338870828673e-8
0.07931765505778425	1.611759345680486e-8
0.0804142433330731	1.6132949729706764e-8
0.08151631454973848	1.6148408514129e-8
0.08262389612248718	1.616397064309323e-8
0.0837370156030995	1.6179636958154875e-8
0.0848557006811149	1.6195408309512316e-8
0.0859799791845205	1.621128555611788e-8
0.08710987908044313	1.6227269565789726e-8
0.08824542847584534	1.62433612153265e-8
0.08938665561822454	1.625956139062306e-8
0.09053358889631567	1.6275870986788193e-8
0.09168625684079722	1.629229090826437e-8
0.09284468812500112	1.6308822068949157e-8
0.09400891156562617	1.6325465392318445e-8
0.0951789561234543	1.6342221811552076e-8
0.09635485090407148	1.635909226966084e-8
0.09753662515859184	1.6376077719616026e-8
0.0987243082843847	1.6393179124480932e-8
0.09991792982580656	1.6410397457543935e-8
0.10111751947493569	1.642773370245443e-8
0.10232310707231031	1.6445188853360763e-8
0.1035347226076718	1.6462763915049726e-8
0.10475239622071016	1.64804599030893e-8
0.10597615820181366	1.6498277843973083e-8
0.10720603899282274	1.6516218775267178e-8
0.10844206918778684	1.6534283745759602e-8
0.10968427953372567	1.6552473815611837e-8
0.1109327009313943	1.6570790056513227e-8
0.11218736443605135	1.6589233551837656e-8
0.11344830125823162	1.6607805396802967e-8
0.11471554276452282	1.6626506698632575e-8
0.11598912047834534	1.6645338576720798e-8
0.11726906608073695	1.6664302162799742e-8
0.11855541141114062	1.668339860110926e-8
0.11984818846819621	1.67026290485705e-8
0.12114742941053713	1.6721994674961225e-8
0.12245316655758978	1.6741496663095293e-8
0.1237654323903777	1.6761136209003888e-8
0.12508425955232963	1.6780914522120928e-8
0.12640968085009122	1.6800832825470697e-8
0.1277417292543416	1.6820892355859493e-8
0.1290804379006133	1.6841094364069913e-8
0.13042584009011637	1.686144011505856e-8
0.1317779692905669	1.6881930888157468e-8
0.13313685913701961	1.690256797727888e-8
0.13450254343270476	1.6923352691123065e-8
0.13587505614986833	1.6944286353390415e-8
0.13725443143061763	1.696537030299687e-8
0.13864070358777073	1.69866058942931e-8
0.14003390710570945	1.700799449728757e-8
0.14143407664123803	1.702953749787333e-8
0.1428412470244442	1.7051236298059364e-8
0.1442554532595664	1.7073092316204953e-8
0.14567673052586416	1.7095106987259625e-8
0.1471051141784935	1.7117281763005708e-8
0.14854063974938603	1.7139618112306587e-8
0.149983342948133	1.7162117521358784e-8
0.15143325966287374	1.7184781493948336e-8
0.15289042596118813	1.7207611551712167e-8
0.15435487809099402	1.7230609234404253e-8
0.15582665248144906	1.7253776100165906e-8
0.1573057857438562	1.7277113725801783e-8
0.15879231467257537	1.7300623707060302e-8
0.16028627624593816	1.7324307658919872e-8
0.16178770762716785	1.7348167215879143e-8
0.16329664616530362	1.737220403225403e-8
0.16481312939613008	1.739641978247899e-8
0.1663371950431107	1.7420816161414687e-8
0.16786888101832628	1.7445394884661074e-8
0.1694082254234178	1.747015768887604e-8
0.1709552665505349	1.749510633210032e-8
0.17251004288328747	1.7520242594088473e-8
0.17407259309770393	1.7545568276645932e-8
0.17564295606319252	1.757108520397246e-8
0.17722117084350858	1.7596795223012022e-8
0.17880727669772617	1.7622700203809387e-8
0.18040131308121476	1.764880203987402e-8
0.18200331964662084	1.767510264854922e-8
0.18361333624485401	1.770160397139064e-8
0.18523140292607826	1.7728307974550416e-8
0.18685755994070874	1.775521664916953e-8
0.1884918477404122	1.7782332011776954e-8
0.19013430697911424	1.7809656104697592e-8
0.1917849785140098	1.783719099646749e-8
0.19344390340657974	1.7864938782257153e-8
0.19511112292361268	1.7892901584303684e-8
0.1967866785382308	1.7921081552350732e-8
0.19847061193092203	1.794948086409773e-8
0.20016296499057665	1.7978101725657764e-8
0.20186377981552947	1.8006946372024546e-8
0.2035730987146071	1.803601706754874e-8
0.20529096420818022	1.806531610642422e-8
0.20701741902922113	1.8094845813183106e-8
0.20875250612436722	1.812460854320227e-8
0.210496268654989	1.8154606683218773e-8
0.21224874999826396	1.8184842651856204e-8
0.21400999374825516	1.8215318900162566e-8
0.21578004371699644	1.8246037912157455e-8
0.21755894393558148	1.8277002205392916e-8
0.2193467386552594	1.830821433152309e-8
0.22114347234853576	1.8339676876888328e-8
0.22294918971027836	1.837139246310926e-8
0.2247639356588297	1.8403363747694683e-8
0.2265877553371239	1.8435593424661963e-8
0.2284206941138094	1.846808422516994e-8
0.23026279758437848	1.8500838918165377e-8
0.23211411157230027	1.853386031104374e-8
0.23397468213016168	1.8567151250323735e-8
0.23584455554081238	1.860071462233523e-8
0.23772377831851643	1.8634553353923887e-8
0.23961239721010893	1.8668670413169216e-8
0.24151045919615952	1.8703068810119242e-8
0.24341801149214037	1.8737751597540636e-8
0.24533510154960114	1.877272187168541e-8
0.24726177705734917	1.8807982773074047e-8
0.24919808594263576	1.8843537487296587e-8
0.251144076372349	1.8879389245830552e-8
0.2530997967542107	1.89155413268774e-8
0.2550652957379817	1.895199705621791e-8
0.2570406222166717	1.898875980808583e-8
0.2590258253277551	1.9025833006061997e-8
0.26102095445439405	1.9063220123988217e-8
0.2630260592266659	1.9100924686901543e-8
0.2650411895227993	1.9138950271990635e-8
0.2670663954704134	1.9177300509572917e-8
0.26910172744776534	1.9215979084094915e-8
0.27114723608500396	1.9254989735155002e-8
0.27320297226542917	1.9294336258550635e-8
0.27526898712675635	1.9334022507348605e-8
0.27734533206239	1.9374052392981987e-8
0.2794320587227019	1.941442988637092e-8
0.2815292190163153	1.9455159019071157e-8
0.2836368651113967	1.9496243884449128e-8
0.28575504943695385	1.9537688638885072e-8
0.28788382468413853	1.9579497503004377e-8
0.29002324380755934	1.9621674762939643e-8
0.29217336002659705	1.9664224771621334e-8
0.29433422682673016	1.9707151950101396e-8
0.29650589796086374	1.9750460788907934e-8
0.29868842745066804	1.9794155849432755e-8
0.30088186958792124	1.983824176535433e-8
0.3030862789358609	1.9882723244093592e-8
0.30530171033054027	1.9927605068308245e-8
0.307528218882193	1.9972892097422105e-8
0.30976585997660405	2.001858926919369e-8
0.312014689276487	2.0064701601324133e-8
0.31427476272286925	2.011123419310547e-8
0.3165461365364837	2.0158192227110258e-8
0.3188288672191662	2.020558097092549e-8
0.32112301155526213	2.0253405778929135e-8
0.32342862661303834	2.030167209411397e-8
0.3257457697461036	2.0350385449957537e-8
0.32807449859483384	2.0399551472340875e-8
0.3304148710878078	2.0449175881517766e-8
0.33276694544324686	2.0499264494135207e-8
0.33513078017046305	2.0549823225306908e-8
0.33750643407131514	2.0600858090742853e-8
0.3398939662416715	2.0652375208934496e-8
0.3422934360728799	2.070438080339842e-8
0.34470490325324404	2.0756881204981835e-8
0.3471284277695101	2.0809882854228702e-8
0.34956406990835764	2.086339230381133e-8
0.3520118902578995	2.0917416221028147e-8
0.354471949709189	2.09719613903705e-8
0.3569443094577349	2.102703471615971e-8
0.3594290310050235	2.1082643225258396e-8
0.3619261761600484	2.1138794069856513e-8
0.3644358070408486	2.1195494530337126e-8
0.36695798607605284	2.125275201822181e-8
0.36949277600643327	2.131057407920049e-8
0.37204023988646523	2.1368968396247976e-8
0.3746004410858973	2.1427942792829896e-8
0.3771734432913268	2.1487505236201306e-8
0.3797593105077832	2.1547663840801618e-8
0.3823581070603219	2.1608426871747996e-8
0.38496989759562367	2.1669802748433076e-8
0.3875947470836016	2.173180004822738e-8
0.3902327208190196	2.1794427510293593e-8
0.3928838844231145	2.1857694039513886e-8
0.39554830384522993	2.1921608710536433e-8
0.3982260453644561	2.1986180771944334e-8
0.4009171755912785	2.2051419650551838e-8
0.40362176146923495	2.2117334955832148e-8
0.40633987027658097	2.2183936484482624e-8
0.4090715696279639	2.2251234225131547e-8
0.4118169274761037	2.231923836319137e-8
0.4145760121134843	2.2387959285866852e-8
0.4173488921740515	2.2457407587319673e-8
0.4201356366349219	2.252759407399899e-8
0.42293631481809635	2.2598529770142686e-8
0.4257509963921868	2.267022592345676e-8
0.42857975137414767	2.2742694010979184e-8
0.43142265013101855	2.2815945745135833e-8
0.43427976338167373	2.288999307999612e-8
0.43715116219858224	2.296484821773596e-8
0.44003691800957523	2.3040523615317997e-8
0.44293710259962304	2.311703199139443e-8
0.4458517881126211	2.3194386333446186e-8
0.44878104705318417	2.3272599905164124e-8
0.45172495228844983	2.3351686254084826e-8
0.45468357704989204	2.3431659219489565e-8
0.4576569949351413	2.3512532940581122e-8
0.46064527990981685	2.3594321864944e-8
0.4636485063093658	2.3677040757308945e-8
0.4666667488409128	2.3760704708624606e-8
0.4697000825851173	2.3845329145459564e-8
0.4727485829980427	2.393092983974143e-8
0.47581232591303285	2.4017522918852818e-8
0.478891387542598	2.410512487609739e-8
0.48198584448031084	2.4193752581554185e-8
0.4850957737027124	2.42834232933364e-8
0.48822125257122595	2.437415466927413e-8
0.49136235883408197	2.446596477903949e-8
0.4945191706282523	2.4558872116736467e-8
0.4976917664813935	2.465289561397457e-8
0.5008802253138004	2.474805465345129e-8
0.5040846264403696	2.4844369083066303e-8
0.5073050495725715	2.4941859230593835e-8
0.5105415748204343	2.5040545918938953e-8
0.5137942826945365	2.5140450482007692e-8
0.517063254108009	2.524159478121958e-8
0.5203485703785492	2.5344001222696826e-8
0.5236503132304419	2.5447692775161224e-8
0.5269685647965939	2.5552692988576237e-8
0.5303034076205766	2.5659026013573928e-8
0.5336549246586795	2.5766716621702368e-8
0.5370231992819728	2.5875790226541975e-8
0.5404083152783826	2.5986272905732657e-8
0.5438103568547747	2.6098191423961203e-8
0.5472294086390483	2.6211573256960686e-8
0.5506655556822436	2.6326446616577375e-8
0.5541188834606549	2.6442840476962134e-8
0.5575894778779582	2.656078460194916e-8
0.5610774252673477	2.66803095736902e-8
0.5645828123936844	2.6801446822611915e-8
0.5681057264556525	2.6924228658776463e-8
0.5716462550879309	2.7048688304722144e-8
0.5752044863633705	2.717485992987524e-8
0.5787805087951873	2.7302778686621886e-8
0.5823744113391631	2.7432480748143708e-8
0.5859862833958588	2.7564003348122507e-8
0.5896162148128381	2.7697384822427924e-8
0.5932642958869024	2.7832664652915588e-8
0.5969306173663369	2.796988351346603e-8
0.6006152704531684	2.8109083318409717e-8
0.6043183468054344	2.8250307273493254e-8
0.6080399385394615	2.8393599929554868e-8
0.6117801382321587	2.8539007239091637e-8
0.6155390389233192	2.868657661591486e-8
0.6193167341179359	2.883635699810753e-8
0.6231133177885255	2.898839891451748e-8
0.6269288843774683	2.9142754555039904e-8
0.6307635287993556	2.9299477844964807e-8
0.6346173464433522	2.94586245236929e-8
0.6384904331755688	2.962025222815116e-8
0.6423828853414466	2.978442058127139e-8
0.6462947997681537	2.995119128593114e-8
0.6502262737669944	3.012062822479829e-8
0.6541774051358293	3.029279756656646e-8
0.6581482921615082	3.046776787911852e-8
0.6621390336223156	3.064561025021859e-8
0.6661497287904271	3.082639841639602e-8
0.6701804774343789	3.101020890076627e-8
0.6742313798215507	3.119712116061772e-8
0.6783025367206585	3.138721774569954e-8
0.682394049404262	3.158058446825543e-8
0.6865060196512833	3.177731058599244e-8
0.6906385497495399	3.197748899932225e-8
0.6947917424982876	3.218121646439561e-8
0.6989657012107791	3.238859382366631e-8
0.7031605297168331	3.2599726255963966e-8
0.7073763323654171	3.2814723548343574e-8
0.7116132140272443	3.303370039232374e-8
0.7158712800973803	3.3256776707523775e-8
0.7201506364978669	3.348407799618114e-8
0.724451389680356	3.3715735732593106e-8
0.7287736466287575	3.3951887792189125e-8
0.7331175148619014	3.419267892572988e-8
0.737483102436211	3.4438261285073254e-8
0.7418705179483918	3.46887950080701e-8
0.7462798705381338	3.494444887149892e-8
0.7507112698908246	3.520540102257319e-8
0.7551648262402787	3.5471839801488826e-8
0.7596406503714802	3.574396466983207e-8
0.7641388536233378	3.602198726248716e-8
0.7686595478914543	3.6306132584111806e-8
0.7732028456309116	3.659664037538478e-8
0.777768859859066	3.6893766679259633e-8
0.7823577041583611	3.719778564357502e-8
0.7869694926791531	3.7508991603809444e-8
0.7916043401425489	3.782770149884521e-8
0.7962623618432616	3.8154257683693514e-8
0.8009436736524779	3.8489031216689214e-8
0.8056483920207402	3.8832425715268376e-8
0.8103766339808439	3.918488189482489e-8
0.8151285171507483	3.954688293015497e-8
0.8199041597365018	3.9918960809785635e-8
0.8247036805351844	4.030170389138743e-8
0.8295271989378604	4.069576591321789e-8
0.8343748349325497	4.110187677426776e-8
0.8392467091072124	4.152085546712314e-8
0.8441429426527486	4.195362563588741e-8
0.8490636573660123	4.2401234340939733e-8
0.8540089756528424	4.2864874748097295e-8
0.8589790205311068	4.334591362839137e-8
0.8639739156337622	4.3845924764403166e-8
0.868973915633762	4.436462942802839e-8
0.8739739156337618	4.490332023922738e-8
0.8789739156337616	4.546407927666733e-8
0.8839739156337615	4.604932969208098e-8
0.8889739156337613	4.66619003959567e-8
0.893973915633761	4.730510362349822e-8
0.8989739156337608	4.798282799354294e-8
0.9039739156337606	4.869965020678056e-8
0.9089739156337604	4.9460969172920726e-8
0.9139739156337602	5.027316713165845e-8
0.91897391563376	5.114380326636638e-8
0.9239739156337599	5.2081846434992586e-8
0.9289739156337596	5.3097954998842026e-8
0.9339739156337594	5.42048133639932e-8
0.9389739156337592	5.541753681888766e-8
0.943973915633759	5.675415862351204e-8
0.9489739156337588	5.823621616290905e-8
0.9539739156337586	5.988945641947165e-8
0.9589739156337583	6.17446851636933e-8
0.9639739156337582	6.383878925483985e-8
0.968973915633758	6.621596745334892e-8
0.9739739156337578	6.892921238210633e-8
0.9789739156337576	7.20420949820003e-8
0.9839739156337574	7.563091328551033e-8
0.9889739156337571	7.978727993693807e-8
0.9939739156337569	8.462123804596009e-8
0.9989739156337567	9.026501318302676e-8
1.0039739156337566	9.687753122112941e-8
1.0089739156337563	1.0464985802710062e-7
1.0139739156337562	1.1381174857544554e-7
1.0189739156337558	1.2463953093261186e-7
1.0239739156337557	1.3746559596769238e-7
1.0289739156337556	1.5268981804319993e-7
1.0339739156337553	1.7079329704888598e-7
1.0389739156337552	1.9235488999443603e-7
1.0439739156337549	2.1807109336075262e-7
1.0489739156337547	2.487799483224091e-7
1.0539739156337544	2.8548977305594125e-7
1.0589739156337543	3.294136834232104e-7
1.0639739156337542	3.820110497253357e-7
1.0689739156337539	4.450372579482344e-7
1.0739739156337538	5.206034046187926e-7
1.0789739156337534	6.112478613976011e-7
1.0839739156337533	7.200220058552506e-7
1.088973915633753	8.505928361140563e-7
1.093973915633753	1.0073656772528374e-6
1.0989739156337526	1.1956307548392076e-6
1.1039739156337525	1.4217380637855949e-6
1.1089739156337524	1.693305706296992e-6
1.113973915633752	2.019467716846902e-6
1.118973915633752	2.411168338145661e-6
1.1239739156337516	2.88151075922405e-6
1.1289739156337515	3.4461694685947183e-6
1.1339739156337512	4.123876597670242e-6
1.138973915633751	4.936993907719924e-6
1.143973915633751	5.912183370305766e-6
1.1489739156337506	7.081190553727196e-6
1.1539739156337505	8.4817561862847e-6
1.1589739156337502	1.01586722316847e-5
1.16397391563375	1.2164999473009043e-5
1.1689739156337497	1.4563463829097739e-5
1.1739739156337496	1.7428048269255187e-5
1.1789739156337493	2.084579607223516e-5
1.1839739156337492	2.4918839083130493e-5
1.187980436725312	2.8735359085000563e-5
1.1919869578168745	3.311955493424556e-5
1.1959934789084372	3.815103331169684e-5
1.2	4.391946612151986e-5
