0.0006999999999999628	1.9714136565931985e-8
0.001403500000000035	1.973169167607824e-8
0.0021105174999999296	1.9749358490977958e-8
0.0028210700874998964	1.9767138089611426e-8
0.003535175437937438	1.9785031344247065e-8
0.004252851315127062	1.980303913183507e-8
0.004974115571702636	1.9821162336734833e-8
0.005698986149561044	1.983940185103858e-8
0.006427481080308875	1.985775857480488e-8
0.007159618485710418	1.9876233416254308e-8
0.007895416578138905	1.989482729194094e-8
0.008634893661029494	1.9913541126908304e-8
0.00937806812933463	1.9932375854835553e-8
0.010124958469981361	1.995133241817507e-8
0.010875583262331262	1.9970411768287836e-8
0.01162996117864295	1.9989614865571463e-8
0.012388110984536127	2.0008942679590963e-8
0.013150051539458866	2.0028396189205488e-8
0.013915801797156208	2.004797638269395e-8
0.014685380806142003	2.0067684257882734e-8
0.015458807710172712	2.0087520822271812e-8
0.01623610174872358	2.0107487093162903e-8
0.017017282257467212	2.0127584097786046e-8
0.017802368668754516	2.0147812873430242e-8
0.01859138051209827	2.016817446757221e-8
0.019384337414658823	2.0188669938007353e-8
0.020181259101732015	2.0209300352984112e-8
0.020982165397240727	2.023006679133661e-8
0.02178707622422691	2.0250970342619474e-8
0.02259601160534814	2.027201210724788e-8
0.02340899166337483	2.0293193196632145e-8
0.024226036621691812	2.0314514733321518e-8
0.02504716680480027	2.033597785114472e-8
0.025872402638824326	2.0357583695355378e-8
0.02670176465201842	2.0379333422776577e-8
0.02753527347527842	2.0401228201950054e-8
0.028372949842654864	2.0423269213285606e-8
0.0292148145918682	2.04454576492136e-8
0.03006088866482743	2.046779471433944e-8
0.03091119310815165	2.0490281625598752e-8
0.0317657490736924	2.0512919612417573e-8
0.03262457781906081	2.0535709916873434e-8
0.03348770070815601	2.0558653793856706e-8
0.034355139211696875	2.0581752511238477e-8
0.035226914907755424	2.0605007350037494e-8
0.03610304948229413	2.0628419604591318e-8
0.03698356472970569	2.0651990582729305e-8
0.03786848255335419	2.067572160594828e-8
0.038757824966120964	2.069961400959129e-8
0.03965161409095162	2.072366914302868e-8
0.04054987216140643	2.0747888369841818e-8
0.04145262152221345	2.0772273068010552e-8
0.04235988462982453	2.07968246301011e-8
0.04327168405297366	2.0821544463460704e-8
0.0441880424732386	2.0846433990410945e-8
0.04510898268560485	2.0871494648448677e-8
0.046034527599032954	2.089672789044542e-8
0.04696470023702812	2.092213518485348e-8
0.04789952373821329	2.094771801591353e-8
0.048839021356904266	2.0973477883865826e-8
0.04978321646368884	2.0999416305165575e-8
0.05073213254600732	2.102553481269946e-8
0.05168579320873729	2.105183495600889e-8
0.052644222174780875	2.1078318301513574e-8
0.05360744328565471	2.110498643274062e-8
0.054575480502083065	2.1131840950557674e-8
0.055548357904593434	2.115888347340842e-8
0.056526099694116344	2.1186115637551395e-8
0.0575087301925869	2.121353909730583e-8
0.05849627384354973	2.1241155525297572e-8
0.05948875521276744	2.1268966612712495e-8
0.06048619898883127	2.129697406955037e-8
0.061488629983775384	2.132517962488708e-8
0.06249607313369419	2.1353585027137666e-8
0.06350855349936275	2.1382192044325572e-8
0.06452609626685958	2.1411002464355333e-8
0.06554872674819387	2.144001809529131e-8
0.06657647038193484	2.1469240765638893e-8
0.06760935273384447	2.1498672324632528e-8
0.06864739949751365	2.152831464252651e-8
0.0696906364950013	2.1558169610893123e-8
0.07073908967747639	2.1588239142923407e-8
0.07179278512586384	2.1618525173733777e-8
0.07285174905149322	2.164902966067886e-8
0.0739160077967507	2.1679754583669103e-8
0.07498558783573436	2.1710701945492102e-8
0.07606051577491299	2.1741873772141765e-8
0.07714081835378758	2.1773272113152908e-8
0.07822652244555647	2.1804899041938887e-8
0.07931765505778425	2.1836756656139296e-8
0.0804142433330731	2.1868847077969713e-8
0.08151631454973848	2.1901172454579886e-8
0.08262389612248718	2.1933734958416983e-8
0.0837370156030995	2.1966536787596597e-8
0.0848557006811149	2.1999580166278355e-8
0.0859799791845205	2.203286734504906e-8
0.08710987908044313	2.2066400601312652e-8
0.08824542847584534	2.2100182239687713e-8
0.08938665561822454	2.2134214592408957e-8
0.09053358889631567	2.216850001974013e-8
0.09168625684079722	2.2203040910392008e-8
0.09284468812500112	2.2237839681945708e-8
0.09400891156562617	2.2272898781289288e-8
0.0951789561234543	2.2308220685055817e-8
0.09635485090407148	2.2343807900073587e-8
0.09753662515859184	2.2379662963821887e-8
0.0987243082843847	2.241578844489883e-8
0.09991792982580656	2.2452186943490863e-8
0.10111751947493569	2.2488861091858697e-8
0.10232310707231031	2.252581355482608e-8
0.1035347226076718	2.2563047030281084e-8
0.10475239622071016	2.260056424968347e-8
0.10597615820181366	2.263836797858579e-8
0.10720603899282274	2.2676461017159427e-8
0.10844206918778684	2.271484620073205e-8
0.10968427953372567	2.2753526400337262e-8
0.1109327009313943	2.2792504523271254e-8
0.11218736443605135	2.2831783513662616e-8
0.11344830125823162	2.287136635304775e-8
0.11471554276452282	2.291125606096577e-8
0.11598912047834534	2.2951455695554982e-8
0.11726906608073695	2.2991968354168442e-8
0.11855541141114062	2.303279717399655e-8
0.11984818846819621	2.3073945332702572e-8
0.12114742941053713	2.3115416049071e-8
0.12245316655758978	2.3157212583667678e-8
0.1237654323903777	2.319933823951309e-8
0.12508425955232963	2.3241796362766574e-8
0.12640968085009122	2.3284590343428795e-8
0.1277417292543416	2.3327723616050642e-8
0.1290804379006133	2.337119966046174e-8
0.13042584009011637	2.341502200251063e-8
0.1317779692905669	2.3459194214820172e-8
0.13313685913701961	2.3503719917556698e-8
0.13450254343270476	2.3548602779215122e-8
0.13587505614986833	2.359384651741986e-8
0.13725443143061763	2.3639454899740062e-8
0.13864070358777073	2.368543174452321e-8
0.14003390710570945	2.373178092174362e-8
0.14143407664123803	2.3778506353868523e-8
0.1428412470244442	2.382561201674014e-8
0.1442554532595664	2.3873101940479055e-8
0.14567673052586416	2.3920980210401078e-8
0.1471051141784935	2.396925096795683e-8
0.14854063974938603	2.401791841168732e-8
0.149983342948133	2.4066986798200117e-8
0.15143325966287374	2.4116460443166427e-8
0.15289042596118813	2.4166343722337243e-8
0.15435487809099402	2.4216641072580787e-8
0.15582665248144906	2.4267356992940165e-8
0.1573057857438562	2.431849604571624e-8
0.15879231467257537	2.437006285756917e-8
0.16028627624593816	2.4422062120645456e-8
0.16178770762716785	2.4474498593726065e-8
0.16329664616530362	2.452737710340348e-8
0.16481312939613008	2.4580702545274417e-8
0.1663371950431107	2.463447988516931e-8
0.16786888101832628	2.4688714160398565e-8
0.1694082254234178	2.47434104810294e-8
0.1709552665505349	2.4798574031189592e-8
0.17251004288328747	2.4854210070397927e-8
0.17407259309770393	2.49103239349238e-8
0.17564295606319252	2.4966921039176414e-8
0.17722117084350858	2.5024006877124367e-8
0.17880727669772617	2.508158702374454e-8
0.18040131308121476	2.513966713650356e-8
0.18200331964662084	2.519825295687099e-8
0.18361333624485401	2.525735031186762e-8
0.18523140292607826	2.531696511564315e-8
0.18685755994070874	2.537710337109504e-8
0.1884918477404122	2.5437771171517236e-8
0.19013430697911424	2.549897470228972e-8
0.1917849785140098	2.5560720242603484e-8
0.19344390340657974	2.5623014167223893e-8
0.19511112292361268	2.568586294829612e-8
0.1967866785382308	2.5749273157188648e-8
0.19847061193092203	2.5813251466378946e-8
0.20016296499057665	2.5877804651382616e-8
0.20186377981552947	2.5942939592726412e-8
0.2035730987146071	2.600866327796627e-8
0.20529096420818022	2.6074982803750445e-8
0.20701741902922113	2.614190537793163e-8
0.20875250612436722	2.6209438321727843e-8
0.210496268654989	2.627758907193257e-8
0.21224874999826396	2.634636518317628e-8
0.21400999374825516	2.6415774330241735e-8
0.21578004371699644	2.648582431043209e-8
0.21755894393558148	2.6556523045997672e-8
0.2193467386552594	2.6627878586615036e-8
0.22114347234853576	2.6699899111930456e-8
0.22294918971027836	2.6772592934159544e-8
0.2247639356588297	2.6845968500751996e-8
0.2265877553371239	2.69200343971181e-8
0.2284206941138094	2.6994799349420897e-8
0.23026279758437848	2.7070272227438872e-8
0.23211411157230027	2.714646204749315e-8
0.23397468213016168	2.7223377975451833e-8
0.23584455554081238	2.7301029329799637e-8
0.23772377831851643	2.7379425584793416e-8
0.23961239721010893	2.745857637368514e-8
0.24151045919615952	2.753849149203161e-8
0.24341801149214037	2.7619180901083246e-8
0.24533510154960114	2.770065473125774e-8
0.24726177705734917	2.7782923285701083e-8
0.24919808594263576	2.7865997043937285e-8
0.251144076372349	2.7949886665612554e-8
0.2530997967542107	2.803460299432838e-8
0.2550652957379817	2.8120157061581436e-8
0.2570406222166717	2.820656009079408e-8
0.2590258253277551	2.8293823501453823e-8
0.26102095445439405	2.8381958913360778e-8
0.2630260592266659	2.847097815097981e-8
0.2650411895227993	2.856089324790946e-8
0.2670663954704134	2.8651716451463237e-8
0.26910172744776534	2.8743460227377533e-8
0.27114723608500396	2.8836137264637175e-8
0.27320297226542917	2.8929760480429204e-8
0.27526898712675635	2.9024343025230725e-8
0.27734533206239	2.9119898288029735e-8
0.2794320587227019	2.9216439901684988e-8
0.2815292190163153	2.931398174843259e-8
0.2836368651113967	2.9412537965536984e-8
0.28575504943695385	2.951212295109817e-8
0.28788382468413853	2.9612751370013858e-8
0.29002324380755934	2.971443816010854e-8
0.29217336002659705	2.981719853842394e-8
0.29433422682673016	2.9921048007691075e-8
0.29650589796086374	3.002600236297272e-8
0.29868842745066804	3.01320776984968e-8
0.30088186958792124	3.0239290414676305e-8
0.3030862789358609	3.0347657225328507e-8
0.30530171033054027	3.0457195165096176e-8
0.307528218882193	3.056792159707703e-8
0.30976585997660405	3.0679854220674424e-8
0.312014689276487	3.079301107966628e-8
0.31427476272286925	3.090741057050853e-8
0.3165461365364837	3.102307145087762e-8
0.3188288672191662	3.1140012848458434e-8
0.32112301155526213	3.125825426998763e-8
0.32342862661303834	3.1377815610564306e-8
0.3257457697461036	3.149871716322655e-8
0.32807449859483384	3.162097962881646e-8
0.3304148710878078	3.174462412613647e-8
0.33276694544324686	3.186967220240192e-8
0.33513078017046305	3.199614584401288e-8
0.33750643407131514	3.21240674876457e-8
0.3398939662416715	3.2253460031678965e-8
0.3422934360728799	3.2384346847964014e-8
0.34470490325324404	3.251675179396083e-8
0.3471284277695101	3.2650699225236026e-8
0.34956406990835764	3.278621400835056e-8
0.3520118902578995	3.292332153414401e-8
0.354471949709189	3.306204773143129e-8
0.3569443094577349	3.320241908112763e-8
0.3594290310050235	3.334446263081315e-8
0.3619261761600484	3.348820600976153e-8
0.3644358070408486	3.363367744443788e-8
0.36695798607605284	3.378090577449661e-8
0.36949277600643327	3.3929920469285946e-8
0.37204023988646523	3.4080751644885936e-8
0.3746004410858973	3.42334300816932e-8
0.3771734432913268	3.43879872425827e-8
0.3797593105077832	3.454445529165554e-8
0.3823581070603219	3.470286711360853e-8
0.38496989759562367	3.486325633373641e-8
0.3875947470836016	3.502565733860184e-8
0.3902327208190196	3.519010529739323e-8
0.3928838844231145	3.5356636183995084e-8
0.39554830384522993	3.552528679980611e-8
0.3982260453644561	3.569609479732929e-8
0.4009171755912785	3.586909870456256e-8
0.40362176146923495	3.6044337950225145e-8
0.40633987027658097	3.6221852889855344e-8
0.4090715696279639	3.640168483280696e-8
0.4118169274761037	3.658387607018932e-8
0.4145760121134843	3.676846990378062e-8
0.4173488921740515	3.695551067596308e-8
0.4201356366349219	3.7145043800711776e-8
0.42293631481809635	3.733711579569248e-8
0.4257509963921868	3.7531774315501385e-8
0.42857975137414767	3.772906818610776e-8
0.43142265013101855	3.792904744053491e-8
0.43427976338167373	3.813176335584861e-8
0.43715116219858224	3.833726849149398e-8
0.44003691800957523	3.8545616729043524e-8
0.44293710259962304	3.875686331342051e-8
0.4458517881126211	3.897106489565911e-8
0.44878104705318417	3.918827957726042e-8
0.45172495228844983	3.940856695622635e-8
0.45468357704989204	3.963198817483903e-8
0.4576569949351413	3.9858605969262015e-8
0.46064527990981685	4.008848472104247e-8
0.4636485063093658	4.032169051060781e-8
0.4666667488409128	4.0558291172838094e-8
0.4697000825851173	4.079835635480858e-8
0.4727485829980427	4.10419575758092e-8
0.47581232591303285	4.128916828973592e-8
0.478891387542598	4.154006394996802e-8
0.48198584448031084	4.1794722076847285e-8
0.4850957737027124	4.205322232787653e-8
0.48822125257122595	4.231564657077357e-8
0.49136235883408197	4.2582078959501706e-8
0.4945191706282523	4.2852606013435623e-8
0.4976917664813935	4.3127316699799524e-8
0.5008802253138004	4.340630251954105e-8
0.5040846264403696	4.3689657596808015e-8
0.5073050495725715	4.3977478772201164e-8
0.5105415748204343	4.426986569999253e-8
0.5137942826945365	4.45669209495025e-8
0.517063254108009	4.486875011084699e-8
0.5203485703785492	4.5175461905267254e-8
0.5236503132304419	4.548716830028361e-8
0.5269685647965939	4.580398462990917e-8
0.5303034076205766	4.612602972019079e-8
0.5336549246586795	4.6453426020346416e-8
0.5370231992819728	4.6786299739794485e-8
0.5404083152783826	4.7124780991378455e-8
0.5438103568547747	4.7469003941123416e-8
0.5472294086390483	4.7819106964851995e-8
0.5506655556822436	4.8175232812054206e-8
0.5541188834606549	4.8537528777378645e-8
0.5575894778779582	4.8906146880166396e-8
0.5610774252673477	4.928124405247444e-8
0.5645828123936844	4.966298233604774e-8
0.5681057264556525	5.0051529088738324e-8
0.5716462550879309	5.044705720090243e-8
0.5752044863633705	5.084974532233864e-8
0.5787805087951873	5.1259778100364007e-8
0.5823744113391631	5.167734642965974e-8
0.5859862833958588	5.210264771458151e-8
0.5896162148128381	5.253588614464109e-8
0.5932642958869024	5.2977272983948987e-8
0.5969306173663369	5.3427026875417935e-8
0.6006152704531684	5.388537416064078e-8
0.6043183468054344	5.4352549216349316e-8
0.6080399385394615	5.4828794808485234e-8
0.6117801382321587	5.531436246494278e-8
0.6155390389233192	5.580951286813045e-8
0.6193167341179359	5.631451626859984e-8
0.6231133177885255	5.682965292104073e-8
0.6269288843774683	5.73552135440679e-8
0.6307635287993556	5.7891499805302124e-8
0.6346173464433522	5.843882483339019e-8
0.6384904331755688	5.8997513758691094e-8
0.6423828853414466	5.956790428451489e-8
0.6462947997681537	6.015034729092307e-8
0.6502262737669944	6.07452074732713e-8
0.6541774051358293	6.135286401781544e-8
0.6581482921615082	6.197371131691078e-8
0.6621390336223156	6.26081597265018e-8
0.6661497287904271	6.325663636884636e-8
0.6701804774343789	6.391958598361245e-8
0.6742313798215507	6.459747183078956e-8
0.6783025367206585	6.529077664906337e-8
0.682394049404262	6.600000367370506e-8
0.6865060196512833	6.672567771824581e-8
0.6906385497495399	6.746834632467275e-8
0.6947917424982876	6.822858098720384e-8
0.6989657012107791	6.90069784552022e-8
0.7031605297168331	6.980416212121292e-8
0.7073763323654171	7.062078350068366e-8
0.7116132140272443	7.145752381049713e-8
0.7158712800973803	7.231509565408109e-8
0.7201506364978669	7.319424482159837e-8
0.724451389680356	7.409575221449081e-8
0.7287736466287575	7.502043590454997e-8
0.7331175148619014	7.596915333863738e-8
0.737483102436211	7.69428037013097e-8
0.7418705179483918	7.794233044876278e-8
0.7462798705381338	7.89687240289081e-8
0.7507112698908246	8.002302480390421e-8
0.7551648262402787	8.110632619316477e-8
0.7596406503714802	8.2219778056803e-8
0.7641388536233378	8.336459034161912e-8
0.7686595478914543	8.45420370142164e-8
0.7732028456309116	8.575346030860138e-8
0.777768859859066	8.700027531878486e-8
0.7823577041583611	8.828397497050817e-8
0.7869694926791531	8.960613541037706e-8
0.7916043401425489	9.096842185537723e-8
0.7962623618432616	9.237259495124775e-8
0.8009436736524779	9.382051769444693e-8
0.8056483920207402	9.531416297976912e-8
0.8103766339808439	9.68556218441418e-8
0.8151285171507483	9.844711248703288e-8
0.8199041597365018	1.0009099015947282e-7
0.8247036805351844	1.0178975802729947e-7
0.8295271989378604	1.0354607913025691e-7
0.8343748349325497	1.0536278957755637e-7
0.8392467091072124	1.0724291314297845e-7
0.8441429426527486	1.09189677449393e-7
0.8490636573660123	1.112065319645855e-7
0.8540089756528424	1.13297168068648e-7
0.8589790205311068	1.1546554149934122e-7
0.8639739156337622	1.1771589753749888e-7
0.868973915633762	1.200433965551006e-7
0.8739739156337618	1.224494288378423e-7
0.8789739156337616	1.2493789736552717e-7
0.8839739156337615	1.27512979087138e-7
0.8889739156337613	1.3017915203789404e-7
0.893973915633761	1.3294122608425932e-7
0.8989739156337608	1.358043779000552e-7
0.9039739156337606	1.3877419088314897e-7
0.9089739156337604	1.4185670085442743e-7
0.9139739156337602	1.4505844853901898e-7
0.91897391563376	1.483865400192532e-7
0.9239739156337599	1.5184871657581787e-7
0.9289739156337596	1.5545343560562043e-7
0.9339739156337594	1.592099646311533e-7
0.9389739156337592	1.6312849080756765e-7
0.943973915633759	1.672202488035058e-7
0.9489739156337588	1.7149767049587258e-7
0.9539739156337586	1.7597456059636133e-7
0.9589739156337583	1.8066630314164164e-7
0.9639739156337582	1.85590104757678e-7
0.968973915633758	1.907652817848871e-7
0.9739739156337578	1.9621359976517443e-7
0.9789739156337576	2.0195967549280382e-7
0.9839739156337574	2.0803145387690782e-7
0.9889739156337571	2.1446077432441698e-7
0.9939739156337569	2.2128404431304986e-7
0.9989739156337567	2.2854304138620925e-7
1.0039739156337566	2.3628586908783875e-7
1.0089739156337563	2.4456809751257733e-7
1.0139739156337562	2.5345412535184543e-7
1.0189739156337558	2.6301880778274367e-7
1.0239739156337557	2.733494035292796e-7
1.0289739156337556	2.84547905231651e-7
1.0339739156337553	2.9673383025757775e-7
1.0389739156337552	3.1004756472279397e-7
1.0439739156337549	3.2465437228562837e-7
1.0489739156337547	3.4074920188024266e-7
1.0539739156337544	3.5856245571569537e-7
1.0589739156337543	3.783669115067905e-7
1.0639739156337542	4.0048603210848005e-7
1.0689739156337539	4.253039428048282e-7
1.0739739156337538	4.532774130146163e-7
1.0789739156337534	4.849502469810813e-7
1.0839739156337533	5.209705693339754e-7
1.088973915633753	5.621115888954476e-7
1.093973915633753	6.092965409018273e-7
1.0989739156337526	6.636286476856677e-7
1.1039739156337525	7.264271052737435e-7
1.1089739156337524	7.992703036205723e-7
1.113973915633752	8.840477276277749e-7
1.118973915633752	9.830222722029885e-7
1.1239739156337516	1.0989050463015876e-6
1.1289739156337515	1.2349451487540068e-6
1.1339739156337512	1.3950373852594195e-6
1.138973915633751	1.5838514760813261e-6
1.143973915633751	1.8069869952263217e-6
1.1489739156337506	2.071159104755534e-6
1.1539739156337505	2.384421126158306e-6
1.1589739156337502	2.756431151481975e-6
1.16397391563375	3.198771270036066e-6
1.1689739156337497	3.7253296032359347e-6
1.1739739156337496	4.352757230181238e-6
1.1789739156337493	5.101014272299914e-6
1.1839739156337492	5.99402189258374e-6
1.187980436725312	6.833176720899432e-6
1.1919869578168745	7.800902290476904e-6
1.1959934789084372	8.917194589260544e-6
1.2	1.0205157213775425e-5
