0.0006999999999999628	1.3423092425969514e-8
0.001403500000000035	1.3430931872659801e-8
0.0021105174999999296	1.3438818790181881e-8
0.0028210700874998964	1.3446753250673387e-8
0.003535175437937438	1.3454735580203004e-8
0.004252851315127062	1.3462766111416144e-8
0.004974115571702636	1.347084517990275e-8
0.005698986149561044	1.3478973124154475e-8
0.006427481080308875	1.3487150285582072e-8
0.007159618485710418	1.3495377008536731e-8
0.007895416578138905	1.3503653640334452e-8
0.008634893661029494	1.35119805312821e-8
0.00937806812933463	1.3520358034704604e-8
0.010124958469981361	1.3528786506973324e-8
0.010875583262331262	1.3537266307535673e-8
0.01162996117864295	1.3545797798945233e-8
0.012388110984536127	1.3554381346892441e-8
0.013150051539458866	1.3563017320236645e-8
0.013915801797156208	1.3571706091037797e-8
0.014685380806142003	1.3580448034589992e-8
0.015458807710172712	1.3589243529454396e-8
0.01623610174872358	1.3598092957493432e-8
0.017017282257467212	1.3606996703905536e-8
0.017802368668754516	1.361595515726006e-8
0.01859138051209827	1.362496870953287e-8
0.019384337414658823	1.3634037756142919e-8
0.020181259101732015	1.3643162695988815e-8
0.020982165397240727	1.3652343931485648e-8
0.02178707622422691	1.3661581868603755e-8
0.02259601160534814	1.3670876916906099e-8
0.02340899166337483	1.3680229489587695e-8
0.024226036621691812	1.368964000351505e-8
0.02504716680480027	1.3699108879265701e-8
0.025872402638824326	1.3708636541169332e-8
0.02670176465201842	1.3718223417348465e-8
0.02753527347527842	1.3727869939760169e-8
0.028372949842654864	1.3737576544238502e-8
0.0292148145918682	1.3747343670536967e-8
0.03006088866482743	1.3757171762372129e-8
0.03091119310815165	1.376706126746763e-8
0.0317657490736924	1.3777012637598619e-8
0.03262457781906081	1.3787026328637016e-8
0.03348770070815601	1.3797102800597235e-8
0.034355139211696875	1.3807242517682834e-8
0.035226914907755424	1.381744594833333e-8
0.03610304948229413	1.3827713565272047e-8
0.03698356472970569	1.3838045845554612e-8
0.03786848255335419	1.3848443270617663e-8
0.038757824966120964	1.3858906326328874e-8
0.03965161409095162	1.3869435503037076e-8
0.04054987216140643	1.3880031295623688e-8
0.04145262152221345	1.3890694203554215e-8
0.04235988462982453	1.3901424730930923e-8
0.04327168405297366	1.3912223386545877e-8
0.0441880424732386	1.3923090683935392e-8
0.04510898268560485	1.3934027141434252e-8
0.046034527599032954	1.3945033282231485e-8
0.04696470023702812	1.3956109634426602e-8
0.04789952373821329	1.3967256731086736e-8
0.048839021356904266	1.397847511030428e-8
0.04978321646368884	1.3989765315255885e-8
0.05073213254600732	1.4001127894261802e-8
0.05168579320873729	1.401256340084615e-8
0.052644222174780875	1.4024072393798495e-8
0.05360744328565471	1.403565543723557e-8
0.054575480502083065	1.404731310066426e-8
0.055548357904593434	1.4059045959045737e-8
0.056526099694116344	1.4070854592860191e-8
0.0575087301925869	1.4082739588172256e-8
0.05849627384354973	1.409470153669788e-8
0.05948875521276744	1.410674103587203e-8
0.06048619898883127	1.41188586889172e-8
0.061488629983775384	1.4131055104912821e-8
0.06249607313369419	1.4143330898866274e-8
0.06350855349936275	1.4155686691784118e-8
0.06452609626685958	1.4168123110744986e-8
0.06554872674819387	1.4180640788973303e-8
0.06657647038193484	1.4193240365913858e-8
0.06760935273384447	1.4205922487308262e-8
0.06864739949751365	1.4218687805271316e-8
0.0696906364950013	1.4231536978369776e-8
0.07073908967747639	1.424447067170121e-8
0.07179278512586384	1.42574895569749e-8
0.07285174905149322	1.4270594312593241e-8
0.0739160077967507	1.4283785623734828e-8
0.07498558783573436	1.4297064182438642e-8
0.07606051577491299	1.4310430687689205e-8
0.07714081835378758	1.4323885845503905e-8
0.07822652244555647	1.433743036902009e-8
0.07931765505778425	1.4351064978585331e-8
0.0804142433330731	1.4364790401847552e-8
0.08151631454973848	1.4378607373847206e-8
0.08262389612248718	1.4392516637111005e-8
0.0837370156030995	1.4406518941746366e-8
0.0848557006811149	1.4420615045538346e-8
0.0859799791845205	1.4434805714046883e-8
0.08710987908044313	1.4449091720706467e-8
0.08824542847584534	1.4463473846927006e-8
0.08938665561822454	1.4477952882196117e-8
0.09053358889631567	1.4492529624183272e-8
0.09168625684079722	1.4507204878845345e-8
0.09284468812500112	1.452197946053387e-8
0.09400891156562617	1.4536854192104078e-8
0.0951789561234543	1.4551829905025495e-8
0.09635485090407148	1.4566907439494284e-8
0.09753662515859184	1.4582087644547585e-8
0.0987243082843847	1.4597371378179284e-8
0.09991792982580656	1.4612759507457903e-8
0.10111751947493569	1.462825290864636e-8
0.10232310707231031	1.4643852467323316e-8
0.1035347226076718	1.4659559078507098e-8
0.10475239622071016	1.4675373646780545e-8
0.10597615820181366	1.4691297086419214e-8
0.10720603899282274	1.4707330321520705e-8
0.10844206918778684	1.4723474286135773e-8
0.10968427953372567	1.4739729924403006e-8
0.1109327009313943	1.4756098190684216e-8
0.11218736443605135	1.4772580049702753e-8
0.11344830125823162	1.4789176476683852e-8
0.11471554276452282	1.480588845749729e-8
0.11598912047834534	1.4822716988802733e-8
0.11726906608073695	1.4839663078196926e-8
0.11855541141114062	1.4856727744363575e-8
0.11984818846819621	1.4873912017225796e-8
0.12114742941053713	1.4891216938100973e-8
0.12245316655758978	1.490864355985811e-8
0.1237654323903777	1.4926192947078188e-8
0.12508425955232963	1.4943866176216475e-8
0.12640968085009122	1.49616643357685e-8
0.1277417292543416	1.4979588526438084e-8
0.1290804379006133	1.4997639861308464e-8
0.13042584009011637	1.501581946601642e-8
0.1317779692905669	1.5034128478929206e-8
0.13313685913701961	1.5052568051324288e-8
0.13450254343270476	1.5071139347573036e-8
0.13587505614986833	1.5089843545326102e-8
0.13725443143061763	1.510868183570343e-8
0.13864070358777073	1.512765542348684e-8
0.14003390710570945	1.5146765527315548e-8
0.14143407664123803	1.5166013379886282e-8
0.1428412470244442	1.5185400228155456e-8
0.1442554532595664	1.5204927333546036e-8
0.14567673052586416	1.5224595972157295e-8
0.1471051141784935	1.524440743497852e-8
0.14854063974938603	1.526436302810638e-8
0.149983342948133	1.5284464072966616e-8
0.15143325966287374	1.5304711906538644e-8
0.15289042596118813	1.5325107881585215e-8
0.15435487809099402	1.534565336688552e-8
0.15582665248144906	1.5366349747472435e-8
0.1573057857438562	1.5387198424874808e-8
0.15879231467257537	1.5408200817362722e-8
0.16028627624593816	1.5429358360198842e-8
0.16178770762716785	1.545067250589252e-8
0.16329664616530362	1.5472144724460352e-8
0.16481312939613008	1.549377650368982e-8
0.1663371950431107	1.5515569349409068e-8
0.16786888101832628	1.5537524785760546e-8
0.1694082254234178	1.555964435548044e-8
0.1709552665505349	1.558192962018316e-8
0.17251004288328747	1.560438216065059e-8
0.17407259309770393	1.562700357712728e-8
0.17564295606319252	1.5649795489620915e-8
0.17722117084350858	1.567275953820813e-8
0.17880727669772617	1.569589738334664e-8
0.18040131308121476	1.5719210706192783e-8
0.18200331964662084	1.5742701208925085e-8
0.18361333624485401	1.5766370615074397e-8
0.18523140292607826	1.579022066985937e-8
0.18685755994070874	1.5814253140529512e-8
0.1884918477404122	1.5838469816713962e-8
0.19013430697911424	1.586287251077713e-8
0.1917849785140098	1.588746305818114e-8
0.19344390340657974	1.5912243317855958e-8
0.19511112292361268	1.593721517257554e-8
0.1967866785382308	1.596238052934207e-8
0.19847061193092203	1.5987741319777722e-8
0.20016296499057665	1.6013299500523506e-8
0.20186377981552947	1.6039057053646495e-8
0.2035730987146071	1.6065015987055196e-8
0.20529096420818022	1.609117833492254e-8
0.20701741902922113	1.6117546158117586e-8
0.20875250612436722	1.6144121544646114e-8
0.210496268654989	1.617090661009942e-8
0.21224874999826396	1.619790349811298e-8
0.21400999374825516	1.6225114380833075e-8
0.21578004371699644	1.6252541459394453e-8
0.21755894393558148	1.6280186964406383e-8
0.2193467386552594	1.6308053156448855e-8
0.22114347234853576	1.633614232657988e-8
0.22294918971027836	1.6364456796851665e-8
0.2247639356588297	1.6392998920838732e-8
0.2265877553371239	1.6421771084176205e-8
0.2284206941138094	1.6450775705109815e-8
0.23026279758437848	1.6480015235056216e-8
0.23211411157230027	1.650949215917708e-8
0.23397468213016168	1.6539208996962838e-8
0.23584455554081238	1.6569168302830602e-8
0.23772377831851643	1.6599372666733744e-8
0.23961239721010893	1.662982471478451e-8
0.24151045919615952	1.6660527109890293e-8
0.24341801149214037	1.6691482552403285e-8
0.24533510154960114	1.6722693780783878e-8
0.24726177705734917	1.6754163572278655e-8
0.24919808594263576	1.678589474361313e-8
0.251144076372349	1.6817890151698863e-8
0.2530997967542107	1.6850152694357076e-8
0.2550652957379817	1.6882685311057132e-8
0.2570406222166717	1.691549098367188e-8
0.2590258253277551	1.694857273724935e-8
0.26102095445439405	1.698193364080157e-8
0.2630260592266659	1.7015576808111067e-8
0.2650411895227993	1.704950539855559e-8
0.2670663954704134	1.708372261795062e-8
0.26910172744776534	1.7118231719411716e-8
0.27114723608500396	1.715303600423578e-8
0.27320297226542917	1.7188138822802778e-8
0.27526898712675635	1.722354357549729e-8
0.27734533206239	1.725925371365236e-8
0.2794320587227019	1.7295272740514035e-8
0.2815292190163153	1.7331604212228418e-8
0.2836368651113967	1.7368251738852127e-8
0.28575504943695385	1.740521898538551e-8
0.28788382468413853	1.7442509672830975e-8
0.29002324380755934	1.7480127579275178e-8
0.29217336002659705	1.7518076540997878e-8
0.29433422682673016	1.7556360453605897e-8
0.29650589796086374	1.7594983273194904e-8
0.29868842745066804	1.763394901753935e-8
0.30088186958792124	1.7673261767309557e-8
0.3030862789358609	1.771292566731967e-8
0.30530171033054027	1.7752944927805416e-8
0.307528218882193	1.7793323825732427e-8
0.30976585997660405	1.7834066706137564e-8
0.312014689276487	1.7875177983502402e-8
0.31427476272286925	1.7916662143161024e-8
0.3165461365364837	1.795852374274323e-8
0.3188288672191662	1.8000767413652436e-8
0.32112301155526213	1.804339786258213e-8
0.32342862661303834	1.8086419873069488e-8
0.3257457697461036	1.8129838307088654e-8
0.32807449859483384	1.8173658106684658e-8
0.3304148710878078	1.821788429564879e-8
0.33276694544324686	1.8262521981237505e-8
0.33513078017046305	1.830757635593463e-8
0.33750643407131514	1.835305269926073e-8
0.3398939662416715	1.8398956379628524e-8
0.3422934360728799	1.844529285624707e-8
0.34470490325324404	1.8492067681076514e-8
0.3471284277695101	1.8539286500834657e-8
0.34956406990835764	1.8586955059055562e-8
0.3520118902578995	1.863507919820515e-8
0.354471949709189	1.8683664861852476e-8
0.3569443094577349	1.8732718096899414e-8
0.3594290310050235	1.8782245055871925e-8
0.3619261761600484	1.8832251999272995e-8
0.3644358070408486	1.8882745298000858e-8
0.36695798607605284	1.89337314358333e-8
0.36949277600643327	1.8985217011981255e-8
0.37204023988646523	1.903720874371374e-8
0.3746004410858973	1.9089713469056143e-8
0.3771734432913268	1.914273814956519e-8
0.3797593105077832	1.919628987318141e-8
0.3823581070603219	1.9250375857164977e-8
0.38496989759562367	1.9305003451113718e-8
0.3875947470836016	1.9360180140069356e-8
0.3902327208190196	1.9415913547714204e-8
0.3928838844231145	1.9472211439659934e-8
0.39554830384522993	1.9529081726833825e-8
0.3982260453644561	1.9586532468965577e-8
0.4009171755912785	1.9644571878175775e-8
0.40362176146923495	1.9703208322674092e-8
0.40633987027658097	1.9762450330566734e-8
0.4090715696279639	1.9822306593780008e-8
0.4118169274761037	1.9882785972103252e-8
0.4145760121134843	1.994389749735571e-8
0.4173488921740515	2.0005650377681213e-8
0.4201356366349219	2.0068054001976914e-8
0.42293631481809635	2.013111794445952e-8
0.4257509963921868	2.0194851969376026e-8
0.42857975137414767	2.02592660358615e-8
0.43142265013101855	2.0324370302954254e-8
0.43427976338167373	2.039017513476876e-8
0.43715116219858224	2.0456691105837256e-8
0.44003691800957523	2.052392900662445e-8
0.44293710259962304	2.0591899849221347e-8
0.4458517881126211	2.0660614873228674e-8
0.44878104705318417	2.073008555183264e-8
0.45172495228844983	2.080032359808504e-8
0.45468357704989204	2.0871340971394137e-8
0.4576569949351413	2.0943149884234537e-8
0.46064527990981685	2.1015762809086356e-8
0.4636485063093658	2.108919248561201e-8
0.4666667488409128	2.1163451928081474e-8
0.4697000825851173	2.123855443305608e-8
0.4727485829980427	2.131451358734146e-8
0.47581232591303285	2.139134327622199e-8
0.478891387542598	2.146905769198835e-8
0.48198584448031084	2.1547671342771145e-8
0.4850957737027124	2.1627199061693734e-8
0.48822125257122595	2.1707656016358755e-8
0.49136235883408197	2.1789057718682947e-8
0.4945191706282523	2.1871420035096495e-8
0.4976917664813935	2.195475919712243e-8
0.5008802253138004	2.2039091812354047e-8
0.5040846264403696	2.2124434875849643e-8
0.5073050495725715	2.2210805781962004e-8
0.5105415748204343	2.2298222336624843e-8
0.5137942826945365	2.2386702770116775e-8
0.517063254108009	2.2476265750326233e-8
0.5203485703785492	2.2566930396542233e-8
0.5236503132304419	2.2658716293793672e-8
0.5269685647965939	2.275164350776931e-8
0.5303034076205766	2.284573260034101e-8
0.5336549246586795	2.2941004645726887e-8
0.5370231992819728	2.3037481247321723e-8
0.5404083152783826	2.3135184555231947e-8
0.5438103568547747	2.3234137284550255e-8
0.5472294086390483	2.3334362734409483e-8
0.5506655556822436	2.3435884807855988e-8
0.5541188834606549	2.3538728032587312e-8
0.5575894778779582	2.3642917582600834e-8
0.5610774252673477	2.3748479300802958e-8
0.5645828123936844	2.385543972263202e-8
0.5681057264556525	2.3963826100752057e-8
0.5716462550879309	2.4073666430879407e-8
0.5752044863633705	2.418498947880494e-8
0.5787805087951873	2.4297824808683835e-8
0.5823744113391631	2.44122028126668e-8
0.5859862833958588	2.4528154741954615e-8
0.5896162148128381	2.4645712739359716e-8
0.5932642958869024	2.4764909873472116e-8
0.5969306173663369	2.488578017452575e-8
0.6006152704531684	2.5008358672077746e-8
0.6043183468054344	2.5132681434615803e-8
0.6080399385394615	2.5258785611220506e-8
0.6117801382321587	2.538670947542278e-8
0.6155390389233192	2.551649247140332e-8
0.6193167341179359	2.5648175262700342e-8
0.6231133177885255	2.578179978360031e-8
0.6269288843774683	2.591740929340997e-8
0.6307635287993556	2.6055048433818862e-8
0.6346173464433522	2.61947632895897e-8
0.6384904331755688	2.6336601452831313e-8
0.6423828853414466	2.648061209113915e-8
0.6462947997681537	2.6626846019917366e-8
0.6502262737669944	2.6775355779229377e-8
0.6541774051358293	2.692619571556281e-8
0.6581482921615082	2.7079422068942648e-8
0.6621390336223156	2.723509306586891e-8
0.6661497287904271	2.7393269018622958e-8
0.6701804774343789	2.7554012431546495e-8
0.6742313798215507	2.7717388114977024e-8
0.6783025367206585	2.7883463307615034e-8
0.682394049404262	2.80523078081995e-8
0.6865060196512833	2.822399411749168e-8
0.6906385497495399	2.8398597591707547e-8
0.6947917424982876	2.8576196608707016e-8
0.6989657012107791	2.875687274844344e-8
0.7031605297168331	2.894071098940373e-8
0.7073763323654171	2.9127799923044777e-8
0.7116132140272443	2.931823198855152e-8
0.7158712800973803	2.951210373061952e-8
0.7201506364978669	2.9709516083425894e-8
0.724451389680356	2.9910574684480825e-8
0.7287736466287575	3.011539022270625e-8
0.7331175148619014	3.032407882585304e-8
0.737483102436211	3.053676249329096e-8
0.7418705179483918	3.075356958132228e-8
0.7462798705381338	3.0974635349493706e-8
0.7507112698908246	3.120010257800374e-8
0.7551648262402787	3.14301222682345e-8
0.7596406503714802	3.166485444079621e-8
0.7641388536233378	3.190446904831683e-8
0.7686595478914543	3.2149147023669346e-8
0.7732028456309116	3.2399081488525723e-8
0.777768859859066	3.2654479152244246e-8
0.7823577041583611	3.291556193733083e-8
0.7869694926791531	3.3182568875315405e-8
0.7916043401425489	3.3455758326195665e-8
0.7962623618432616	3.373541058596917e-8
0.8009436736524779	3.40218309607355e-8
0.8056483920207402	3.431535340295369e-8
0.8103766339808439	3.461634482647944e-8
0.8151285171507483	3.492521024286183e-8
0.8199041597365018	3.5242398893244286e-8
0.8247036805351844	3.5568411589488913e-8
0.8295271989378604	3.5903809526627426e-8
0.8343748349325497	3.624922488867506e-8
0.8392467091072124	3.6605373643970264e-8
0.8441429426527486	3.697307101804851e-8
0.8490636573660123	3.7353250245911244e-8
0.8540089756528424	3.774698534691405e-8
0.8589790205311068	3.815551884113766e-8
0.8639739156337622	3.8580295544613945e-8
0.868973915633762	3.902121786646357e-8
0.8739739156337618	3.9479558929104635e-8
0.8789739156337616	3.995730701811014e-8
0.8839739156337615	4.0456794497720123e-8
0.8889739156337613	4.098076455334663e-8
0.893973915633761	4.153245133693316e-8
0.8989739156337608	4.211567624094097e-8
0.9039739156337606	4.273496358354303e-8
0.9089739156337604	4.339567965865169e-8
0.9139739156337602	4.4104199912843824e-8
0.91897391563376	4.4868109985154964e-8
0.9239739156337599	4.569644751895595e-8
0.9289739156337596	4.659999306840988e-8
0.9339739156337594	4.759162012444363e-8
0.9389739156337592	4.868671633567813e-8
0.943973915633759	4.9903690469465935e-8
0.9489739156337588	5.1264582632432566e-8
0.9539739156337586	5.2795798851469124e-8
0.9589739156337583	5.4528995428499416e-8
0.9639739156337582	5.6502143673927876e-8
0.968973915633758	5.876081187283429e-8
0.9739739156337578	6.135970885877711e-8
0.9789739156337576	6.436454261951619e-8
0.9839739156337574	6.785425824529062e-8
0.9889739156337571	7.19237326230024e-8
0.9939739156337569	7.668701902143858e-8
0.9989739156337567	8.228125363322682e-8
1.0039739156337566	8.887135887220996e-8
1.0089739156337563	9.665570552706534e-8
1.0139739156337562	1.0587292864637029e-7
1.0189739156337558	1.168101313528201e-7
1.0239739156337557	1.298127579351169e-7
1.0289739156337556	1.4529647406545752e-7
1.0339739156337553	1.637614596403607e-7
1.0389739156337552	1.8580960067391778e-7
1.0439739156337549	2.1216516339753686e-7
1.0489739156337547	2.436996491941731e-7
1.0539739156337544	2.814616666774035e-7
1.0589739156337543	3.2671282115386783e-7
1.0639739156337542	3.809708165658106e-7
1.0689739156337539	4.46061196203496e-7
1.0739739156337538	5.241794221956413e-7
1.0789739156337534	6.179653170588887e-7
1.0839739156337533	7.305922713128472e-7
1.088973915633753	8.658740680965264e-7
1.093973915633753	1.0283926983983572e-6
1.0989739156337526	1.2236511490948566e-6
1.1039739156337525	1.4582558509892928e-6
1.1089739156337524	1.7401342858319046e-6
1.113973915633752	2.0787941794643804e-6
1.118973915633752	2.485631760547306e-6
1.1239739156337516	2.9742977454383097e-6
1.1289739156337515	3.5611310194070045e-6
1.1339739156337512	4.265671414973715e-6
1.138973915633751	5.111264522243635e-6
1.143973915633751	6.125773072858636e-6
1.1489739156337506	7.342411070985071e-6
1.1539739156337505	8.800718433517434e-6
1.1589739156337502	1.0547695355731632e-5
1.16397391563375	1.2639116820501635e-5
1.1689739156337497	1.5141048474960663e-5
1.1739739156337496	1.8131585338886166e-5
1.1789739156337493	2.1702834291565635e-5
1.1839739156337492	2.596315979432306e-5
1.187980436725312	2.9959244086252707e-5
1.1919869578168745	3.455431378632443e-5
1.1959934789084372	3.983355406203697e-5
1.2	4.5893189425838265e-5
