0.0006999999999999628	8.631108395416603e-9
0.001403500000000035	8.636526196281928e-9
0.0021105174999999296	8.641976993067022e-9
0.0028210700874998964	8.647460806528387e-9
0.003535175437937438	8.652977864486743e-9
0.004252851315127062	8.658528399706786e-9
0.004974115571702636	8.664112647025977e-9
0.005698986149561044	8.669730843323599e-9
0.006427481080308875	8.67538322753395e-9
0.007159618485710418	8.681070040662395e-9
0.007895416578138905	8.68679152580375e-9
0.008634893661029494	8.692547928161167e-9
0.00937806812933463	8.698339495066214e-9
0.010124958469981361	8.704166475999517e-9
0.010875583262331262	8.710029122612133e-9
0.01162996117864295	8.715927688747077e-9
0.012388110984536127	8.721862430461763e-9
0.013150051539458866	8.727833606050836e-9
0.013915801797156208	8.733841476068818e-9
0.014685380806142003	8.739886303354129e-9
0.015458807710172712	8.745968353052707e-9
0.01623610174872358	8.752087892642503e-9
0.017017282257467212	8.758245191957947e-9
0.017802368668754516	8.764440523215126e-9
0.01859138051209827	8.77067416103732e-9
0.019384337414658823	8.776946382480799e-9
0.020181259101732015	8.783257467060834e-9
0.020982165397240727	8.789607696778585e-9
0.02178707622422691	8.795997356147593e-9
0.02259601160534814	8.802426732221787e-9
0.02340899166337483	8.808896114622592e-9
0.024226036621691812	8.815405795567326e-9
0.02504716680480027	8.821956069897722e-9
0.025872402638824326	8.828547235108826e-9
0.02670176465201842	8.835179591378083e-9
0.02753527347527842	8.841853441595368e-9
0.028372949842654864	8.848569091392913e-9
0.0292148145918682	8.855326849175789e-9
0.03006088866482743	8.862127026153058e-9
0.03091119310815165	8.86896993636892e-9
0.0317657490736924	8.875855896734683e-9
0.03262457781906081	8.882785227060946e-9
0.03348770070815601	8.889758250090333e-9
0.034355139211696875	8.896775291530653e-9
0.035226914907755424	8.903836680088248e-9
0.03610304948229413	8.910942747502378e-9
0.03698356472970569	8.918093828579665e-9
0.03786848255335419	8.925290261228981e-9
0.038757824966120964	8.932532386497072e-9
0.03965161409095162	8.939820548604413e-9
0.04054987216140643	8.947155094981833e-9
0.04145262152221345	8.954536376307348e-9
0.04235988462982453	8.961964746543918e-9
0.04327168405297366	8.969440562977211e-9
0.0441880424732386	8.976964186254288e-9
0.04510898268560485	8.984535980422786e-9
0.046034527599032954	8.992156312970376e-9
0.04696470023702812	8.999825554865148e-9
0.04789952373821329	9.007544080596314e-9
0.048839021356904266	9.015312268215574e-9
0.04978321646368884	9.02313049937919e-9
0.05073213254600732	9.030999159390143e-9
0.05168579320873729	9.038918637241803e-9
0.052644222174780875	9.046889325661225e-9
0.05360744328565471	9.054911621153811e-9
0.054575480502083065	9.062985924048285e-9
0.055548357904593434	9.071112638542233e-9
0.056526099694116344	9.079292172748492e-9
0.0575087301925869	9.087524938742363e-9
0.05849627384354973	9.09581135260881e-9
0.05948875521276744	9.10415183449132e-9
0.06048619898883127	9.11254680864057e-9
0.061488629983775384	9.120996703464403e-9
0.06249607313369419	9.129501951578496e-9
0.06350855349936275	9.138062989857168e-9
0.06452609626685958	9.146680259485795e-9
0.06554872674819387	9.155354206013271e-9
0.06657647038193484	9.16408527940576e-9
0.06760935273384447	9.172873934100903e-9
0.06864739949751365	9.181720629063018e-9
0.0696906364950013	9.190625827838923e-9
0.07073908967747639	9.199589998614897e-9
0.07179278512586384	9.208613614274202e-9
0.07285174905149322	9.217697152455652e-9
0.0739160077967507	9.226841095612921e-9
0.07498558783573436	9.23604593107471e-9
0.07606051577491299	9.245312151106125e-9
0.07714081835378758	9.254640252970769e-9
0.07822652244555647	9.264030738993393e-9
0.07931765505778425	9.273484116624504e-9
0.0804142433330731	9.283000898504672e-9
0.08151631454973848	9.292581602531199e-9
0.08262389612248718	9.302226751924255e-9
0.0837370156030995	9.311936875295714e-9
0.0848557006811149	9.321712506717564e-9
0.0859799791845205	9.331554185792336e-9
0.08710987908044313	9.341462457724166e-9
0.08824542847584534	9.3514378733911e-9
0.08938665561822454	9.361480989418566e-9
0.09053358889631567	9.371592368253766e-9
0.09168625684079722	9.38177257824167e-9
0.09284468812500112	9.392022193701678e-9
0.09400891156562617	9.402341795005803e-9
0.0951789561234543	9.412731968658056e-9
0.09635485090407148	9.42319330737508e-9
0.09753662515859184	9.433726410167796e-9
0.0987243082843847	9.444331882424922e-9
0.09991792982580656	9.455010335997126e-9
0.10111751947493569	9.465762389282961e-9
0.10232310707231031	9.476588667316379e-9
0.1035347226076718	9.487489801854833e-9
0.10475239622071016	9.49846643146974e-9
0.10597615820181366	9.509519201637716e-9
0.10720603899282274	9.520648764833565e-9
0.10844206918778684	9.53185578062498e-9
0.10968427953372567	9.54314091576821e-9
0.1109327009313943	9.554504844305883e-9
0.11218736443605135	9.565948247666269e-9
0.11344830125823162	9.577471814763586e-9
0.11471554276452282	9.589076242100894e-9
0.11598912047834534	9.600762233874253e-9
0.11726906608073695	9.612530502078274e-9
0.11855541141114062	9.62438176661393e-9
0.11984818846819621	9.63631675539798e-9
0.12114742941053713	9.648336204474082e-9
0.12245316655758978	9.660440858126038e-9
0.1237654323903777	9.672631468992405e-9
0.12508425955232963	9.68490879818406e-9
0.12640968085009122	9.69727361540245e-9
0.1277417292543416	9.709726699060799e-9
0.1290804379006133	9.72226883640694e-9
0.13042584009011637	9.734900823648495e-9
0.1317779692905669	9.74762346607981e-9
0.13313685913701961	9.760437578211492e-9
0.13450254343270476	9.773343983901942e-9
0.13587505614986833	9.786343516490965e-9
0.13725443143061763	9.799437018936172e-9
0.13864070358777073	9.812625343951346e-9
0.14003390710570945	9.82590935414724e-9
0.14143407664123803	9.839289922175115e-9
0.1428412470244442	9.852767930872349e-9
0.1442554532595664	9.866344273411053e-9
0.14567673052586416	9.880019853448712e-9
0.1471051141784935	9.893795585282387e-9
0.14854063974938603	9.907672394004587e-9
0.149983342948133	9.921651215662522e-9
0.15143325966287374	9.935732997420409e-9
0.15289042596118813	9.949918697723882e-9
0.15435487809099402	9.96420928646789e-9
0.15582665248144906	9.97860574516765e-9
0.1573057857438562	9.993109067132512e-9
0.15879231467257537	1.0007720257642937e-8
0.16028627624593816	1.0022440334130657e-8
0.16178770762716785	1.0037270326362125e-8
0.16329664616530362	1.0052211276625678e-8
0.16481312939613008	1.0067264239921379e-8
0.1663371950431107	1.008243028415496e-8
0.16786888101832628	1.0097710490335153e-8
0.1694082254234178	1.0113105952774403e-8
0.1709552665505349	1.012861777929389e-8
0.17251004288328747	1.0144247091431664e-8
0.17407259309770393	1.0159995024655031e-8
0.17564295606319252	1.0175862728577044e-8
0.17722117084350858	1.0191851367176613e-8
0.17880727669772617	1.0207962119023105e-8
0.18040131308121476	1.0224196177505099e-8
0.18200331964662084	1.0240554751063458e-8
0.18361333624485401	1.0257039063428573e-8
0.18523140292607826	1.0273650353862848e-8
0.18685755994070874	1.0290389877406807e-8
0.1884918477404122	1.0307258905130808e-8
0.19013430697911424	1.0324258724391103e-8
0.1917849785140098	1.0341390639090829e-8
0.19344390340657974	1.0358655969946512e-8
0.19511112292361268	1.0376056054759351e-8
0.1967866785382308	1.0393592248691573e-8
0.19847061193092203	1.0411265924548927e-8
0.20016296499057665	1.0429078473068024e-8
0.20186377981552947	1.0447031303209673e-8
0.2035730987146071	1.0465125842457973e-8
0.20529096420818022	1.0483363537125297e-8
0.20701741902922113	1.0501745852663397e-8
0.20875250612436722	1.052027427398057e-8
0.210496268654989	1.0538950305765553e-8
0.21224874999826396	1.0557775472817372e-8
0.21400999374825516	1.057675132038228e-8
0.21578004371699644	1.059587941449748e-8
0.21755894393558148	1.0615161342341729e-8
0.2193467386552594	1.0634598712592829e-8
0.22114347234853576	1.0654193155793292e-8
0.22294918971027836	1.067394632472235e-8
0.2247639356588297	1.0693859894776667e-8
0.2265877553371239	1.0713935564358207e-8
0.2284206941138094	1.0734175055270609e-8
0.23026279758437848	1.0754580113123839e-8
0.23211411157230027	1.077515250774654e-8
0.23397468213016168	1.0795894033608498e-8
0.23584455554081238	1.0816806510250437e-8
0.23772377831851643	1.0837891782723909e-8
0.23961239721010893	1.0859151722040446e-8
0.24151045919615952	1.0880588225629736e-8
0.24341801149214037	1.0902203217808238e-8
0.24533510154960114	1.0923998650257388e-8
0.24726177705734917	1.0945976502512548e-8
0.24919808594263576	1.096813878246214e-8
0.251144076372349	1.0990487526857938e-8
0.2530997967542107	1.1013024801836275e-8
0.2550652957379817	1.1035752703450793e-8
0.2570406222166717	1.1058673358216801e-8
0.2590258253277551	1.1081788923667904e-8
0.26102095445439405	1.110510158892468e-8
0.2630260592266659	1.1128613575276196e-8
0.2650411895227993	1.115232713677416e-8
0.2670663954704134	1.117624456084137e-8
0.26910172744776534	1.1200368168892327e-8
0.27114723608500396	1.1224700316969521e-8
0.27320297226542917	1.1249243396392965e-8
0.27526898712675635	1.1273999834425208e-8
0.27734533206239	1.1298972094951092e-8
0.2794320587227019	1.1324162679173753e-8
0.2815292190163153	1.1349574126326152e-8
0.2836368651113967	1.1375209014399227e-8
0.28575504943695385	1.1401069960887516e-8
0.28788382468413853	1.1427159623551078e-8
0.29002324380755934	1.14534807011967e-8
0.29217336002659705	1.1480035934476607e-8
0.29433422682673016	1.1506828106706165e-8
0.29650589796086374	1.1533860044701741e-8
0.29868842745066804	1.1561134619637572e-8
0.30088186958792124	1.1588654747923913e-8
0.3030862789358609	1.1616423392106348e-8
0.30530171033054027	1.1644443561786637e-8
0.307528218882193	1.1672718314565844e-8
0.30976585997660405	1.170125075701101e-8
0.312014689276487	1.1730044045645223e-8
0.31427476272286925	1.1759101387962071e-8
0.3165461365364837	1.1788426043465558e-8
0.3188288672191662	1.1818021324735613e-8
0.32112301155526213	1.1847890598520107e-8
0.32342862661303834	1.1878037286855242e-8
0.3257457697461036	1.1908464868212772e-8
0.32807449859483384	1.1939176878677627e-8
0.3304148710878078	1.1970176913155051e-8
0.33276694544324686	1.2001468626608532e-8
0.33513078017046305	1.2033055735329629e-8
0.33750643407131514	1.206494201824124e-8
0.3398939662416715	1.2097131318233854e-8
0.3422934360728799	1.212962754353751e-8
0.34470490325324404	1.216243466912907e-8
0.3471284277695101	1.2195556738177606e-8
0.34956406990835764	1.2228997863526904e-8
0.3520118902578995	1.2262762229218415e-8
0.354471949709189	1.2296854092054962e-8
0.3569443094577349	1.2331277783205923e-8
0.3594290310050235	1.2366037709856891e-8
0.3619261761600484	1.2401138356903016e-8
0.3644358070408486	1.2436584288689906e-8
0.36695798607605284	1.2472380150801573e-8
0.36949277600643327	1.2508530671898442e-8
0.37204023988646523	1.2545040665605837e-8
0.3746004410858973	1.2581915032456176e-8
0.3771734432913268	1.2619158761884558e-8
0.3797593105077832	1.2656776934282036e-8
0.3823581070603219	1.2694774723106642e-8
0.38496989759562367	1.2733157397054644e-8
0.3875947470836016	1.2771930322294648e-8
0.3902327208190196	1.2811098964766121e-8
0.3928838844231145	1.2850668892544748e-8
0.39554830384522993	1.2890645778277235e-8
0.3982260453644561	1.2931035401687384e-8
0.4009171755912785	1.2971843652156793e-8
0.40362176146923495	1.3013076531382256e-8
0.40633987027658097	1.3054740156112563e-8
0.4090715696279639	1.309684076096825e-8
0.4118169274761037	1.3139384701346577e-8
0.4145760121134843	1.3182378456415349e-8
0.4173488921740515	1.3225828632198428e-8
0.4201356366349219	1.3269741964757091e-8
0.42293631481809635	1.3314125323469653e-8
0.4257509963921868	1.3358985714414452e-8
0.42857975137414767	1.3404330283858996e-8
0.43142265013101855	1.3450166321859882e-8
0.43427976338167373	1.3496501265977552e-8
0.43715116219858224	1.3543342705110865e-8
0.44003691800957523	1.3590698383454603e-8
0.44293710259962304	1.3638576204587398e-8
0.4458517881126211	1.3686984235692718e-8
0.44878104705318417	1.3735930711919314e-8
0.45172495228844983	1.3785424040887012e-8
0.45468357704989204	1.38354728073433e-8
0.4576569949351413	1.3886085777976618e-8
0.46064527990981685	1.3937271906393686e-8
0.4636485063093658	1.398904033826706e-8
0.4666667488409128	1.4041400416659583e-8
0.4697000825851173	1.4094361687534666e-8
0.4727485829980427	1.4147933905458407e-8
0.47581232591303285	1.4202127039503552e-8
0.478891387542598	1.4256951279362961e-8
0.48198584448031084	1.431241704168145e-8
0.4850957737027124	1.4368534976617156e-8
0.48822125257122595	1.44253159746407e-8
0.49136235883408197	1.4482771173583919e-8
0.4945191706282523	1.4540911965949447e-8
0.4976917664813935	1.4599750006492684e-8
0.5008802253138004	1.4659297220087968e-8
0.5040846264403696	1.4719565809894486e-8
0.5073050495725715	1.4780568265832363e-8
0.5105415748204343	1.4842317373387391e-8
0.5137942826945365	1.4904826222757325e-8
0.517063254108009	1.4968108218357193e-8
0.5203485703785492	1.5032177088701262e-8
0.5236503132304419	1.5097046896680087e-8
0.5269685647965939	1.516273205025157e-8
0.5303034076205766	1.52292473135678e-8
0.5336549246586795	1.5296607818559417e-8
0.5370231992819728	1.536482907700022e-8
0.5404083152783826	1.543392699307843e-8
0.5438103568547747	1.5503917876499226e-8
0.5472294086390483	1.5574818456148865e-8
0.5506655556822436	1.56466458943485e-8
0.5541188834606549	1.571941780173075e-8
0.5575894778779582	1.579315225277377e-8
0.5610774252673477	1.586786780202772e-8
0.5645828123936844	1.594358350107422e-8
0.5681057264556525	1.6020318916260175e-8
0.5716462550879309	1.6098094147250133e-8
0.5752044863633705	1.6176929846446444e-8
0.5787805087951873	1.6256847239327785e-8
0.5823744113391631	1.6337868145762053e-8
0.5859862833958588	1.6420015002353172e-8
0.5896162148128381	1.6503310885887035e-8
0.5932642958869024	1.6587779537944032e-8
0.5969306173663369	1.667344539075683e-8
0.6006152704531684	1.6760333594390653e-8
0.6043183468054344	1.6848470045338147e-8
0.6080399385394615	1.6937881416622447e-8
0.6117801382321587	1.70285951895125e-8
0.6155390389233192	1.712063968696775e-8
0.6193167341179359	1.7214044108931976e-8
0.6231133177885255	1.7308838569616072e-8
0.6269288843774683	1.740505413691727e-8
0.6307635287993556	1.7502722874139572e-8
0.6346173464433522	1.7601877884196807e-8
0.6384904331755688	1.7702553356496136e-8
0.6423828853414466	1.7804784616727796e-8
0.6462947997681537	1.7908608179801956e-8
0.6502262737669944	1.801406180620996e-8
0.6541774051358293	1.8121184562113804e-8
0.6581482921615082	1.823001688350815e-8
0.6621390336223156	1.8340600644835866e-8
0.6661497287904271	1.8452979232493967e-8
0.6701804774343789	1.856719762371573e-8
0.6742313798215507	1.868330247138517e-8
0.6783025367206585	1.8801342195411954e-8
0.682394049404262	1.8921367081387762e-8
0.6865060196512833	1.9043429387341882e-8
0.6906385497495399	1.916758345954247e-8
0.6947917424982876	1.929388585842532e-8
0.6989657012107791	1.9422395495905554e-8
0.7031605297168331	1.9553173785520335e-8
0.7073763323654171	1.968628480709178e-8
0.7116132140272443	1.9821795487869472e-8
0.7158712800973803	1.9959775802451736e-8
0.7201506364978669	2.0100298994173208e-8
0.724451389680356	2.0243441821118424e-8
0.7287736466287575	2.038928483049108e-8
0.7331175148619014	2.05379126657334e-8
0.737483102436211	2.0689414411617087e-8
0.7418705179483918	2.0843883983491147e-8
0.7462798705381338	2.100142056806171e-8
0.7507112698908246	2.1162129124497607e-8
0.7551648262402787	2.132612095637727e-8
0.7596406503714802	2.1493514367085353e-8
0.7641388536233378	2.1664435413792705e-8
0.7686595478914543	2.183901877823842e-8
0.7732028456309116	2.2017408776274424e-8
0.777768859859066	2.2199760532704897e-8
0.7823577041583611	2.2386241353521215e-8
0.7869694926791531	2.2577032334452102e-8
0.7916043401425489	2.2772330253080113e-8
0.7962623618432616	2.2972349802000157e-8
0.8009436736524779	2.3177326233025412e-8
0.8056483920207402	2.3387518497848114e-8
0.8103766339808439	2.360321298950692e-8
0.8151285171507483	2.382472801233525e-8
0.8199041597365018	2.4052419136820432e-8
0.8247036805351844	2.4286685631302506e-8
0.8295271989378604	2.4527978206296104e-8
0.8343748349325497	2.4776808361482688e-8
0.8392467091072124	2.503375969261088e-8
0.8441429426527486	2.5299501598856107e-8
0.8490636573660123	2.5574805934591282e-8
0.8540089756528424	2.586056727798993e-8
0.8589790205311068	2.61578276486804e-8
0.8639739156337622	2.646780670563262e-8
0.868973915633762	2.6790628769950056e-8
0.8739739156337618	2.7127450132916268e-8
0.8789739156337616	2.747999503898032e-8
0.8839739156337615	2.7850294970768135e-8
0.8889739156337613	2.8240748959002957e-8
0.893973915633761	2.8654196088143138e-8
0.8989739156337608	2.9094002691490576e-8
0.9039739156337606	2.9564167241372523e-8
0.9089739156337604	3.006944655735044e-8
0.9139739156337602	3.061550769970295e-8
0.91897391563376	3.120911081272936e-8
0.9239739156337599	3.185832926415429e-8
0.9289739156337596	3.2572814730910306e-8
0.9339739156337594	3.336411645342627e-8
0.9389739156337592	3.424606577512171e-8
0.943973915633759	3.523523936715688e-8
0.9489739156337588	3.6351517290139657e-8
0.9539739156337586	3.7618755360026946e-8
0.9589739156337583	3.906559527995996e-8
0.9639739156337582	4.0726440811421166e-8
0.968973915633758	4.264263405305417e-8
0.9739739156337578	4.486387287316034e-8
0.9789739156337576	4.744991894170678e-8
0.9839739156337574	5.047265591665367e-8
0.9889739156337571	5.4018569501560727e-8
0.9939739156337569	5.8191735718605925e-8
0.9989739156337567	6.311742132579246e-8
1.0039739156337566	6.894642143768489e-8
1.0089739156337563	7.586028478731018e-8
1.0139739156337562	8.407760752891564e-8
1.0189739156337558	9.386161302117358e-8
1.0239739156337557	1.0552927882763311e-7
1.0289739156337556	1.194623246222182e-7
1.0339739156337553	1.3612043744081493e-7
1.0389739156337552	1.5605718571617344e-7
1.0439739156337549	1.7993916304717186e-7
1.0489739156337547	2.0856900934261768e-7
1.0539739156337544	2.4291308392980237e-7
1.0589739156337543	2.8413471599423874e-7
1.0639739156337542	3.33634136406099e-7
1.0689739156337539	3.930964062372821e-7
1.0739739156337538	4.645489063073228e-7
1.0789739156337534	5.504302447191134e-7
1.0839739156337533	6.536727818961829e-7
1.088973915633753	7.778013718850734e-7
1.093973915633753	9.270513816830326e-7
1.0989739156337526	1.1065095841128944e-6
1.1039739156337525	1.3222821308889835e-6
1.1089739156337524	1.5816945065674109e-6
1.113973915633752	1.893529144791318e-6
1.118973915633752	2.268307256480501e-6
1.1239739156337516	2.7186223720039137e-6
1.1289739156337515	3.2595341267029355e-6
1.1339739156337512	3.9090319044271975e-6
1.138973915633751	4.68857907022009e-6
1.143973915633751	5.623749632077822e-6
1.1489739156337506	6.744970219771163e-6
1.1539739156337505	8.088381186833008e-6
1.1589739156337502	9.696831342802802e-6
1.16397391563375	1.162102119977669e-5
1.1689739156337497	1.3920809541044655e-5
1.1739739156337496	1.6666697434060383e-5
1.1789739156337493	1.99415023232145e-5
1.1839739156337492	2.3842232306598542e-5
1.187980436725312	2.7495337352229624e-5
1.1919869578168745	3.1689521441744385e-5
1.1959934789084372	3.649998891000846e-5
1.2	4.201129991507646e-5
