0.0006999999999999628	1.2815966525066525e-7
0.001403500000000035	1.282426284775403e-7
0.0021105174999999296	1.2832609987173695e-7
0.0028210700874998964	1.2841008332580485e-7
0.003535175437937438	1.2849458254750794e-7
0.004252851315127062	1.2857960127328654e-7
0.004974115571702636	1.286651432700502e-7
0.005698986149561044	1.2875121233609072e-7
0.006427481080308875	1.288378123018425e-7
0.007159618485710418	1.2892494703052566e-7
0.007895416578138905	1.2901262041872416e-7
0.008634893661029494	1.2910083639693541e-7
0.00937806812933463	1.2918959893006955e-7
0.010124958469981361	1.2927891201794738e-7
0.010875583262331262	1.2936877969577654e-7
0.01162996117864295	1.2945920603461832e-7
0.012388110984536127	1.2955019514185693e-7
0.013150051539458866	1.2964175116165175e-7
0.013915801797156208	1.297338782754003e-7
0.014685380806142003	1.2982658070220162e-7
0.015458807710172712	1.2991986269930197e-7
0.01623610174872358	1.3001372856257097e-7
0.017017282257467212	1.3010818262695331e-7
0.017802368668754516	1.3020322926694225e-7
0.01859138051209827	1.302988728970514e-7
0.019384337414658823	1.3039511797228516e-7
0.020181259101732015	1.3049196898861984e-7
0.020982165397240727	1.30589430483497e-7
0.02178707622422691	1.306875070362965e-7
0.02259601160534814	1.3078620326884893e-7
0.02340899166337483	1.3088552384592642e-7
0.024226036621691812	1.3098547347575577e-7
0.02504716680480027	1.3108605691053356e-7
0.025872402638824326	1.3118727894693926e-7
0.02670176465201842	1.312891444266694e-7
0.02753527347527842	1.3139165823697347e-7
0.028372949842654864	1.3149482531118302e-7
0.0292148145918682	1.3159865062927503e-7
0.03006088866482743	1.317031392184158e-7
0.03091119310815165	1.31808296153532e-7
0.0317657490736924	1.3191412655787724e-7
0.03262457781906081	1.320206356036104e-7
0.03348770070815601	1.3212782851238864e-7
0.034355139211696875	1.32235710555953e-7
0.035226914907755424	1.32344287056739e-7
0.03610304948229413	1.3245356338848463e-7
0.03698356472970569	1.3256354497685126e-7
0.03786848255335419	1.3267423730005417e-7
0.038757824966120964	1.3278564588950386e-7
0.03965161409095162	1.328977763304422e-7
0.04054987216140643	1.3301063426261327e-7
0.04145262152221345	1.3312422538091915e-7
0.04235988462982453	1.3323855543609467e-7
0.04327168405297366	1.3335363023540856e-7
0.0441880424732386	1.3346945564334222e-7
0.04510898268560485	1.335860375822957e-7
0.046034527599032954	1.3370338203331825e-7
0.04696470023702812	1.3382149503682212e-7
0.04789952373821329	1.3394038269332344e-7
0.048839021356904266	1.3406005116419252e-7
0.04978321646368884	1.3418050667241063e-7
0.05073213254600732	1.3430175550334284e-7
0.05168579320873729	1.344238040055158e-7
0.052644222174780875	1.345466585914243e-7
0.05360744328565471	1.3467032573831843e-7
0.054575480502083065	1.3479481198904118e-7
0.055548357904593434	1.3492012395283857e-7
0.056526099694116344	1.3504626830622385e-7
0.0575087301925869	1.3517325179381755e-7
0.05849627384354973	1.3530108122922861e-7
0.05948875521276744	1.3542976349592376e-7
0.06048619898883127	1.3555930554813413e-7
0.061488629983775384	1.3568971441176224e-7
0.06249607313369419	1.3582099718529978e-7
0.06350855349936275	1.3595316104077826e-7
0.06452609626685958	1.360862132247069e-7
0.06554872674819387	1.3622016105905306e-7
0.06657647038193484	1.363550119422157e-7
0.06760935273384447	1.364907733500257e-7
0.06864739949751365	1.3662745283676862e-7
0.0696906364950013	1.3676505803619612e-7
0.07073908967747639	1.3690359666258394e-7
0.07179278512586384	1.3704307651180058e-7
0.07285174905149322	1.371835054623694e-7
0.0739160077967507	1.37324891476579e-7
0.07498558783573436	1.3746724260158922e-7
0.07606051577491299	1.37610566970569e-7
0.07714081835378758	1.3775487280384043e-7
0.07822652244555647	1.3790016841005446e-7
0.07931765505778425	1.38046462187371e-7
0.0804142433330731	1.3819376262467053e-7
0.08151631454973848	1.3834207830277547e-7
0.08262389612248718	1.3849141789570134e-7
0.0837370156030995	1.3864179017192226e-7
0.0848557006811149	1.387932039956549e-7
0.0859799791845205	1.389456683281674e-7
0.08710987908044313	1.3909919222911654e-7
0.08824542847584534	1.3925378485788981e-7
0.08938665561822454	1.3940945547498427e-7
0.09053358889631567	1.3956621344340406e-7
0.09168625684079722	1.397240682300762e-7
0.09284468812500112	1.3988302940730316e-7
0.09400891156562617	1.4004310665422362e-7
0.0951789561234543	1.4020430975830274e-7
0.09635485090407148	1.4036664861686135e-7
0.09753662515859184	1.4053013323861268e-7
0.0987243082843847	1.4069477374522814e-7
0.09991792982580656	1.4086058037294116e-7
0.10111751947493569	1.4102756347416458e-7
0.10232310707231031	1.4119573351915017e-7
0.1035347226076718	1.4136510109765783e-7
0.10475239622071016	1.4153567692067155e-7
0.10597615820181366	1.4170747182213317e-7
0.10720603899282274	1.418804967607098e-7
0.10844206918778684	1.4205476282160327e-7
0.10968427953372567	1.4223028121836084e-7
0.1109327009313943	1.424070632947472e-7
0.11218736443605135	1.4258512052664635e-7
0.11344830125823162	1.4276446452397348e-7
0.11471554276452282	1.429451070326469e-7
0.11598912047834534	1.4312705993658165e-7
0.11726906608073695	1.4331033525971497e-7
0.11855541141114062	1.4349494516808182e-7
0.11984818846819621	1.4368090197191254e-7
0.12114742941053713	1.4386821812778154e-7
0.12245316655758978	1.4405690624077585e-7
0.1237654323903777	1.4424697906672318e-7
0.12508425955232963	1.4443844951444798e-7
0.12640968085009122	1.4463133064807375e-7
0.1277417292543416	1.4482563568935475e-7
0.1290804379006133	1.4502137802007318e-7
0.13042584009011637	1.4521857118446017e-7
0.1317779692905669	1.4541722889166692e-7
0.13313685913701961	1.4561736501827434e-7
0.13450254343270476	1.4581899361087541e-7
0.13587505614986833	1.4602212888866414e-7
0.13725443143061763	1.4622678524611624e-7
0.13864070358777073	1.4643297725567345e-7
0.14003390710570945	1.4664071967052405e-7
0.14143407664123803	1.468500274273959e-7
0.1428412470244442	1.4706091564942866e-7
0.1442554532595664	1.4727339964909137e-7
0.14567673052586416	1.4748749493114662e-7
0.1471051141784935	1.4770321719568507e-7
0.14854063974938603	1.479205823412082e-7
0.149983342948133	1.4813960646776969e-7
0.15143325966287374	1.483603058801867e-7
0.15289042596118813	1.4858269709129436e-7
0.15435487809099402	1.4880679682528351e-7
0.15582665248144906	1.490326220210834e-7
0.1573057857438562	1.4926018983583628e-7
0.15879231467257537	1.4948951764839487e-7
0.16028627624593816	1.4972062306294895e-7
0.16178770762716785	1.4995352391265975e-7
0.16329664616530362	1.5018823826341175e-7
0.16481312939613008	1.504247844176177e-7
0.1663371950431107	1.506631809181023e-7
0.16786888101832628	1.509034465520651e-7
0.1694082254234178	1.5114560035510768e-7
0.1709552665505349	1.5138966161537324e-7
0.17251004288328747	1.5163564987773283e-7
0.17407259309770393	1.518835849480806e-7
0.17564295606319252	1.5213348689770647e-7
0.17722117084350858	1.523853760677442e-7
0.17880727669772617	1.5263927307374081e-7
0.18040131308121476	1.5289519881028474e-7
0.18200331964662084	1.5315317445575494e-7
0.18361333624485401	1.5341322147715121e-7
0.18523140292607826	1.5367536163502893e-7
0.18685755994070874	1.5393961698853652e-7
0.1884918477404122	1.5420600990055215e-7
0.19013430697911424	1.544745630429366e-7
0.1917849785140098	1.5474529940187952e-7
0.19344390340657974	1.5501824228337696e-7
0.19511112292361268	1.5529341531881006e-7
0.1967866785382308	1.5557084247064416e-7
0.19847061193092203	1.5585054803825244e-7
0.20016296499057665	1.5613255666384899e-7
0.20186377981552947	1.5641689333856894e-7
0.2035730987146071	1.5670358340866629e-7
0.20529096420818022	1.569926525818377e-7
0.20701741902922113	1.572841269337012e-7
0.20875250612436722	1.5757803291439594e-7
0.210496268654989	1.5787439735533494e-7
0.21224874999826396	1.581732474760954e-7
0.21400999374825516	1.5847461089147903e-7
0.21578004371699644	1.5877851561870024e-7
0.21755894393558148	1.5908499008474852e-7
0.2193467386552594	1.5939406313391924e-7
0.22114347234853576	1.5970576403548063e-7
0.22294918971027836	1.6002012249155918e-7
0.2247639356588297	1.6033716864514494e-7
0.2265877553371239	1.606569330883258e-7
0.2284206941138094	1.6097944687067023e-7
0.23026279758437848	1.613047415078243e-7
0.23211411157230027	1.6163284899028446e-7
0.23397468213016168	1.6196380179238108e-7
0.23584455554081238	1.6229763288146005e-7
0.23772377831851643	1.6263437572728378e-7
0.23961239721010893	1.6297406431162793e-7
0.24151045919615952	1.6331673313812822e-7
0.24341801149214037	1.6366241724232705e-7
0.24533510154960114	1.6401115220197267e-7
0.24726177705734917	1.6436297414754992e-7
0.24919808594263576	1.647179197730651e-7
0.251144076372349	1.6507602634706275e-7
0.2530997967542107	1.6543733172393586e-7
0.2550652957379817	1.658018743554708e-7
0.2570406222166717	1.661696933027003e-7
0.2590258253277551	1.665408282479897e-7
0.26102095445439405	1.6691531950748603e-7
0.2630260592266659	1.6729320804379025e-7
0.2650411895227993	1.6767453547898763e-7
0.2670663954704134	1.6805934410797088e-7
0.26910172744776534	1.6844767691209306e-7
0.27114723608500396	1.688395775731585e-7
0.27320297226542917	1.6923509048774934e-7
0.27526898712675635	1.6963426078191693e-7
0.27734533206239	1.7003713432621974e-7
0.2794320587227019	1.7044375775116214e-7
0.2815292190163153	1.708541784629722e-7
0.2836368651113967	1.7126844465983487e-7
0.28575504943695385	1.716866053484914e-7
0.28788382468413853	1.7210871036126302e-7
0.29002324380755934	1.725348103735287e-7
0.29217336002659705	1.729649569216198e-7
0.29433422682673016	1.7339920242120028e-7
0.29650589796086374	1.7383760018609417e-7
0.29868842745066804	1.7428020444762641e-7
0.30088186958792124	1.7472707037443329e-7
0.3030862789358609	1.7517825409282055e-7
0.30530171033054027	1.7563381270763348e-7
0.307528218882193	1.7609380432368397e-7
0.30976585997660405	1.7655828806774185e-7
0.312014689276487	1.77027324111101e-7
0.31427476272286925	1.775009736927662e-7
0.3165461365364837	1.7797929914324323e-7
0.3188288672191662	1.784623639089664e-7
0.32112301155526213	1.789502325774056e-7
0.32342862661303834	1.7944297090283127e-7
0.3257457697461036	1.7994064583278534e-7
0.32807449859483384	1.8044332553530673e-7
0.3304148710878078	1.809510794268488e-7
0.33276694544324686	1.814639782010246e-7
0.33513078017046305	1.8198209385810509e-7
0.33750643407131514	1.8250549973537684e-7
0.3398939662416715	1.830342705383239e-7
0.3422934360728799	1.8356848237269317e-7
0.34470490325324404	1.841082127774766e-7
0.3471284277695101	1.8465354075881132e-7
0.34956406990835764	1.8520454682487239e-7
0.3520118902578995	1.8576131302173708e-7
0.354471949709189	1.8632392297031047e-7
0.3569443094577349	1.8689246190431083e-7
0.3594290310050235	1.8746701670933914e-7
0.3619261761600484	1.8804767596312819e-7
0.3644358070408486	1.8863452997694523e-7
0.36695798607605284	1.8922767083823214e-7
0.36949277600643327	1.898271924545089e-7
0.37204023988646523	1.904331905985759e-7
0.3746004410858973	1.9104576295509237e-7
0.3771734432913268	1.9166500916854452e-7
0.3797593105077832	1.9229103089264902e-7
0.3823581070603219	1.9292393184130788e-7
0.38496989759562367	1.935638178410817e-7
0.3875947470836016	1.942107968852738e-7
0.3902327208190196	1.9486497918972206e-7
0.3928838844231145	1.9552647725029142e-7
0.39554830384522993	1.9619540590218642e-7
0.3982260453644561	1.968718823811002e-7
0.4009171755912785	1.9755602638630665e-7
0.40362176146923495	1.9824796014577999e-7
0.40633987027658097	1.9894780848333908e-7
0.4090715696279639	1.996556988879892e-7
0.4118169274761037	2.0037176158549082e-7
0.4145760121134843	2.0109612961223434e-7
0.4173488921740515	2.0182893889153144e-7
0.4201356366349219	2.0257032831243143e-7
0.42293631481809635	2.0332043981109583e-7
0.4257509963921868	2.0407941845488842e-7
0.42857975137414767	2.048474125292807e-7
0.43142265013101855	2.0562457362766108e-7
0.43427976338167373	2.0641105674416765e-7
0.43715116219858224	2.0720702036966718e-7
0.44003691800957523	2.0801262659102843e-7
0.44293710259962304	2.0882804119376579e-7
0.4458517881126211	2.0965343376826022e-7
0.44878104705318417	2.1048897781964842e-7
0.45172495228844983	2.113348508815419e-7
0.45468357704989204	2.1219123463374505e-7
0.4576569949351413	2.1305831502414468e-7
0.46064527990981685	2.1393628239490273e-7
0.4636485063093658	2.1482533161318761e-7
0.4666667488409128	2.1572566220658337e-7
0.4697000825851173	2.16637478503425e-7
0.4727485829980427	2.1756098977820822e-7
0.47581232591303285	2.184964104023592e-7
0.478891387542598	2.1944396000052985e-7
0.48198584448031084	2.2040386361271955e-7
0.4850957737027124	2.2137635186241926e-7
0.48822125257122595	2.2236166113109161e-7
0.49136235883408197	2.2336003373923135e-7
0.4945191706282523	2.2437171813431007e-7
0.4976917664813935	2.2539696908593786e-7
0.5008802253138004	2.2643604788851209e-7
0.5040846264403696	2.2748922257174869e-7
0.5073050495725715	2.2855676811941622e-7
0.5105415748204343	2.2963896669667432e-7
0.5137942826945365	2.3073610788640428e-7
0.517063254108009	2.3184848893492675e-7
0.5203485703785492	2.329764150076126e-7
0.5236503132304419	2.341201994547647e-7
0.5269685647965939	2.3528016408832998e-7
0.5303034076205766	2.36456639469919e-7
0.5336549246586795	2.3764996521070958e-7
0.5370231992819728	2.3886049028376005e-7
0.5404083152783826	2.4008857334939515e-7
0.5438103568547747	2.4133458309427424e-7
0.5472294086390483	2.425988985848078e-7
0.5506655556822436	2.438819096356919e-7
0.5541188834606549	2.451840171942295e-7
0.5575894778779582	2.465056337413311e-7
0.5610774252673477	2.4784718371000407e-7
0.5645828123936844	2.492091039221634e-7
0.5681057264556525	2.505918440448703e-7
0.5716462550879309	2.5199586706681806e-7
0.5752044863633705	2.5342164979628366e-7
0.5787805087951873	2.548696833815703e-7
0.5823744113391631	2.563404738552527e-7
0.5859862833958588	2.5783454270333093e-7
0.5896162148128381	2.5935242746083994e-7
0.5932642958869024	2.608946823351901e-7
0.5969306173663369	2.6246187885887263e-7
0.6006152704531684	2.6405460657308705e-7
0.6043183468054344	2.656734737440158e-7
0.6080399385394615	2.673191081136585e-7
0.6117801382321587	2.6899215768709716e-7
0.6155390389233192	2.7069329155828346e-7
0.6193167341179359	2.7242320077662817e-7
0.6231133177885255	2.7418259925669655e-7
0.6269288843774683	2.759722247335569e-7
0.6307635287993556	2.7779283976649417e-7
0.6346173464433522	2.796452327939417e-7
0.6384904331755688	2.8153021924269633e-7
0.6423828853414466	2.834486426947687e-7
0.6462947997681537	2.854013761152921e-7
0.6502262737669944	2.8738932314534806e-7
0.6541774051358293	2.894134194636609e-7
0.6581482921615082	2.914746342215514e-7
0.6621390336223156	2.935739715557478e-7
0.6661497287904271	2.9571247218399764e-7
0.6701804774343789	2.9789121508891854e-7
0.6742313798215507	3.001113192957008e-7
0.6783025367206585	3.0237394574990277e-7
0.682394049404262	3.0468029930202725e-7
0.6865060196512833	3.0703163080585153e-7
0.6906385497495399	3.094292393384211e-7
0.6947917424982876	3.1187447454986486e-7
0.6989657012107791	3.143687391520556e-7
0.7031605297168331	3.1691349155576903e-7
0.7073763323654171	3.195102486668737e-7
0.7116132140272443	3.221605888527676e-7
0.7158712800973803	3.248661550914171e-7
0.7201506364978669	3.2762865831630363e-7
0.724451389680356	3.304498809716441e-7
0.7287736466287575	3.3333168079360384e-7
0.7331175148619014	3.362759948346329e-7
0.737483102436211	3.392848437493385e-7
0.7418705179483918	3.423603363623424e-7
0.7462798705381338	3.4550467454008555e-7
0.7507112698908246	3.4872015839084705e-7
0.7551648262402787	3.5200919181938904e-7
0.7596406503714802	3.5537428846538005e-7
0.7641388536233378	3.5881807805727525e-7
0.7686595478914543	3.6234331321696977e-7
0.7732028456309116	3.659528767537521e-7
0.777768859859066	3.6964978949037295e-7
0.7823577041583611	3.734372186684401e-7
0.7869694926791531	3.773184869856644e-7
0.7916043401425489	3.8129708232325473e-7
0.7962623618432616	3.853766682285032e-7
0.8009436736524779	3.895610952251725e-7
0.8056483920207402	3.938544130331556e-7
0.8103766339808439	3.9826088378893305e-7
0.8151285171507483	4.0278499636995517e-7
0.8199041597365018	4.0743148193976015e-7
0.8247036805351844	4.1220533084615686e-7
0.8295271989378604	4.1711181102332915e-7
0.8343748349325497	4.2215648807036094e-7
0.8392467091072124	4.2734524720381263e-7
0.8441429426527486	4.326843173123079e-7
0.8490636573660123	4.3818029737641317e-7
0.8540089756528424	4.438401855597769e-7
0.8589790205311068	4.496714113279633e-7
0.8639739156337622	4.556818710124908e-7
0.868973915633762	4.618551154768385e-7
0.8739739156337618	4.6819139021818703e-7
0.8789739156337616	4.74697367420487e-7
0.8839739156337615	4.813801110779657e-7
0.8889739156337613	4.882471102197757e-7
0.893973915633761	4.95306316134626e-7
0.8989739156337608	5.025661842539922e-7
0.9039739156337606	5.100357214448357e-7
0.9089739156337604	5.177245396008123e-7
0.9139739156337602	5.25642916586796e-7
0.91897391563376	5.338018657895491e-7
0.9239739156337599	5.422132157647539e-7
0.9289739156337596	5.508897017549233e-7
0.9339739156337594	5.598450711937264e-7
0.9389739156337592	5.690942057213746e-7
0.943973915633759	5.786532627262059e-7
0.9489739156337588	5.885398400171635e-7
0.9539739156337586	5.987731679393117e-7
0.9589739156337583	6.093743340943102e-7
0.9639739156337582	6.203665468490869e-7
0.968973915633758	6.317754450434847e-7
0.9739739156337578	6.436294627822524e-7
0.9789739156337576	6.559602599704806e-7
0.9839739156337574	6.688032313838367e-7
0.9889739156337571	6.821981096280593e-7
0.9939739156337569	6.961896804254784e-7
0.9989739156337567	7.108286323730644e-7
1.0039739156337566	7.26172567774044e-7
1.0089739156337563	7.422872065059248e-7
1.0139739156337562	7.592478213332174e-7
1.0189739156337558	7.771409508227931e-7
1.0239739156337557	7.960664453379956e-7
1.0289739156337556	8.161399127882133e-7
1.0339739156337553	8.374956442743808e-7
1.0389739156337552	8.602901159519948e-7
1.0439739156337549	8.847061828763271e-7
1.0489739156337547	9.109581039547986e-7
1.0539739156337544	9.392975651911919e-7
1.0589739156337543	9.700209021045792e-7
1.0639739156337542	1.0034777626682825e-6
1.0689739156337539	1.0400815006847597e-6
1.0739739156337538	1.0803216478069447e-6
1.0789739156337534	1.1247788823606428e-6
1.0839739156337533	1.1741429970305081e-6
1.088973915633753	1.229234468102706e-6
1.093973915633753	1.2910303496235523e-6
1.0989739156337526	1.3606953604899483e-6
1.1039739156337525	1.4396192058762726e-6
1.1089739156337524	1.5294613821993471e-6
1.113973915633752	1.6322049638287115e-6
1.118973915633752	1.7502211681214693e-6
1.1239739156337516	1.886346852887678e-6
1.1289739156337515	2.043977528839945e-6
1.1339739156337512	2.227178983103095e-6
1.138973915633751	2.4408212255148857e-6
1.143973915633751	2.6907392078153153e-6
1.1489739156337506	2.9839256517550637e-6
1.1539739156337505	3.328762385678428e-6
1.1589739156337502	3.7352978664865308e-6
1.16397391563375	4.215580098642354e-6
1.1689739156337497	4.7840560060933044e-6
1.1739739156337496	5.458050528095383e-6
1.1789739156337493	6.258341366879665e-6
1.1839739156337492	7.209848493147747e-6
1.187980436725312	8.101360555091818e-6
1.1919869578168745	9.127149154293145e-6
1.1959934789084372	1.0308124572680705e-5
1.2	1.1668496618713088e-5
