0.0006999999999999628	4.285829280161014e-9
0.001403500000000035	4.28858776358551e-9
0.0021105174999999296	4.291363092831682e-9
0.0028210700874998964	4.29415533557941e-9
0.003535175437937438	4.296964610249884e-9
0.004252851315127062	4.299791037084575e-9
0.004974115571702636	4.30263473740946e-9
0.005698986149561044	4.305495833626306e-9
0.006427481080308875	4.308374449218041e-9
0.007159618485710418	4.311270708756084e-9
0.007895416578138905	4.314184737908724e-9
0.008634893661029494	4.31711666345067e-9
0.00937806812933463	4.3200666132727835e-9
0.010124958469981361	4.323034716392645e-9
0.010875583262331262	4.326021102965398e-9
0.01162996117864295	4.3290259042949494e-9
0.012388110984536127	4.332049252845508e-9
0.013150051539458866	4.335091282253354e-9
0.013915801797156208	4.338152127338945e-9
0.014685380806142003	4.3412319241191855e-9
0.015458807710172712	4.344330809820033e-9
0.01623610174872358	4.3474489228891935e-9
0.017017282257467212	4.350586403009146e-9
0.017802368668754516	4.353743391110295e-9
0.01859138051209827	4.356920029384489e-9
0.019384337414658823	4.3601164612984556e-9
0.020181259101732015	4.363332831607831e-9
0.020982165397240727	4.366569286371046e-9
0.02178707622422691	4.369825972963564e-9
0.02259601160534814	4.373103040092413e-9
0.02340899166337483	4.3764006378107965e-9
0.024226036621691812	4.379718917532943e-9
0.02504716680480027	4.383058032049201e-9
0.025872402638824326	4.38641813554126e-9
0.02670176465201842	4.389799383597766e-9
0.02753527347527842	4.393201933229985e-9
0.028372949842654864	4.396625942887758e-9
0.0292148145918682	4.400071572475607e-9
0.03006088866482743	4.403538983369187e-9
0.03091119310815165	4.407028338431939e-9
0.0317657490736924	4.410539802031827e-9
0.03262457781906081	4.414073540058585e-9
0.03348770070815601	4.417629719940849e-9
0.034355139211696875	4.4212085106639014e-9
0.035226914907755424	4.4248100827873705e-9
0.03610304948229413	4.428434608463323e-9
0.03698356472970569	4.432082261454584e-9
0.03786848255335419	4.435753217153327e-9
0.038757824966120964	4.439447652599877e-9
0.03965161409095162	4.443165746501751e-9
0.04054987216140643	4.446907679253165e-9
0.04145262152221345	4.450673632954535e-9
0.04235988462982453	4.4544637914324416e-9
0.04327168405297366	4.458278340259814e-9
0.0441880424732386	4.46211746677641e-9
0.04510898268560485	4.465981360109624e-9
0.046034527599032954	4.46987021119548e-9
0.04696470023702812	4.473784212800079e-9
0.04789952373821329	4.477723559541136e-9
0.048839021356904266	4.481688447910127e-9
0.04978321646368884	4.485679076294485e-9
0.05073213254600732	4.489695645000183e-9
0.05168579320873729	4.4937383562747784e-9
0.052644222174780875	4.497807414330591e-9
0.05360744328565471	4.501903025368319e-9
0.054575480502083065	4.506025397601064e-9
0.055548357904593434	4.510174741278443e-9
0.056526099694116344	4.5143512687114725e-9
0.0575087301925869	4.518555194297458e-9
0.05849627384354973	4.522786734545223e-9
0.05948875521276744	4.527046108101185e-9
0.06048619898883127	4.531333535775095e-9
0.061488629983775384	4.535649240566879e-9
0.06249607313369419	4.539993447693287e-9
0.06350855349936275	4.544366384615294e-9
0.06452609626685958	4.548768281065775e-9
0.06554872674819387	4.553199369077599e-9
0.06657647038193484	4.557659883012208e-9
0.06760935273384447	4.562150059588472e-9
0.06864739949751365	4.566670137912179e-9
0.0696906364950013	4.571220359505711e-9
0.07073908967747639	4.575800968338472e-9
0.07179278512586384	4.580412210857519e-9
0.07285174905149322	4.585054336018783e-9
0.0739160077967507	4.589727595318668e-9
0.07498558783573436	4.594432242826303e-9
0.07606051577491299	4.599168535216104e-9
0.07714081835378758	4.6039367318008775e-9
0.07822652244555647	4.608737094565447e-9
0.07931765505778425	4.613569888200913e-9
0.0804142433330731	4.6184353801391646e-9
0.08151631454973848	4.623333840588282e-9
0.08262389612248718	4.628265542567982e-9
0.0837370156030995	4.633230761946245e-9
0.0848557006811149	4.638229777475941e-9
0.0859799791845205	4.643262870832465e-9
0.08710987908044313	4.648330326651525e-9
0.08824542847584534	4.653432432567951e-9
0.08938665561822454	4.658569479254803e-9
0.09053358889631567	4.6637417604632425e-9
0.09168625684079722	4.668949573063056e-9
0.09284468812500112	4.674193217083599e-9
0.09400891156562617	4.679472995755666e-9
0.0951789561234543	4.684789215553889e-9
0.09635485090407148	4.6901421862397736e-9
0.09753662515859184	4.6955322209055334e-9
0.0987243082843847	4.700959636018503e-9
0.09991792982580656	4.706424751466433e-9
0.10111751947493569	4.711927890603168e-9
0.10232310707231031	4.717469380295593e-9
0.1035347226076718	4.723049550970833e-9
0.10475239622071016	4.728668736664494e-9
0.10597615820181366	4.73432727506964e-9
0.10720603899282274	4.740025507586497e-9
0.10844206918778684	4.745763779373042e-9
0.10968427953372567	4.751542439396401e-9
0.1109327009313943	4.7573618404850775e-9
0.11218736443605135	4.7632223393820565e-9
0.11344830125823162	4.769124296798776e-9
0.11471554276452282	4.775068077469945e-9
0.11598912047834534	4.781054050209422e-9
0.11726906608073695	4.78708258796678e-9
0.11855541141114062	4.793154067885143e-9
0.11984818846819621	4.7992688713595795e-9
0.12114742941053713	4.805427384096881e-9
0.12245316655758978	4.811629996176036e-9
0.1237654323903777	4.817877102109938e-9
0.12508425955232963	4.82416910090803e-9
0.12640968085009122	4.830506396139989e-9
0.1277417292543416	4.836889396000615e-9
0.1290804379006133	4.843318513375608e-9
0.13042584009011637	4.849794165908817e-9
0.1317779692905669	4.856316776070207e-9
0.13313685913701961	4.862886771225418e-9
0.13450254343270476	4.8695045837061764e-9
0.13587505614986833	4.876170650882206e-9
0.13725443143061763	4.882885415234194e-9
0.13864070358777073	4.889649324428008e-9
0.14003390710570945	4.896462831390469e-9
0.14143407664123803	4.903326394386097e-9
0.1428412470244442	4.910240477095482e-9
0.1442554532595664	4.917205548694911e-9
0.14567673052586416	4.924222083937379e-9
0.1471051141784935	4.9312905632350896e-9
0.14854063974938603	4.938411472743437e-9
0.149983342948133	4.9455853044463e-9
0.15143325966287374	4.9528125562432825e-9
0.15289042596118813	4.96009373203798e-9
0.15435487809099402	4.9674293418282e-9
0.15582665248144906	4.974819901797656e-9
0.1573057857438562	4.9822659344094925e-9
0.15879231467257537	4.9897679685011145e-9
0.16028627624593816	4.997326539381274e-9
0.16178770762716785	5.004942188928432e-9
0.16329664616530362	5.012615465691303e-9
0.16481312939613008	5.020346924990987e-9
0.1663371950431107	5.028137129025021e-9
0.16786888101832628	5.0359866469734804e-9
0.1694082254234178	5.043896055106972e-9
0.1709552665505349	5.05186593689655e-9
0.17251004288328747	5.059896883125781e-9
0.17407259309770393	5.067989492004874e-9
0.17564295606319252	5.076144369286936e-9
0.17722117084350858	5.084362128386361e-9
0.17880727669772617	5.09264339049967e-9
0.18040131308121476	5.1009887847282435e-9
0.18200331964662084	5.109398948203824e-9
0.18361333624485401	5.1178745262160325e-9
0.18523140292607826	5.126416172342545e-9
0.18685755994070874	5.135024548581689e-9
0.1884918477404122	5.143700325487634e-9
0.19013430697911424	5.152444182308067e-9
0.1917849785140098	5.161256807124577e-9
0.19344390340657974	5.170138896995954e-9
0.19511112292361268	5.179091158103918e-9
0.1967866785382308	5.188114305901975e-9
0.19847061193092203	5.197209065267137e-9
0.20016296499057665	5.206376170654444e-9
0.20186377981552947	5.215616366254826e-9
0.2035730987146071	5.2249304061557414e-9
0.20529096420818022	5.234319054505426e-9
0.20701741902922113	5.243783085679882e-9
0.20875250612436722	5.253323284453743e-9
0.210496268654989	5.262940446174137e-9
0.21224874999826396	5.272635376938222e-9
0.21400999374825516	5.282408893774411e-9
0.21578004371699644	5.292261824826992e-9
0.21755894393558148	5.30219500954476e-9
0.2193467386552594	5.312209298873266e-9
0.22114347234853576	5.322305555451201e-9
0.22294918971027836	5.332484653810636e-9
0.2247639356588297	5.3427474805814024e-9
0.2265877553371239	5.353094934699995e-9
0.2284206941138094	5.363527927622182e-9
0.23026279758437848	5.374047383540676e-9
0.23211411157230027	5.384654239606976e-9
0.23397468213016168	5.395349446157892e-9
0.23584455554081238	5.4061339669469995e-9
0.23772377831851643	5.417008779380729e-9
0.23961239721010893	5.42797487475964e-9
0.24151045919615952	5.439033258524779e-9
0.24341801149214037	5.450184950509149e-9
0.24533510154960114	5.461430985194755e-9
0.24726177705734917	5.472772411975003e-9
0.24919808594263576	5.484210295422842e-9
0.251144076372349	5.495745715564772e-9
0.2530997967542107	5.507379768160437e-9
0.2550652957379817	5.5191135649888124e-9
0.2570406222166717	5.5309482341401874e-9
0.2590258253277551	5.54288492031499e-9
0.26102095445439405	5.554924785128666e-9
0.2630260592266659	5.567069007423767e-9
0.2650411895227993	5.579318783588714e-9
0.2670663954704134	5.591675327883633e-9
0.26910172744776534	5.604139872773686e-9
0.27114723608500396	5.616713669269464e-9
0.27320297226542917	5.629397987275633e-9
0.27526898712675635	5.642194115946738e-9
0.27734533206239	5.655103364051884e-9
0.2794320587227019	5.668127060346886e-9
0.2815292190163153	5.681266553955505e-9
0.2836368651113967	5.694523214759295e-9
0.28575504943695385	5.707898433796322e-9
0.28788382468413853	5.7213936236689876e-9
0.29002324380755934	5.735010218961882e-9
0.29217336002659705	5.748749676668425e-9
0.29433422682673016	5.76261347662859e-9
0.29650589796086374	5.7766031219758325e-9
0.29868842745066804	5.790720139595447e-9
0.30088186958792124	5.804966080593211e-9
0.3030862789358609	5.819342520775358e-9
0.30530171033054027	5.833851061140014e-9
0.307528218882193	5.848493328380458e-9
0.30976585997660405	5.863270975400199e-9
0.312014689276487	5.878185681840939e-9
0.31427476272286925	5.893239154622963e-9
0.3165461365364837	5.9084331284989486e-9
0.3188288672191662	5.923769366621127e-9
0.32112301155526213	5.93924966112239e-9
0.32342862661303834	5.954875833711994e-9
0.3257457697461036	5.9706497362857104e-9
0.32807449859483384	5.986573251551144e-9
0.3304148710878078	6.0026482936689875e-9
0.33276694544324686	6.018876808910043e-9
0.33513078017046305	6.035260776328913e-9
0.33750643407131514	6.051802208454824e-9
0.3398939662416715	6.068503151999843e-9
0.3422934360728799	6.0853656885853595e-9
0.34470490325324404	6.102391935486926e-9
0.3471284277695101	6.11958404639871e-9
0.34956406990835764	6.136944212217228e-9
0.3520118902578995	6.154474661845724e-9
0.354471949709189	6.1721776630198e-9
0.3569443094577349	6.190055523153973e-9
0.3594290310050235	6.208110590211232e-9
0.3619261761600484	6.2263452535954016e-9
0.3644358070408486	6.244761945067052e-9
0.36695798607605284	6.263363139684039e-9
0.36949277600643327	6.282151356767335e-9
0.37204023988646523	6.3011291608927886e-9
0.3746004410858973	6.3202991629098086e-9
0.3771734432913268	6.339664020987855e-9
0.3797593105077832	6.359226441691425e-9
0.3823581070603219	6.378989181084648e-9
0.38496989759562367	6.398955045866423e-9
0.3875947470836016	6.419126894537141e-9
0.3902327208190196	6.439507638597852e-9
0.3928838844231145	6.460100243783048e-9
0.39554830384522993	6.480907731328115e-9
0.3982260453644561	6.50193317927317e-9
0.4009171755912785	6.523179723803216e-9
0.40362176146923495	6.544650560627369e-9
0.40633987027658097	6.566348946397395e-9
0.4090715696279639	6.58827820016727e-9
0.4118169274761037	6.610441704895309e-9
0.4145760121134843	6.6328429089901315e-9
0.4173488921740515	6.65548532790202e-9
0.4201356366349219	6.678372545761184e-9
0.42293631481809635	6.701508217064986e-9
0.4257509963921868	6.72489606841517e-9
0.42857975137414767	6.748539900307496e-9
0.43142265013101855	6.772443588975356e-9
0.43427976338167373	6.796611088289253e-9
0.43715116219858224	6.821046431714484e-9
0.44003691800957523	6.845753734328825e-9
0.44293710259962304	6.870737194902294e-9
0.4458517881126211	6.896001098042241e-9
0.44878104705318417	6.92154981640453e-9
0.45172495228844983	6.947387812974953e-9
0.45468357704989204	6.973519643422498e-9
0.4576569949351413	6.999949958527471e-9
0.46064527990981685	7.026683506687468e-9
0.4636485063093658	7.05372513650411e-9
0.4666667488409128	7.081079799453333e-9
0.4697000825851173	7.108752552643123e-9
0.4727485829980427	7.13674856166163e-9
0.47581232591303285	7.165073103519454e-9
0.478891387542598	7.193731569689678e-9
0.48198584448031084	7.222729469249947e-9
0.4850957737027124	7.252072432130297e-9
0.48822125257122595	7.2817662124712675e-9
0.49136235883408197	7.31181669209701e-9
0.4945191706282523	7.342229884107628e-9
0.4976917664813935	7.3730119365965645e-9
0.5008802253138004	7.404169136497488e-9
0.5040846264403696	7.435707913566867e-9
0.5073050495725715	7.467634844507719e-9
0.5105415748204343	7.499956657240786e-9
0.5137942826945365	7.532680235329825e-9
0.517063254108009	7.56581262256738e-9
0.5203485703785492	7.599361027728954e-9
0.5236503132304419	7.633332829502895e-9
0.5269685647965939	7.66773558160369e-9
0.5303034076205766	7.702577018078196e-9
0.5336549246586795	7.73786505881328e-9
0.5370231992819728	7.773607815254309e-9
0.5404083152783826	7.809813596345953e-9
0.5438103568547747	7.84649091470475e-9
0.5472294086390483	7.883648493036254e-9
0.5506655556822436	7.921295270808831e-9
0.5541188834606549	7.959440411197483e-9
0.5575894778779582	7.998093308312012e-9
0.5610774252673477	8.037263594724997e-9
0.5645828123936844	8.076961149316005e-9
0.5681057264556525	8.117196105450191e-9
0.5716462550879309	8.15797885950977e-9
0.5752044863633705	8.199320079800202e-9
0.5787805087951873	8.241230715853024e-9
0.5823744113391631	8.283722008150191e-9
0.5859862833958588	8.326805498297025e-9
0.5896162148128381	8.370493039672474e-9
0.5932642958869024	8.41479680858998e-9
0.5969306173663369	8.459729316003459e-9
0.6006152704531684	8.505303419798179e-9
0.6043183468054344	8.551532337709749e-9
0.6080399385394615	8.598429660919422e-9
0.6117801382321587	8.646009368379436e-9
0.6155390389233192	8.694285841928442e-9
0.6193167341179359	8.743273882264603e-9
0.6231133177885255	8.792988725851716e-9
0.6269288843774683	8.843446062844921e-9
0.6307635287993556	8.894662056131996e-9
0.6346173464433522	8.946653361601736e-9
0.6384904331755688	8.999437149764715e-9
0.6423828853414466	9.053031128870526e-9
0.6462947997681537	9.107453569687413e-9
0.6502262737669944	9.16272333213464e-9
0.6541774051358293	9.218859893987035e-9
0.6581482921615082	9.275883381907977e-9
0.6621390336223156	9.333814605105018e-9
0.6661497287904271	9.392675091954776e-9
0.6701804774343789	9.452487129998007e-9
0.6742313798215507	9.513273809777368e-9
0.6783025367206585	9.575059073069665e-9
0.682394049404262	9.63786776616361e-9
0.6865060196512833	9.701725698948286e-9
0.6906385497495399	9.766659710718604e-9
0.6947917424982876	9.832697743767285e-9
0.6989657012107791	9.89986892603336e-9
0.7031605297168331	9.968203664315325e-9
0.7073763323654171	1.0037733749842962e-8
0.7116132140272443	1.0108492478345717e-8
0.7158712800973803	1.0180514787170582e-8
0.7201506364978669	1.0253837412500644e-8
0.724451389680356	1.0328499070328236e-8
0.7287736466287575	1.0404540665562767e-8
0.7331175148619014	1.0482005534533251e-8
0.737483102436211	1.056093972720861e-8
0.7418705179483918	1.0641392336746787e-8
0.7462798705381338	1.0723415885547791e-8
0.7507112698908246	1.08070667788793e-8
0.7551648262402787	1.0892405839450858e-8
0.7596406503714802	1.0979498939112301e-8
0.7641388536233378	1.1068417747265032e-8
0.7686595478914543	1.1159240619730668e-8
0.7732028456309116	1.1252053656891765e-8
0.777768859859066	1.1346951966109451e-8
0.7823577041583611	1.1444041170985735e-8
0.7869694926791531	1.1543439219289685e-8
0.7916043401425489	1.1645278552692641e-8
0.7962623618432616	1.1749708715337173e-8
0.8009436736524779	1.185689949528586e-8
0.8056483920207402	1.1967044713795791e-8
0.8103766339808439	1.2080366803045064e-8
0.8151285171507483	1.2197122344521098e-8
0.8199041597365018	1.231760877916568e-8
0.8247036805351844	1.2442172548282993e-8
0.8295271989378604	1.2571218983308538e-8
0.8343748349325497	1.2705224335485743e-8
0.8392467091072124	1.2844750426630737e-8
0.8441429426527486	1.2990462513641111e-8
0.8490636573660123	1.3143151097398604e-8
0.8540089756528424	1.3303758577695583e-8
0.8589790205311068	1.3473411867862751e-8
0.8639739156337622	1.3653462345996814e-8
0.868973915633762	1.3844750310607616e-8
0.8739739156337618	1.4048847921452188e-8
0.8789739156337616	1.4267843355026933e-8
0.8839739156337615	1.4504228944804793e-8
0.8889739156337613	1.4760981671213383e-8
0.893973915633761	1.5041659787434952e-8
0.8989739156337608	1.535051882262185e-8
0.9039739156337606	1.5692650855491605e-8
0.9089739156337604	1.6074151733713413e-8
0.9139739156337602	1.650232185414419e-8
0.91897391563376	1.6985907247364273e-8
0.9239739156337599	1.7535389064940685e-8
0.9289739156337596	1.8163331194839956e-8
0.9339739156337594	1.88847976839076e-8
0.9389739156337592	1.9717853991705487e-8
0.943973915633759	2.068416891564769e-8
0.9489739156337588	2.180973740733433e-8
0.9539739156337586	2.3125748556945376e-8
0.9589739156337583	2.4669627891674663e-8
0.9639739156337582	2.6486288977324504e-8
0.968973915633758	2.8629636323345463e-8
0.9739739156337578	3.1164370003069805e-8
0.9789739156337576	3.416815249077793e-8
0.9839739156337574	3.773421031837432e-8
0.9889739156337571	4.197445766499277e-8
0.9939739156337569	4.702324638889584e-8
0.9989739156337567	5.3041867861486373e-8
1.0039739156337566	6.022395694775158e-8
1.0089739156337563	6.880197840714266e-8
1.0139739156337562	7.905501183142172e-8
1.0189739156337558	9.131809414469503e-8
1.0239739156337557	1.0599343003920906e-7
1.0289739156337556	1.2356384214271395e-7
1.0339739156337553	1.4460890615128487e-7
1.0389739156337552	1.6982430392133615e-7
1.0439739156337549	2.0004503232843062e-7
1.0489739156337547	2.3627323080430397e-7
1.0539739156337544	2.797115396786813e-7
1.0589739156337543	3.3180307928719334e-7
1.0639739156337542	3.942793515640574e-7
1.0689739156337539	4.6921761774207503e-7
1.0739739156337538	5.591096051139206e-7
1.0789739156337534	6.669437510557863e-7
1.0839739156337533	7.963036135326175e-7
1.088973915633753	9.514855754723038e-7
1.093973915633753	1.1376395587882133e-6
1.0989739156337526	1.3609371573358047e-6
1.1039739156337525	1.6287724135386335e-6
1.1089739156337524	1.950001419600928e-6
1.113973915633752	2.335228041821186e-6
1.118973915633752	2.7971443678736437e-6
1.1239739156337516	3.3509359855371667e-6
1.1289739156337515	4.0147639410852476e-6
1.1339739156337512	4.810337219261576e-6
1.138973915633751	5.763591854413228e-6
1.143973915633751	6.905495338067476e-6
1.1489739156337506	8.272997836511907e-6
1.1539739156337505	9.910154862280016e-6
1.1589739156337502	1.1869449423627397e-5
1.16397391563375	1.4213345243631177e-5
1.1689739156337497	1.7016106292589443e-5
1.1739739156337496	2.036592145939086e-5
1.1789739156337493	2.4367376481230772e-5
1.1839739156337492	2.914431796414413e-5
1.187980436725312	3.362957581063526e-5
1.1919869578168745	3.8793628701583144e-5
1.1959934789084372	4.4736072909418344e-5
1.2	5.1570331762522215e-5
