0.0006999999999999628	2.013305755477286e-9
0.001403500000000035	2.015298129758785e-9
0.0021105174999999296	2.017303346706937e-9
0.0028210700874998964	2.0193214903498873e-9
0.003535175437937438	2.021352665127253e-9
0.004252851315127062	2.02339697626734e-9
0.004974115571702636	2.0254545297052623e-9
0.005698986149561044	2.027525432168322e-9
0.006427481080308875	2.0296097912367447e-9
0.007159618485710418	2.0317077153899272e-9
0.007895416578138905	2.0338193140439247e-9
0.008634893661029494	2.03594469758355e-9
0.00937806812933463	2.0380839773908387e-9
0.010124958469981361	2.0402372658709216e-9
0.010875583262331262	2.0424046764760535e-9
0.01162996117864295	2.044586323728218e-9
0.012388110984536127	2.0467823232407045e-9
0.013150051539458866	2.0489927917388104e-9
0.013915801797156208	2.051217847079918e-9
0.014685380806142003	2.0534576082731103e-9
0.015458807710172712	2.0557121954983363e-9
0.01623610174872358	2.057981730125342e-9
0.017017282257467212	2.060266334732381e-9
0.017802368668754516	2.0625661331247415e-9
0.01859138051209827	2.0648812503532727e-9
0.019384337414658823	2.067211812732824e-9
0.020181259101732015	2.0695579478606187e-9
0.020982165397240727	2.0719197846348364e-9
0.02178707622422691	2.0742974532731117e-9
0.02259601160534814	2.0766910853311853e-9
0.02340899166337483	2.0791008137217305e-9
0.024226036621691812	2.081526772733271e-9
0.02504716680480027	2.0839690980492417e-9
0.025872402638824326	2.08642792676736e-9
0.02670176465201842	2.088903397419012e-9
0.02753527347527842	2.091395649989097e-9
0.028372949842654864	2.0939048259358e-9
0.0292148145918682	2.0964310682109237e-9
0.03006088866482743	2.098974521280268e-9
0.03091119310815165	2.1015353311443757e-9
0.0317657490736924	2.1041136453595325e-9
0.03262457781906081	2.1067096130590245e-9
0.03348770070815601	2.1093233849747412e-9
0.034355139211696875	2.1119551134590838e-9
0.035226914907755424	2.1146049525072283e-9
0.03610304948229413	2.117273057779627e-9
0.03698356472970569	2.1199595866249073e-9
0.03786848255335419	2.1226646981031595e-9
0.038757824966120964	2.125388553009498e-9
0.03965161409095162	2.128131313898021e-9
0.04054987216140643	2.1308931451062023e-9
0.04145262152221345	2.133674212779567e-9
0.04235988462982453	2.136474684896809e-9
0.04327168405297366	2.1392947312953336e-9
0.0441880424732386	2.1421345236971712e-9
0.04510898268560485	2.1449942357353532e-9
0.046034527599032954	2.147874042980612e-9
0.04696470023702812	2.1507741229686645e-9
0.04789952373821329	2.1536946552278428e-9
0.048839021356904266	2.156635821307188e-9
0.04978321646368884	2.1595978048050206e-9
0.05073213254600732	2.1625807913980392e-9
0.05168579320873729	2.1655849688708053e-9
0.052644222174780875	2.1686105271457526e-9
0.05360744328565471	2.171657658313764e-9
0.054575480502083065	2.1747265566651932e-9
0.055548357904593434	2.1778174187214107e-9
0.056526099694116344	2.180930443266935e-9
0.0575087301925869	2.184065831382027e-9
0.05849627384354973	2.1872237864759467e-9
0.05948875521276744	2.1904045143206785e-9
0.06048619898883127	2.1936082230853483e-9
0.061488629983775384	2.196835123371047e-9
0.06249607313369419	2.200085428246505e-9
0.06350855349936275	2.203359353284125e-9
0.06452609626685958	2.20665711659686e-9
0.06554872674819387	2.2099789388755663e-9
0.06657647038193484	2.213325043427135e-9
0.06760935273384447	2.2166956562131983e-9
0.06864739949751365	2.2200910058896242e-9
0.0696906364950013	2.2235113238465458e-9
0.07073908967747639	2.2269568442492486e-9
0.07179278512586384	2.230427804079693e-9
0.07285174905149322	2.233924443178839e-9
0.0739160077967507	2.237447004289652e-9
0.07498558783573436	2.2409957331009717e-9
0.07606051577491299	2.2445708782920764e-9
0.07714081835378758	2.2481726915780347e-9
0.07822652244555647	2.251801427756058e-9
0.07931765505778425	2.2554573447524625e-9
0.0804142433330731	2.259140703670606e-9
0.08151631454973848	2.262851768839651e-9
0.08262389612248718	2.2665908078643336e-9
0.0837370156030995	2.2703580916754055e-9
0.0848557006811149	2.2741538945812536e-9
0.0859799791845205	2.277978494320342e-9
0.08710987908044313	2.2818321721146026e-9
0.08824542847584534	2.2857152127239275e-9
0.08938665561822454	2.2896279045015436e-9
0.09053358889631567	2.29357053945052e-9
0.09168625684079722	2.297543413281249e-9
0.09284468812500112	2.301546825470098e-9
0.09400891156562617	2.305581079319113e-9
0.0951789561234543	2.3096464820167584e-9
0.09635485090407148	2.313743344700027e-9
0.09753662515859184	2.3178719825175318e-9
0.0987243082843847	2.32203271469386e-9
0.09991792982580656	2.326225864595226e-9
0.10111751947493569	2.330451759796241e-9
0.10232310707231031	2.334710732148105e-9
0.1035347226076718	2.3390031178480224e-9
0.10475239622071016	2.343329257510025e-9
0.10597615820181366	2.347689496237117e-9
0.10720603899282274	2.3520841836948078e-9
0.10844206918778684	2.3565136741861743e-9
0.10968427953372567	2.3609783267283324e-9
0.1109327009313943	2.3654785051303945e-9
0.11218736443605135	2.3700145780729044e-9
0.11344830125823162	2.374586919189101e-9
0.11471554276452282	2.37919590714744e-9
0.11598912047834534	2.3838419257360395e-9
0.11726906608073695	2.3885253639485907e-9
0.11855541141114062	2.3932466160722313e-9
0.11984818846819621	2.398006081777003e-9
0.12114742941053713	2.4028041662071066e-9
0.12245316655758978	2.4076412800740948e-9
0.1237654323903777	2.4125178397519415e-9
0.12508425955232963	2.4174342673740074e-9
0.12640968085009122	2.4223909909319703e-9
0.1277417292543416	2.4273884443768214e-9
0.1290804379006133	2.4324270677219504e-9
0.13042584009011637	2.437507307148307e-9
0.1317779692905669	2.442629615111779e-9
0.13313685913701961	2.4477944504527412e-9
0.13450254343270476	2.4530022785079576e-9
0.13587505614986833	2.4582535712247723e-9
0.13725443143061763	2.463548807277748e-9
0.13864070358777073	2.4688884721876824e-9
0.14003390710570945	2.4742730584430914e-9
0.14143407664123803	2.4797030656245432e-9
0.1428412470244442	2.4851790005312154e-9
0.1442554532595664	2.4907013773105757e-9
0.14567673052586416	2.496270717590429e-9
0.1471051141784935	2.501887550614144e-9
0.14854063974938603	2.507552413378568e-9
0.149983342948133	2.513265850774976e-9
0.15143325966287374	2.5190284157332297e-9
0.15289042596118813	2.524840669368796e-9
0.15435487809099402	2.530703181133161e-9
0.15582665248144906	2.5366165289675404e-9
0.1573057857438562	2.5425812994598404e-9
0.15879231467257537	2.548598088005264e-9
0.16028627624593816	2.5546674989702642e-9
0.16178770762716785	2.5607901458603583e-9
0.16329664616530362	2.5669666514914605e-9
0.16481312939613008	2.573197648165211e-9
0.1663371950431107	2.579483777848235e-9
0.16786888101832628	2.5858256923552797e-9
0.1694082254234178	2.592224053536675e-9
0.1709552665505349	2.598679533470005e-9
0.17251004288328747	2.6051928146560273e-9
0.17407259309770393	2.61176459021923e-9
0.17564295606319252	2.6183955641128053e-9
0.17722117084350858	2.6250864513286235e-9
0.17880727669772617	2.6318379781117518e-9
0.18040131308121476	2.638650882180083e-9
0.18200331964662084	2.6455259129491597e-9
0.18361333624485401	2.6524638317620288e-9
0.18523140292607826	2.659465412124735e-9
0.18685755994070874	2.666531439947142e-9
0.1884918477404122	2.6736627137896386e-9
0.19013430697911424	2.6808600451154664e-9
0.1917849785140098	2.688124258549208e-9
0.19344390340657974	2.6954561921415064e-9
0.19511112292361268	2.702856697639898e-9
0.1967866785382308	2.7103266407663713e-9
0.19847061193092203	2.717866901501528e-9
0.20016296499057665	2.7254783743757213e-9
0.20186377981552947	2.7331619687671084e-9
0.2035730987146071	2.7409186092071924e-9
0.20529096420818022	2.7487492356937043e-9
0.20701741902922113	2.756654804011298e-9
0.20875250612436722	2.764636286060026e-9
0.210496268654989	2.772694670192198e-9
0.21224874999826396	2.780830961557285e-9
0.21400999374825516	2.7890461824557933e-9
0.21578004371699644	2.797341372701895e-9
0.21755894393558148	2.8057175899950108e-9
0.2193467386552594	2.8141759103011645e-9
0.22114347234853576	2.8227174282436212e-9
0.22294918971027836	2.831343257503905e-9
0.2247639356588297	2.840054531232582e-9
0.2265877553371239	2.8488524024711773e-9
0.2284206941138094	2.8577380445844794e-9
0.23026279758437848	2.866712651704355e-9
0.23211411157230027	2.875777439184976e-9
0.23397468213016168	2.8849336440700173e-9
0.23584455554081238	2.8941825255720115e-9
0.23772377831851643	2.903525365564456e-9
0.23961239721010893	2.9129634690868197e-9
0.24151045919615952	2.922498164862999e-9
0.24341801149214037	2.9321308058337113e-9
0.24533510154960114	2.941862769702902e-9
0.24726177705734917	2.951695459499109e-9
0.24919808594263576	2.961630304151821e-9
0.251144076372349	2.9716687590835718e-9
0.2530997967542107	2.981812306817938e-9
0.2550652957379817	2.9920624576045667e-9
0.2570406222166717	3.0024207500609834e-9
0.2590258253277551	3.012888751832256e-9
0.26102095445439405	3.023468060269065e-9
0.2630260592266659	3.034160303124344e-9
0.2650411895227993	3.0449671392696613e-9
0.2670663954704134	3.055890259431616e-9
0.26910172744776534	3.0669313869488815e-9
0.27114723608500396	3.078092278550954e-9
0.27320297226542917	3.0893747251586854e-9
0.27526898712675635	3.1007805527079626e-9
0.27734533206239	3.112311622997057e-9
0.2794320587227019	3.1239698345579986e-9
0.2815292190163153	3.1357571235537424e-9
0.2836368651113967	3.1476754647009428e-9
0.28575504943695385	3.159726872220002e-9
0.28788382468413853	3.171913400812757e-9
0.29002324380755934	3.1842371466692304e-9
0.29217336002659705	3.196700248503991e-9
0.29433422682673016	3.2093048886234798e-9
0.29650589796086374	3.2220532940251428e-9
0.29868842745066804	3.2349477375297125e-9
0.30088186958792124	3.2479905389474346e-9
0.3030862789358609	3.261184066279889e-9
0.30530171033054027	3.2745307369582185e-9
0.307528218882193	3.2880330191193555e-9
0.30976585997660405	3.301693432921366e-9
0.312014689276487	3.3155145518996294e-9
0.31427476272286925	3.3294990043649016e-9
0.3165461365364837	3.3436494748451216e-9
0.3188288672191662	3.357968705572327e-9
0.32112301155526213	3.3724594980164048e-9
0.32342862661303834	3.3871247144674216e-9
0.3257457697461036	3.4019672796683e-9
0.32807449859483384	3.416990182499588e-9
0.3304148710878078	3.432196477718301e-9
0.33276694544324686	3.4475892877530507e-9
0.33513078017046305	3.4631718045573523e-9
0.33750643407131514	3.4789472915232332e-9
0.3398939662416715	3.4949190854575836e-9
0.3422934360728799	3.511090598623887e-9
0.34470490325324404	3.527465320850955e-9
0.3471284277695101	3.5440468217124643e-9
0.34956406990835764	3.5608387527787978e-9
0.3520118902578995	3.577844849945031e-9
0.354471949709189	3.5950689358374165e-9
0.3569443094577349	3.612514922301521e-9
0.3594290310050235	3.630186812975253e-9
0.3619261761600484	3.6480887059506877e-9
0.3644358070408486	3.666224796527125e-9
0.36695798607605284	3.6845993800600554e-9
0.36949277600643327	3.7032168549093676e-9
0.37204023988646523	3.7220817254908686e-9
0.3746004410858973	3.7411986054355476e-9
0.3771734432913268	3.760572220860596e-9
0.3797593105077832	3.780207413757298e-9
0.3823581070603219	3.800109145500009e-9
0.38496989759562367	3.820282500481879e-9
0.3875947470836016	3.840732689882091e-9
0.3902327208190196	3.861465055570466e-9
0.3928838844231145	3.8824850741551376e-9
0.39554830384522993	3.903798361179376e-9
0.3982260453644561	3.9254106754737886e-9
0.4009171755912785	3.94732792367098e-9
0.40362176146923495	3.9695561648892784e-9
0.40633987027658097	3.99210161559303e-9
0.4090715696279639	4.014970654637117e-9
0.4118169274761037	4.038169828504057e-9
0.4145760121134843	4.061705856741807e-9
0.4173488921740515	4.0855856376115745e-9
0.4201356366349219	4.109816253954641e-9
0.42293631481809635	4.1344049792884555e-9
0.4257509963921868	4.159359284142103e-9
0.42857975137414767	4.184686842642147e-9
0.43142265013101855	4.210395539360285e-9
0.43427976338167373	4.236493476434981e-9
0.43715116219858224	4.2629889809796515e-9
0.44003691800957523	4.28989061279084e-9
0.44293710259962304	4.317207172370379e-9
0.4458517881126211	4.344947709276771e-9
0.44878104705318417	4.373121530820533e-9
0.45172495228844983	4.4017382111210665e-9
0.45468357704989204	4.4308076005417876e-9
0.4576569949351413	4.460339835521747e-9
0.46064527990981685	4.49034534882352e-9
0.4636485063093658	4.520834880217565e-9
0.4666667488409128	4.551819487624314e-9
0.4697000825851173	4.5833105587375114e-9
0.4727485829980427	4.615319823151896e-9
0.47581232591303285	4.647859365021293e-9
0.478891387542598	4.680941636274099e-9
0.48198584448031084	4.71457947041354e-9
0.4850957737027124	4.748786096934457e-9
0.48822125257122595	4.783575156386717e-9
0.49136235883408197	4.8189607161203306e-9
0.4945191706282523	4.854957286746966e-9
0.4976917664813935	4.891579839356477e-9
0.5008802253138004	4.928843823527845e-9
0.5040846264403696	4.966765186177639e-9
0.5073050495725715	5.0053603912908915e-9
0.5105415748204343	5.0446464405819875e-9
0.5137942826945365	5.084640895136939e-9
0.517063254108009	5.125361898090718e-9
0.5203485703785492	5.16682819839699e-9
0.5236503132304419	5.2090591757516085e-9
0.5269685647965939	5.252074866734027e-9
0.5303034076205766	5.2958959922368296e-9
0.5336549246586795	5.3405439862554965e-9
0.5370231992819728	5.3860410261179615e-9
0.5404083152783826	5.432410064236589e-9
0.5438103568547747	5.479674861471476e-9
0.5472294086390483	5.5278600222001925e-9
0.5506655556822436	5.576991031195486e-9
0.5541188834606549	5.627094292417539e-9
0.5575894778779582	5.678197169838037e-9
0.5610774252673477	5.730328030417837e-9
0.5645828123936844	5.783516289370729e-9
0.5681057264556525	5.837792457854013e-9
0.5716462550879309	5.893188193237222e-9
0.5752044863633705	5.9497363521097165e-9
0.5787805087951873	6.007471046201404e-9
0.5823744113391631	6.066427701401453e-9
0.5859862833958588	6.126643120074157e-9
0.5896162148128381	6.188155546886073e-9
0.5932642958869024	6.2510047383741385e-9
0.5969306173663369	6.3152320365002306e-9
0.6006152704531684	6.380880446459175e-9
0.6043183468054344	6.447994719024539e-9
0.6080399385394615	6.516621437739804e-9
0.6117801382321587	6.586809111286063e-9
0.6155390389233192	6.658608271383193e-9
0.6193167341179359	6.732071576610341e-9
0.6231133177885255	6.807253922560999e-9
0.6269288843774683	6.884212558781982e-9
0.6307635287993556	6.963007212983433e-9
0.6346173464433522	7.043700223044848e-9
0.6384904331755688	7.1263566773869376e-9
0.6423828853414466	7.211044564327806e-9
0.6462947997681537	7.297834931092136e-9
0.6502262737669944	7.386802053202061e-9
0.6541774051358293	7.478023615040554e-9
0.6581482921615082	7.571580902446475e-9
0.6621390336223156	7.667559008279747e-9
0.6661497287904271	7.766047051976873e-9
0.6701804774343789	7.867138414212364e-9
0.6742313798215507	7.970930987882132e-9
0.6783025367206585	8.077527446742077e-9
0.682394049404262	8.18703553315896e-9
0.6865060196512833	8.299568366572157e-9
0.6906385497495399	8.415244774420832e-9
0.6947917424982876	8.53418964746568e-9
0.6989657012107791	8.65653432162755e-9
0.7031605297168331	8.782416988682329e-9
0.7073763323654171	8.911983138396222e-9
0.7116132140272443	9.04538603495627e-9
0.7158712800973803	9.182787230859113e-9
0.7201506364978669	9.324357121767624e-9
0.724451389680356	9.470275546232021e-9
0.7287736466287575	9.620732434619853e-9
0.7331175148619014	9.775928512095544e-9
0.737483102436211	9.936076061063022e-9
0.7418705179483918	1.0101399749136271e-8
0.7462798705381338	1.0272137529442965e-8
0.7507112698908246	1.0448541620920775e-8
0.7551648262402787	1.0630879577242067e-8
0.7596406503714802	1.0819435454133122e-8
0.7641388536233378	1.1014511086151365e-8
0.7686595478914543	1.121642748549683e-8
0.7732028456309116	1.142552637718377e-8
0.777768859859066	1.1642171886939506e-8
0.7823577041583611	1.1866752400581324e-8
0.7869694926791531	1.2099682616419494e-8
0.7916043401425489	1.2341405815509557e-8
0.7962623618432616	1.2592396378453583e-8
0.8009436736524779	1.2853162582013905e-8
0.8056483920207402	1.3124249714222877e-8
0.8103766339808439	1.3406243553109357e-8
0.8151285171507483	1.3699774261833287e-8
0.8199041597365018	1.4005520762187368e-8
0.8247036805351844	1.4324215659412721e-8
0.8295271989378604	1.4656650804468098e-8
0.8343748349325497	1.5003683595792756e-8
0.8392467091072124	1.5366244141799078e-8
0.8441429426527486	1.5745343428568075e-8
0.8490636573660123	1.6142082665425414e-8
0.8540089756528424	1.6557664015375627e-8
0.8589790205311068	1.6993402959195877e-8
0.8639739156337622	1.7450742593088234e-8
0.868973915633762	1.7929325299577397e-8
0.8739739156337618	1.8430091325195125e-8
0.8789739156337616	1.8954571886679263e-8
0.8839739156337615	1.9504449255674527e-8
0.8889739156337613	2.008157678329548e-8
0.893973915633761	2.0688002160895335e-8
0.8989739156337608	2.1325994502283665e-8
0.9039739156337606	2.1998075944262113e-8
0.9089739156337604	2.270705859638404e-8
0.9139739156337602	2.3456087831371675e-8
0.91897391563376	2.4248693099922117e-8
0.9239739156337599	2.50888476840996e-8
0.9289739156337596	2.5981039079767986e-8
0.9339739156337594	2.6930352029786962e-8
0.9389739156337592	2.7942566627001083e-8
0.943973915633759	2.9024274382673925e-8
0.9489739156337588	3.018301572791157e-8
0.9539739156337586	3.142744310192211e-8
0.9589739156337583	3.276751460468137e-8
0.9639739156337582	3.4214724180369284e-8
0.968973915633758	3.578237548498121e-8
0.9739739156337578	3.748590801666297e-8
0.9789739156337576	3.9343285798421626e-8
0.9839739156337574	4.1375460957348843e-8
0.9889739156337571	4.360692701127933e-8
0.9939739156337569	4.6066379635585726e-8
0.9989739156337567	4.8787506238697333e-8
1.0039739156337566	5.1809929943851764e-8
1.0089739156337563	5.5180338698878e-8
1.0139739156337562	5.895383638618255e-8
1.0189739156337558	6.319556018559299e-8
1.0239739156337557	6.798261729770801e-8
1.0289739156337556	7.340640475675436e-8
1.0339739156337553	7.957538879837517e-8
1.0389739156337552	8.661843551542102e-8
1.0439739156337549	9.468880282928226e-8
1.0489739156337547	1.0396892571636648e-7
1.0539739156337544	1.146761528602275e-7
1.0589739156337543	1.2706962428299402e-7
1.0639739156337542	1.4145851703170997e-7
1.0689739156337539	1.5821193082314447e-7
1.0739739156337538	1.7777073906131117e-7
1.0789739156337534	2.0066179445548153e-7
1.0839739156337533	2.2751495448450973e-7
1.088973915633753	2.5908348239871407e-7
1.093973915633753	2.9626848691571907e-7
1.0989739156337526	3.401481912568955e-7
1.1039739156337525	3.9201297315867586e-7
1.1089739156337524	4.534072959619873e-7
1.113973915633752	5.261798613744059e-7
1.118973915633752	6.125435621432166e-7
1.1239739156337516	7.151471033994121e-7
1.1289739156337515	8.371605011292448e-7
1.1339739156337512	9.823770618576588e-7
1.138973915633751	1.155334906204685e-6
1.143973915633751	1.3614616273554555e-6
1.1489739156337506	1.6072462796756605e-6
1.1539739156337505	1.9004435766874777e-6
1.1589739156337502	2.2503159415027416e-6
1.16397391563375	2.6679198899771507e-6
1.1689739156337497	3.1664441198115308e-6
1.1739739156337496	3.761607593451011e-6
1.1789739156337493	4.472126780613293e-6
1.1839739156337492	5.320261976302666e-6
1.187980436725312	6.116842849515087e-6
1.1919869578168745	7.0345211156804374e-6
1.1959934789084372	8.091430249370829e-6
1.2	9.308318426780152e-6
