0.0006999999999999628	8.33304681449999e-9
0.001403500000000035	8.338064430809671e-9
0.0021105174999999296	8.343112478061129e-9
0.0028210700874998964	8.348191002112933e-9
0.003535175437937438	8.353300212531831e-9
0.004252851315127062	8.358440323077174e-9
0.004974115571702636	8.36361154939693e-9
0.005698986149561044	8.368814109002909e-9
0.006427481080308875	8.374048221282768e-9
0.007159618485710418	8.379314107514866e-9
0.007895416578138905	8.384611990884083e-9
0.008634893661029494	8.389942096499311e-9
0.00937806812933463	8.395304651411146e-9
0.010124958469981361	8.400699884630763e-9
0.010875583262331262	8.406128027148854e-9
0.01162996117864295	8.411589311955206e-9
0.012388110984536127	8.417083974058937e-9
0.013150051539458866	8.422612250508994e-9
0.013915801797156208	8.428174380414843e-9
0.014685380806142003	8.433770604968006e-9
0.015458807710172712	8.43940116746334e-9
0.01623610174872358	8.445066313321529e-9
0.017017282257467212	8.450766290110932e-9
0.017802368668754516	8.456501347570465e-9
0.01859138051209827	8.462271737632803e-9
0.019384337414658823	8.468077714447459e-9
0.020181259101732015	8.473919534404708e-9
0.020982165397240727	8.479797456159645e-9
0.02178707622422691	8.485711740656483e-9
0.02259601160534814	8.491662651153244e-9
0.02340899166337483	8.49765045324715e-9
0.024226036621691812	8.503675414899796e-9
0.02504716680480027	8.509737806462887e-9
0.025872402638824326	8.515837900704698e-9
0.02670176465201842	8.521975972836323e-9
0.02753527347527842	8.528152300538625e-9
0.028372949842654864	8.534367163989506e-9
0.0292148145918682	8.540620845891423e-9
0.03006088866482743	8.54691363149951e-9
0.03091119310815165	8.553245808649706e-9
0.0317657490736924	8.559617667787907e-9
0.03262457781906081	8.56602950199866e-9
0.03348770070815601	8.572481607035085e-9
0.034355139211696875	8.578974281348518e-9
0.035226914907755424	8.585507826118915e-9
0.03610304948229413	8.592082545285984e-9
0.03698356472970569	8.598698745579913e-9
0.03786848255335419	8.605356736553098e-9
0.038757824966120964	8.612056830612515e-9
0.03965161409095162	8.618799343051664e-9
0.04054987216140643	8.625584592084018e-9
0.04145262152221345	8.632412898876153e-9
0.04235988462982453	8.639284587581562e-9
0.04327168405297366	8.646199985375279e-9
0.0441880424732386	8.653159422488307e-9
0.04510898268560485	8.660163232243156e-9
0.046034527599032954	8.66721175108951e-9
0.04696470023702812	8.67430531864059e-9
0.04789952373821329	8.681444277709935e-9
0.048839021356904266	8.688628974348423e-9
0.04978321646368884	8.69585975788267e-9
0.05073213254600732	8.703136980952773e-9
0.05168579320873729	8.710460999551633e-9
0.052644222174780875	8.717832173064301e-9
0.05360744328565471	8.725250864307814e-9
0.054575480502083065	8.732717439572061e-9
0.055548357904593434	8.740232268660718e-9
0.056526099694116344	8.747795724933068e-9
0.0575087301925869	8.755408185346442e-9
0.05849627384354973	8.763070030499062e-9
0.05948875521276744	8.770781644673462e-9
0.06048619898883127	8.77854341588105e-9
0.061488629983775384	8.786355735906725e-9
0.06249607313369419	8.79421900035433e-9
0.06350855349936275	8.802133608692847e-9
0.06452609626685958	8.81009996430331e-9
0.06554872674819387	8.818118474526152e-9
0.06657647038193484	8.826189550709487e-9
0.06760935273384447	8.834313608258018e-9
0.06864739949751365	8.842491066682713e-9
0.0696906364950013	8.850722349650876e-9
0.07073908967747639	8.859007885037674e-9
0.07179278512586384	8.867348104977676e-9
0.07285174905149322	8.875743445917518e-9
0.0739160077967507	8.884194348669512e-9
0.07498558783573436	8.89270125846552e-9
0.07606051577491299	8.901264625012312e-9
0.07714081835378758	8.909884902547028e-9
0.07822652244555647	8.918562549894259e-9
0.07931765505778425	8.927298030523406e-9
0.0804142433330731	8.936091812606736e-9
0.08151631454973848	8.944944369079324e-9
0.08262389612248718	8.953856177698738e-9
0.0837370156030995	8.96282772110621e-9
0.0848557006811149	8.971859486889044e-9
0.0859799791845205	8.980951967642935e-9
0.08710987908044313	8.990105661036488e-9
0.08824542847584534	8.999321069875935e-9
0.08938665561822454	9.00859870217102e-9
0.09053358889631567	9.01793907120183e-9
0.09168625684079722	9.027342695587273e-9
0.09284468812500112	9.036810099353554e-9
0.09400891156562617	9.046341812004508e-9
0.0951789561234543	9.055938368592879e-9
0.09635485090407148	9.065600309792587e-9
0.09753662515859184	9.075328181972196e-9
0.0987243082843847	9.085122537269427e-9
0.09991792982580656	9.094983933667122e-9
0.10111751947493569	9.104912935070097e-9
0.10232310707231031	9.114910111383511e-9
0.1035347226076718	9.124976038592035e-9
0.10475239622071016	9.135111298840818e-9
0.10597615820181366	9.14531648051772e-9
0.10720603899282274	9.155592178335799e-9
0.10844206918778684	9.165938993418975e-9
0.10968427953372567	9.176357533387544e-9
0.1109327009313943	9.18684841244552e-9
0.11218736443605135	9.197412251469795e-9
0.11344830125823162	9.208049678100099e-9
0.11471554276452282	9.218761326831016e-9
0.11598912047834534	9.22954783910504e-9
0.11726906608073695	9.240409863407613e-9
0.11855541141114062	9.251348055363062e-9
0.11984818846819621	9.262363077832794e-9
0.12114742941053713	9.273455601014892e-9
0.12245316655758978	9.284626302545094e-9
0.1237654323903777	9.295875867599758e-9
0.12508425955232963	9.307204989000478e-9
0.12640968085009122	9.318614367320407e-9
0.1277417292543416	9.330104710992316e-9
0.1290804379006133	9.34167673641854e-9
0.13042584009011637	9.353331168082671e-9
0.1317779692905669	9.365068738663463e-9
0.13313685913701961	9.376890189150297e-9
0.13450254343270476	9.38879626896051e-9
0.13587505614986833	9.400787736059319e-9
0.13725443143061763	9.41286535708123e-9
0.13864070358777073	9.425029907453713e-9
0.14003390710570945	9.43728217152309e-9
0.14143407664123803	9.449622942682506e-9
0.1428412470244442	9.46205302350195e-9
0.1442554532595664	9.474573225861115e-9
0.14567673052586416	9.487184371083566e-9
0.1471051141784935	9.499887290074408e-9
0.14854063974938603	9.512682823459342e-9
0.149983342948133	9.525571821727023e-9
0.15143325966287374	9.5385551453731e-9
0.15289042596118813	9.551633665047507e-9
0.15435487809099402	9.56480826170397e-9
0.15582665248144906	9.578079826752143e-9
0.1573057857438562	9.591449262212799e-9
0.15879231467257537	9.604917480875425e-9
0.16028627624593816	9.618485406458664e-9
0.16178770762716785	9.632153973774086e-9
0.16329664616530362	9.64592412889224e-9
0.16481312939613008	9.659796829312394e-9
0.1663371950431107	9.673773044134609e-9
0.16786888101832628	9.68785375423558e-9
0.1694082254234178	9.702039952447637e-9
0.1709552665505349	9.716332643740451e-9
0.17251004288328747	9.73073284540674e-9
0.17407259309770393	9.745241587251014e-9
0.17564295606319252	9.759859911781865e-9
0.17722117084350858	9.774588874408123e-9
0.17880727669772617	9.789429543638046e-9
0.18040131308121476	9.804383001282947e-9
0.18200331964662084	9.81945034266394e-9
0.18361333624485401	9.834632676823333e-9
0.18523140292607826	9.849931126739093e-9
0.18685755994070874	9.865346829544207e-9
0.1884918477404122	9.880880936749801e-9
0.19013430697911424	9.896534614472272e-9
0.1917849785140098	9.912309043665411e-9
0.19344390340657974	9.928205420356393e-9
0.19511112292361268	9.9442249558865e-9
0.1967866785382308	9.96036887715653e-9
0.19847061193092203	9.976638426876954e-9
0.20016296499057665	9.993034863822626e-9
0.20186377981552947	1.000955946309317e-8
0.2035730987146071	1.0026213516377647e-8
0.20529096420818022	1.0042998332224767e-8
0.20701741902922113	1.005991523631866e-8
0.20875250612436722	1.0076965571759512e-8
0.210496268654989	1.0094150699350333e-8
0.21224874999826396	1.011147199788907e-8
0.21400999374825516	1.0128930864466704e-8
0.21578004371699644	1.0146528714771323e-8
0.21755894393558148	1.0164266983397916e-8
0.2193467386552594	1.0182147124165182e-8
0.22114347234853576	1.0200170610438186e-8
0.22294918971027836	1.021833893545738e-8
0.2247639356588297	1.0236653612675014e-8
0.2265877553371239	1.0255116176097798e-8
0.2284206941138094	1.0273728180636962e-8
0.23026279758437848	1.029249120246524e-8
0.23211411157230027	1.031140683938159e-8
0.23397468213016168	1.033047671118325e-8
0.23584455554081238	1.0349702460045196e-8
0.23772377831851643	1.0369085750908466e-8
0.23961239721010893	1.038862827187577e-8
0.24151045919615952	1.040833173461546e-8
0.24341801149214037	1.0428197874774814e-8
0.24533510154960114	1.0448228452401095e-8
0.24726177705734917	1.0468425252372312e-8
0.24919808594263576	1.0488790084836843e-8
0.251144076372349	1.0509324785662428e-8
0.2530997967542107	1.053003121689502e-8
0.2550652957379817	1.0550911267227631e-8
0.2570406222166717	1.0571966852478814e-8
0.2590258253277551	1.0593199916082472e-8
0.26102095445439405	1.0614612429587337e-8
0.2630260592266659	1.063620639316831e-8
0.2650411895227993	1.0657983836148296e-8
0.2670663954704134	1.0679946817532558e-8
0.26910172744776534	1.0702097426553654e-8
0.27114723608500396	1.0724437783229682e-8
0.27320297226542917	1.074697003893442e-8
0.27526898712675635	1.0769696376980458e-8
0.27734533206239	1.0792619013215387e-8
0.2794320587227019	1.0815740196631567e-8
0.2815292190163153	1.0839062209989895e-8
0.2836368651113967	1.0862587370457476e-8
0.28575504943695385	1.0886318030260311e-8
0.28788382468413853	1.0910256577350887e-8
0.29002324380755934	1.0934405436090931e-8
0.29217336002659705	1.0958767067950508e-8
0.29433422682673016	1.0983343972223112e-8
0.29650589796086374	1.1008138686757632e-8
0.29868842745066804	1.103315378870731e-8
0.30088186958792124	1.1058391895296894e-8
0.3030862789358609	1.1083855664607369e-8
0.30530171033054027	1.1109547796379948e-8
0.307528218882193	1.1135471032838837e-8
0.30976585997660405	1.116162815953447e-8
0.312014689276487	1.1188022006206034e-8
0.31427476272286925	1.1214655447666085e-8
0.3165461365364837	1.1241531404705912e-8
0.3188288672191662	1.126865284502339e-8
0.32112301155526213	1.1296022784173546e-8
0.32342862661303834	1.1323644286542916e-8
0.3257457697461036	1.1351520466347473e-8
0.32807449859483384	1.1379654488655912e-8
0.3304148710878078	1.1408049570438583e-8
0.33276694544324686	1.1436708981642665e-8
0.33513078017046305	1.1465636046294089e-8
0.33750643407131514	1.1494834143628708e-8
0.3398939662416715	1.1524306709250855e-8
0.3422934360728799	1.1554057236322615e-8
0.34470490325324404	1.1584089276783317e-8
0.3471284277695101	1.1614406442600954e-8
0.34956406990835764	1.1645012407055607e-8
0.3520118902578995	1.1675910906057106e-8
0.354471949709189	1.1707105739496791e-8
0.3569443094577349	1.1738600772635248e-8
0.3594290310050235	1.1770399937526857e-8
0.3619261761600484	1.1802507234482387e-8
0.3644358070408486	1.1834926733570724e-8
0.36695798607605284	1.1867662576161046e-8
0.36949277600643327	1.1900718976506916e-8
0.37204023988646523	1.1934100223373816e-8
0.3746004410858973	1.196781068171036e-8
0.3771734432913268	1.2001854794366601e-8
0.3797593105077832	1.2036237083859025e-8
0.3823581070603219	1.2070962154185474e-8
0.38496989759562367	1.2106034692689956e-8
0.3875947470836016	1.2141459471980569e-8
0.3902327208190196	1.2177241351901626e-8
0.3928838844231145	1.2213385281561446e-8
0.39554830384522993	1.2249896301418997e-8
0.3982260453644561	1.2286779545429272e-8
0.4009171755912785	1.2324040243252139e-8
0.40362176146923495	1.2361683722524767e-8
0.40633987027658097	1.2399715411200092e-8
0.4090715696279639	1.2438140839955271e-8
0.4118169274761037	1.2476965644670556e-8
0.4145760121134843	1.2516195568982473e-8
0.4173488921740515	1.255583646691324e-8
0.4201356366349219	1.2595894305579514e-8
0.42293631481809635	1.2636375167983659e-8
0.4257509963921868	1.2677285255889672e-8
0.42857975137414767	1.271863089278771e-8
0.43142265013101855	1.2760418526950366e-8
0.43427976338167373	1.2802654734583797e-8
0.43715116219858224	1.2845346223077581e-8
0.44003691800957523	1.2888499834356768e-8
0.44293710259962304	1.2932122548340581e-8
0.4458517881126211	1.2976221486511225e-8
0.44878104705318417	1.302080391559755e-8
0.45172495228844983	1.3065877251377333e-8
0.45468357704989204	1.3111449062604605e-8
0.4576569949351413	1.315752707506425e-8
0.46064527990981685	1.3204119175761474e-8
0.4636485063093658	1.3251233417250571e-8
0.4666667488409128	1.329887802210797e-8
0.4697000825851173	1.3347061387556737e-8
0.4727485829980427	1.339579209024795e-8
0.47581232591303285	1.3445078891205751e-8
0.478891387542598	1.3494930740942905e-8
0.48198584448031084	1.3545356784753848e-8
0.4850957737027124	1.3596366368193234e-8
0.48822125257122595	1.364796904274733e-8
0.49136235883408197	1.370017457170761e-8
0.4945191706282523	1.3752992936253965e-8
0.4976917664813935	1.3806434341758214e-8
0.5008802253138004	1.3860509224316475e-8
0.5040846264403696	1.3915228257522127e-8
0.5073050495725715	1.397060235948819e-8
0.5105415748204343	1.4026642700133192e-8
0.5137942826945365	1.4083360708739852e-8
0.517063254108009	1.4140768081801885e-8
0.5203485703785492	1.4198876791170794e-8
0.5236503132304419	1.4257699092517367e-8
0.5269685647965939	1.4317247534123728e-8
0.5303034076205766	1.4377534966020822e-8
0.5336549246586795	1.443857454948963e-8
0.5370231992819728	1.4500379766942818e-8
0.5404083152783826	1.4562964432207413e-8
0.5438103568547747	1.4626342701227665e-8
0.5472294086390483	1.4690529083210637e-8
0.5506655556822436	1.475553845223717e-8
0.5541188834606549	1.4821386059362855e-8
0.5575894778779582	1.4888087545235486e-8
0.5610774252673477	1.4955658953256952e-8
0.5645828123936844	1.5024116743319143e-8
0.5681057264556525	1.5093477806146764e-8
0.5716462550879309	1.5163759478280587e-8
0.5752044863633705	1.523497955773891e-8
0.5787805087951873	1.530715632039555e-8
0.5823744113391631	1.538030853711877e-8
0.5859862833958588	1.545445549171581e-8
0.5896162148128381	1.5529616999733235e-8
0.5932642958869024	1.560581342816657e-8
0.5969306173663369	1.5683065716137534e-8
0.6006152704531684	1.5761395396602136e-8
0.6043183468054344	1.5840824619157642e-8
0.6080399385394615	1.592137617402404e-8
0.6117801382321587	1.6003073517281507e-8
0.6155390389233192	1.6085940797452244e-8
0.6193167341179359	1.617000288352652e-8
0.6231133177885255	1.625528539453932e-8
0.6269288843774683	1.6341814730817163e-8
0.6307635287993556	1.6429618107026828e-8
0.6346173464433522	1.6518723587171013e-8
0.6384904331755688	1.66091601216938e-8
0.6423828853414466	1.670095758687583e-8
0.6462947997681537	1.679414682672166e-8
0.6502262737669944	1.6888759697567064e-8
0.6541774051358293	1.698482911565817e-8
0.6581482921615082	1.7082389107994112e-8
0.6621390336223156	1.7181474866756694e-8
0.6661497287904271	1.7282122807698393e-8
0.6701804774343789	1.7384370632910285e-8
0.6742313798215507	1.7488257398453007e-8
0.6783025367206585	1.7593823587403368e-8
0.682394049404262	1.770111118895544e-8
0.6865060196512833	1.7810163784308074e-8
0.6906385497495399	1.7921026640193904e-8
0.6947917424982876	1.8033746811034937e-8
0.6989657012107791	1.81483732508798e-8
0.7031605297168331	1.8264956936464295e-8
0.7073763323654171	1.838355100297462e-8
0.7116132140272443	1.850421089436394e-8
0.7158712800973803	1.8626994530401745e-8
0.7201506364978669	1.8751962493035865e-8
0.724451389680356	1.887917823511102e-8
0.7287736466287575	1.9008708315069252e-8
0.7331175148619014	1.9140622661930868e-8
0.737483102436211	1.927499487569279e-8
0.7418705179483918	1.9411902569272676e-8
0.7462798705381338	1.955142775933815e-8
0.7507112698908246	1.9693657314827586e-8
0.7551648262402787	1.9838683473741615e-8
0.7596406503714802	1.9986604440945565e-8
0.7641388536233378	2.0137525082348443e-8
0.7686595478914543	2.0291557734024897e-8
0.7732028456309116	2.044882314874455e-8
0.777768859859066	2.06094516071424e-8
0.7823577041583611	2.077358422658844e-8
0.7869694926791531	2.0941374507945113e-8
0.7916043401425489	2.1112990169146364e-8
0.7962623618432616	2.128861532525377e-8
0.8009436736524779	2.1468453087822606e-8
0.8056483920207402	2.16527286726124e-8
0.8103766339808439	2.184169312462426e-8
0.8151285171507483	2.2035627794027998e-8
0.8199041597365018	2.2234849726879876e-8
0.8247036805351844	2.2439718171987546e-8
0.8295271989378604	2.2650642451598147e-8
0.8343748349325497	2.286809150091614e-8
0.8392467091072124	2.3092605452481265e-8
0.8441429426527486	2.332480972952822e-8
0.8490636573660123	2.3565432221817913e-8
0.8540089756528424	2.381532425334755e-8
0.8589790205311068	2.4075486220437345e-8
0.8639739156337622	2.43470989892508e-8
0.868973915633762	2.463041171975296e-8
0.8739739156337618	2.492660913346573e-8
0.8789739156337616	2.5237414283085398e-8
0.8839739156337615	2.556486907966126e-8
0.8889739156337613	2.5911397765998153e-8
0.893973915633761	2.6279883287135355e-8
0.8989739156337608	2.6673759197758973e-8
0.9039739156337606	2.709712028795753e-8
0.9089739156337604	2.7554855761716124e-8
0.9139739156337602	2.8052809589609257e-8
0.91897391563376	2.859797360579654e-8
0.9239739156337599	2.9198720062765772e-8
0.9289739156337596	2.986508173519461e-8
0.9339739156337594	3.0609089324859454e-8
0.9389739156337592	3.1445177919511884e-8
0.943973915633759	3.239067666966913e-8
0.9489739156337588	3.346639875208042e-8
0.9539739156337586	3.469735218792849e-8
0.9589739156337583	3.611359629878044e-8
0.9639739156337582	3.7751273659465915e-8
0.968973915633758	3.96538535194342e-8
0.9739739156337578	4.18736300227879e-8
0.9789739156337576	4.447352741437244e-8
0.9839739156337574	4.7529275077514824e-8
0.9889739156337571	5.113202807100822e-8
0.9939739156337569	5.5391524253207315e-8
0.9989739156337567	6.043988761960348e-8
1.0039739156337566	6.643620975882268e-8
1.0089739156337563	7.357206809315654e-8
1.0139739156337562	8.207817169931432e-8
1.0189739156337558	9.223236405805409e-8
1.0239739156337557	1.0436925831224653e-7
1.0289739156337556	1.1889183601067994e-7
1.0339739156337553	1.362854066426255e-7
1.0389739156337552	1.5713440460898164e-7
1.0439739156337549	1.821425950822231e-7
1.0489739156337547	2.1215737335973546e-7
1.0539739156337544	2.4819897717902534e-7
1.0589739156337543	2.914955919568606e-7
1.0639739156337542	3.4352551957070386e-7
1.0689739156337539	4.060678073313475e-7
1.0739739156337538	4.812630011439562e-7
1.0789739156337534	5.716860022318705e-7
1.0839739156337533	6.804333776944964e-7
1.088973915633753	8.112279098131378e-7
1.093973915633753	9.68543676277843e-7
1.0989739156337526	1.1577555426825055e-6
1.1039739156337525	1.3853176291378167e-6
1.1089739156337524	1.6589760936824929e-6
1.113973915633752	1.988022464188594e-6
1.118973915633752	2.3835947533263045e-6
1.1239739156337516	2.8590347099680452e-6
1.1289739156337515	3.4303107918966516e-6
1.1339739156337512	4.116517777920614e-6
1.138973915633751	4.9404653513263116e-6
1.143973915633751	5.9293694465004405e-6
1.1489739156337506	7.1156616055862856e-6
1.1539739156337505	8.537932971706621e-6
1.1589739156337502	1.02420307571084e-5
1.16397391563375	1.2282325952540804e-5
1.1689739156337497	1.4723171548398165e-5
1.1739739156337496	1.7640570455673764e-5
1.1789739156337493	2.112407145976807e-5
1.1839739156337492	2.527890970185485e-5
1.187980436725312	2.9175109299967773e-5
1.1919869578168745	3.3654108362499516e-5
1.1959934789084372	3.879832449442588e-5
1.2	4.470073866146265e-5
