0.0006999999999999628	0.006534451905464068
0.001403500000000035	0.006540705047474345
0.0021105174999999296	0.0065469977585967155
0.0028210700874998964	0.006553330167133617
0.003535175437937438	0.0065597025889362805
0.004252851315127062	0.0065661153434516464
0.004974115571702636	0.006572568751703084
0.005698986149561044	0.006579063136626728
0.006427481080308875	0.006585598823330841
0.007159618485710418	0.006592176139293909
0.007895416578138905	0.006598795414521804
0.008634893661029494	0.006605456981675475
0.00937806812933463	0.0066121611761805225
0.010124958469981361	0.006618908336321646
0.010875583262331262	0.006625698803329022
0.01162996117864295	0.00663253292145461
0.012388110984536127	0.0066394110380451525
0.013150051539458866	0.0066463335036092515
0.013915801797156208	0.006653300671881406
0.014685380806142003	0.00666031289988299
0.015458807710172712	0.006667370547982538
0.01623610174872358	0.006674473979953868
0.017017282257467212	0.006681623563032296
0.017802368668754516	0.006688819667971315
0.01859138051209827	0.006696062669096734
0.019384337414658823	0.006703352944362864
0.020181259101732015	0.006710690875406861
0.020982165397240727	0.006718076847602622
0.02178707622422691	0.006725511250115951
0.02259601160534814	0.006732994475959349
0.02340899166337483	0.006740526922045642
0.024226036621691812	0.006748108989245846
0.02504716680480027	0.006755741082440763
0.025872402638824326	0.006763423610580205
0.02670176465201842	0.00677115698673806
0.02753527347527842	0.006778941628168187
0.028372949842654864	0.006786777956363422
0.0292148145918682	0.006794666397112959
0.03006088866482743	0.006802607380561068
0.03091119310815165	0.006810601341264967
0.0317657490736924	0.006818648718257734
0.03262457781906081	0.006826749955105803
0.03348770070815601	0.006834905499973276
0.034355139211696875	0.006843115805681982
0.035226914907755424	0.006851381329775962
0.03610304948229413	0.00685970253458444
0.03698356472970569	0.006868079887288171
0.03786848255335419	0.006876513859983188
0.038757824966120964	0.006885004929748702
0.03965161409095162	0.006893553578714925
0.04054987216140643	0.006902160294131123
0.04145262152221345	0.00691082556843389
0.04235988462982453	0.006919549899321508
0.04327168405297366	0.006928333789821755
0.0441880424732386	0.006937177748366263
0.04510898268560485	0.006946082288864833
0.046034527599032954	0.006955047930779369
0.04696470023702812	0.006964075199201125
0.04789952373821329	0.006973164624926574
0.048839021356904266	0.006982316744537499
0.04978321646368884	0.006991532100480138
0.05073213254600732	0.007000811241145392
0.05168579320873729	0.0070101547209525895
0.052644222174780875	0.007019563100431543
0.05360744328565471	0.0070290369463093015
0.054575480502083065	0.007038576831593603
0.055548357904593434	0.007048183335664282
0.056526099694116344	0.007057857044359678
0.0575087301925869	0.007067598550067619
0.05849627384354973	0.00707740845181853
0.05948875521276744	0.007087287355377875
0.06048619898883127	0.007097235873341982
0.061488629983775384	0.007107254625234168
0.06249607313369419	0.007117344237603404
0.06350855349936275	0.0071275053441243845
0.06452609626685958	0.007137738585697735
0.06554872674819387	0.0071480446105563564
0.06657647038193484	0.007158424074367096
0.06760935273384447	0.007168877640338784
0.06864739949751365	0.00717940597933189
0.0696906364950013	0.007190009769968131
0.07073908967747639	0.00720068969874221
0.07179278512586384	0.007211446460137378
0.07285174905149322	0.007222280756740482
0.0739160077967507	0.007233193299361156
0.07498558783573436	0.007244184807151392
0.07606051577491299	0.00725525600772916
0.07714081835378758	0.007266407637300512
0.07822652244555647	0.007277640440789086
0.07931765505778425	0.007288955171963153
0.0804142433330731	0.0073003525935671195
0.08151631454973848	0.007311833477455142
0.08262389612248718	0.007323398604728082
0.0837370156030995	0.007335048765869598
0.0848557006811149	0.007346784760888119
0.0859799791845205	0.007358607399460428
0.08710987908044313	0.007370517501076271
0.08824542847584534	0.007382515895188069
0.08938665561822454	0.007394603421361201
0.09053358889631567	0.007406780929426804
0.09168625684079722	0.00741904927964119
0.09284468812500112	0.007431409342842603
0.09400891156562617	0.007443862000614887
0.0951789561234543	0.007456408145452047
0.09635485090407148	0.007469048680927305
0.09753662515859184	0.0074817845218639375
0.0987243082843847	0.007494616594510869
0.09991792982580656	0.0075075458367189025
0.10111751947493569	0.007520573198123121
0.10232310707231031	0.007533699640327002
0.1035347226076718	0.007546926137090742
0.10475239622071016	0.0075602536745219585
0.10597615820181366	0.007573683251271089
0.10720603899282274	0.007587215878730618
0.10844206918778684	0.007600852581237218
0.10968427953372567	0.007614594396278189
0.1109327009313943	0.007628442374701129
0.11218736443605135	0.0076423975809290145
0.11344830125823162	0.00765646109317951
0.11471554276452282	0.007670634003684188
0.11598912047834534	0.007684917418920582
0.11726906608073695	0.00769931245983765
0.11855541141114062	0.007713820262095949
0.11984818846819621	0.007728441976306289
0.12114742941053713	0.00774317876827578
0.12245316655758978	0.007758031819254939
0.1237654323903777	0.007773002326196412
0.12508425955232963	0.007788091502010718
0.12640968085009122	0.007803300575834897
0.1277417292543416	0.007818630793299645
0.1290804379006133	0.007834083416807032
0.13042584009011637	0.007849659725809052
0.1317779692905669	0.007865361017098126
0.13313685913701961	0.0078811886050946
0.13450254343270476	0.007897143822148938
0.13587505614986833	0.007913228018844727
0.13725443143061763	0.0079294425643094
0.13864070358777073	0.007945788846529994
0.14003390710570945	0.007962268272677663
0.14143407664123803	0.007978882269437588
0.1428412470244442	0.007995632283344238
0.1442554532595664	0.008012519781127334
0.14567673052586416	0.008029546250060277
0.1471051141784935	0.008046713198319972
0.14854063974938603	0.00806402215535061
0.149983342948133	0.008081474672238784
0.15143325966287374	0.008099072322092246
0.15289042596118813	0.008116816700431224
0.15435487809099402	0.00813470942558292
0.15582665248144906	0.008152752139088936
0.1573057857438562	0.008170946506119655
0.15879231467257537	0.008189294215896042
0.16028627624593816	0.008207796982122305
0.16178770762716785	0.008226456543427317
0.16329664616530362	0.008245274663815716
0.16481312939613008	0.008264253133127467
0.1663371950431107	0.008283393767509799
0.16786888101832628	0.008302698409897679
0.1694082254234178	0.008322168930504338
0.1709552665505349	0.008341807227323991
0.17251004288328747	0.008361615226645506
0.17407259309770393	0.008381594883576857
0.17564295606319252	0.008401748182578855
0.17722117084350858	0.008422077138017821
0.17880727669772617	0.008442583794721842
0.18040131308121476	0.008463270228554929
0.18200331964662084	0.008484138547002832
0.18361333624485401	0.008505190889772167
0.18523140292607826	0.008526429429403062
0.18685755994070874	0.008547856371894277
0.1884918477404122	0.008569473957345074
0.19013430697911424	0.008591284460610851
0.1917849785140098	0.008613290191971896
0.19344390340657974	0.008635493497820626
0.19511112292361268	0.00865789676136302
0.1967866785382308	0.008680502403337084
0.19847061193092203	0.008703312882746459
0.20016296499057665	0.00872633069761349
0.20186377981552947	0.00874955838574762
0.2035730987146071	0.008772998525535446
0.20529096420818022	0.008796653736744047
0.20701741902922113	0.008820526681349377
0.20875250612436722	0.008844620064379352
0.210496268654989	0.00886893663478145
0.21224874999826396	0.00889347918630761
0.21400999374825516	0.008918250558421307
0.21578004371699644	0.008943253637228287
0.21755894393558148	0.008968491356430944
0.2193467386552594	0.008993966698298689
0.22114347234853576	0.009019682694672015
0.22294918971027836	0.00904564242798352
0.2247639356588297	0.009071849032310144
0.2265877553371239	0.009098305694444926
0.2284206941138094	0.009125015655002282
0.23026279758437848	0.009151982209545747
0.23211411157230027	0.009179208709745874
0.23397468213016168	0.009206698564569132
0.23584455554081238	0.009234455241493135
0.23772377831851643	0.009262482267755551
0.23961239721010893	0.009290783231634119
0.24151045919615952	0.00931936178375852
0.24341801149214037	0.00934822163845803
0.24533510154960114	0.009377366575141982
0.24726177705734917	0.00940680043971677
0.24919808594263576	0.009436527146039044
0.251144076372349	0.009466550677409752
0.2530997967542107	0.009496875088102794
0.2550652957379817	0.009527504504936599
0.2570406222166717	0.009558443128889519
0.2590258253277551	0.009589695236752236
0.26102095445439405	0.009621265182831018
0.2630260592266659	0.009653157400691677
0.2650411895227993	0.009685376404950787
0.2670663954704134	0.009717926793120184
0.26910172744776534	0.009750813247496461
0.27114723608500396	0.009784040537101767
0.27320297226542917	0.009817613519682184
0.27526898712675635	0.009851537143759538
0.27734533206239	0.009885816450733895
0.2794320587227019	0.009920456577056347
0.2815292190163153	0.009955462756448734
0.2836368651113967	0.009990840322197157
0.28575504943695385	0.010026594709503381
0.28788382468413853	0.010062731457904654
0.29002324380755934	0.010099256213761119
0.29217336002659705	0.010136174732816387
0.29433422682673016	0.01017349288282952
0.29650589796086374	0.010211216646283496
0.29868842745066804	0.0102493521231712
0.30088186958792124	0.010287905533864765
0.3030862789358609	0.01032688322206309
0.30530171033054027	0.010366291657834965
0.307528218882193	0.010406137440740568
0.30976585997660405	0.010446427303055485
0.312014689276487	0.010487168113083969
0.31427476272286925	0.010528366878573692
0.3165461365364837	0.01057003075023327
0.3188288672191662	0.010612167025354575
0.32112301155526213	0.010654783151545208
0.32342862661303834	0.010697886730576587
0.3257457697461036	0.010741485522346283
0.32807449859483384	0.01078558744896468
0.3304148710878078	0.010830200598967363
0.33276694544324686	0.010875333231658086
0.33513078017046305	0.010920993781586674
0.33750643407131514	0.010967190863169168
0.3398939662416715	0.011013933275450217
0.3422934360728799	0.011061230007021531
0.34470490325324404	0.011109090241091156
0.3471284277695101	0.011157523360719023
0.34956406990835764	0.01120653895421969
0.3520118902578995	0.011256146820737018
0.354471949709189	0.011306356976006543
0.3569443094577349	0.011357179658298728
0.3594290310050235	0.011408625334560761
0.3619261761600484	0.01146070470676269
0.3644358070408486	0.011513428718449653
0.36695798607605284	0.011566808561518071
0.36949277600643327	0.01162085568321254
0.37204023988646523	0.011675581793365407
0.3746004410858973	0.011730998871874995
0.3771734432913268	0.011787119176446098
0.3797593105077832	0.011843955250586569
0.3823581070603219	0.011901519931889322
0.38496989759562367	0.011959826360590285
0.3875947470836016	0.012018887988434531
0.3902327208190196	0.012078718587846437
0.3928838844231145	0.012139332261424392
0.39554830384522993	0.012200743451771093
0.3982260453644561	0.012262966951677596
0.4009171755912785	0.01232601791466403
0.40362176146923495	0.012389911865908312
0.40633987027658097	0.012454664713565659
0.4090715696279639	0.012520292760501261
0.4118169274761037	0.012586812716455276
0.4145760121134843	0.012654241710648977
0.4173488921740515	0.01272259730486952
0.4201356366349219	0.012791897507029453
0.42293631481809635	0.01286216078524528
0.4257509963921868	0.012933406082441565
0.42857975137414767	0.013005652831509729
0.43142265013101855	0.013078920971047975
0.43427976338167373	0.013153230961700953
0.43715116219858224	0.013228603803137227
0.44003691800957523	0.01330506105168011
0.44293710259962304	0.013382624838632867
0.4458517881126211	0.01346131788932169
0.44878104705318417	0.013541163542896478
0.45172495228844983	0.013622185772918136
0.45468357704989204	0.013704409208769515
0.4576569949351413	0.013787859157934505
0.46064527990981685	0.013872561629178685
0.4636485063093658	0.0139585433566796
0.4666667488409128	0.014045831825147289
0.4697000825851173	0.014134455295986515
0.4727485829980427	0.014224442834548986
0.47581232591303285	0.014315824338525967
0.478891387542598	0.014408630567544817
0.48198584448031084	0.01450289317401703
0.4850957737027124	0.014598644735312086
0.48822125257122595	0.014695918787314608
0.49136235883408197	0.014794749859432493
0.4945191706282523	0.014895173511144078
0.4976917664813935	0.014997226370139177
0.5008802253138004	0.015100946172157712
0.5040846264403696	0.015206371802601018
0.5073050495725715	0.015313543340011969
0.5105415748204343	0.015422502101514069
0.5137942826945365	0.015533290690332827
0.517063254108009	0.015645953045478875
0.5203485703785492	0.015760534493736544
0.5236503132304419	0.01587708180407153
0.5269685647965939	0.015995643244575055
0.5303034076205766	0.01611626864211411
0.5336549246586795	0.016239009444797982
0.5370231992819728	0.016363918787452827
0.5404083152783826	0.016491051560244295
0.5438103568547747	0.016620464480647697
0.5472294086390483	0.01675221616892975
0.5506655556822436	0.01688636722737159
0.5541188834606549	0.017022980323422508
0.5575894778779582	0.017162120277025673
0.5610774252673477	0.017303854152358154
0.5645828123936844	0.017448251354239552
0.5681057264556525	0.01759538372949382
0.5716462550879309	0.01774532567355006
0.5752044863633705	0.017898154242607822
0.5787805087951873	0.0180539492717025
0.5823744113391631	0.01821279349902555
0.5859862833958588	0.01837477269689313
0.5896162148128381	0.018539975809778106
0.5932642958869024	0.01870849509983985
0.5969306173663369	0.018880426300437368
0.6006152704531684	0.019055868778124672
0.6043183468054344	0.019234925703689197
0.6080399385394615	0.01941770423280921
0.6117801382321587	0.0196043156969561
0.6155390389233192	0.019794875805248344
0.6193167341179359	0.019989504857944946
0.6231133177885255	0.020188327972403518
0.6269288843774683	0.02039147532232598
0.6307635287993556	0.02059908239120839
0.6346173464433522	0.020811290240988507
0.6384904331755688	0.02102824579695351
0.6423828853414466	0.021250102150038166
0.6462947997681537	0.02147701887778419
0.6502262737669944	0.02170916238528531
0.6541774051358293	0.02194670626758932
0.6581482921615082	0.02218983169511441
0.6621390336223156	0.022438727823828747
0.6661497287904271	0.022693592232017418
0.6701804774343789	0.022954631385695392
0.6742313798215507	0.023222061134835176
0.6783025367206585	0.023496107242845968
0.682394049404262	0.023777005951883232
0.6865060196512833	0.024065004586883033
0.6906385497495399	0.024360362201421962
0.6947917424982876	0.02466335026882583
0.6989657012107791	0.024974253422272847
0.7031605297168331	0.02529337024801832
0.7073763323654171	0.025621014136230663
0.7116132140272443	0.02595751419442954
0.7158712800973803	0.026303216228999737
0.7201506364978669	0.026658483800822468
0.724451389680356	0.027023699361704203
0.7287736466287575	0.0273992654790186
0.7331175148619014	0.027785606156767152
0.737483102436211	0.02818316826217442
0.7418705179483918	0.02859242306800677
0.7462798705381338	0.02901386792194645
0.7507112698908246	0.02944802805570217
0.7551648262402787	0.029895458548101703
0.7596406503714802	0.030356746458110383
0.7641388536233378	0.030832513145807445
0.7686595478914543	0.03132341680158722
0.7732028456309116	0.03183015520663458
0.777768859859066	0.0323534687507103
0.7823577041583611	0.03289414373698993
0.7869694926791531	0.03345301600783568
0.7916043401425489	0.034030974930288616
0.7962623618432616	0.03462896778584157
0.8009436736524779	0.03524800461577746
0.8056483920207402	0.03588916358133558
0.8103766339808439	0.036553596907334986
0.8151285171507483	0.03724253748914311
0.8199041597365018	0.03795730625599813
0.8247036805351844	0.038699320399680465
0.8295271989378604	0.039470102596319945
0.8343748349325497	0.040271291371946065
0.8392467091072124	0.04110465278961025
0.8441429426527486	0.04197209366893747
0.8490636573660123	0.04287567658867771
0.8540089756528424	0.043817636971244224
0.8589790205311068	0.044800402606751256
0.8639739156337622	0.04582661604569865
0.868973915633762	0.04689483100536035
0.8739739156337618	0.048006478624921044
0.8789739156337616	0.049164231485611186
0.8839739156337615	0.05037100057481965
0.8889739156337613	0.05162996467255189
0.893973915633761	0.05294460429180733
0.8989739156337608	0.054318740978917264
0.9039739156337606	0.05575658293210186
0.9089739156337604	0.05726277807864406
0.9139739156337602	0.05884247596952706
0.91897391563376	0.060501400111368585
0.9239739156337599	0.06224593266827887
0.9289739156337596	0.0640832138407012
0.9339739156337594	0.06602125867698547
0.9389739156337592	0.06806909461104564
0.943973915633759	0.07023692366386156
0.9489739156337588	0.07253631401919056
0.9539739156337586	0.07498042661025822
0.9589739156337583	0.07758428346503228
0.9639739156337582	0.08036508589036577
0.968973915633758	0.08334259217348203
0.9739739156337578	0.08653956639681519
0.9789739156337576	0.08998231226229578
0.9839739156337574	0.09370130858085356
0.9889739156337571	0.09773196639319705
0.9939739156337569	0.10211553165932051
0.9989739156337567	0.10690016221793244
1.0039739156337566	0.11214221343033627
1.0089739156337563	0.11790777377561028
1.0139739156337562	0.12427449987959599
1.0189739156337558	0.13133381030935706
1.0239739156337557	0.13919350926918947
1.0289739156337556	0.1479809254770814
1.0339739156337553	0.1578466684406674
1.0389739156337552	0.16896912463251842
1.0439739156337549	0.18155984033538802
1.0489739156337547	0.19586996695675396
1.0539739156337544	0.21219797931182965
1.0589739156337543	0.230898918821826
1.0639739156337542	0.25239546304565197
1.0689739156337539	0.277191181954668
1.0739739156337538	0.3058864116331604
1.0789739156337534	0.33919725970072173
1.0839739156337533	0.37797835610559527
1.088973915633753	0.4232500808142715
1.093973915633753	0.47623113953568447
1.0989739156337526	0.538377523650705
1.1039739156337525	0.6114290851642126
1.1089739156337524	0.6974651864837773
1.113973915633752	0.7989711534297406
1.118973915633752	0.9189175738833838
1.1239739156337516	1.0608548501078963
1.1289739156337515	1.2290258365524533
1.1339739156337512	1.428499883368005
1.138973915633751	1.6653321649727084
1.143973915633751	1.946752807588541
1.1489739156337506	2.281391042079054
1.1539739156337505	2.6795403967465434
1.1589739156337502	3.153471800087916
1.16397391563375	3.717802366134002
1.1689739156337497	4.389928548911601
1.1739739156337496	5.1905332185756965
1.1789739156337493	6.1441769388720795
1.1839739156337492	7.279984181827286
1.187980436725312	8.344599972005572
1.1919869578168745	9.568809021168567
1.1959934789084372	10.976112039135415
1.2	12.593307939523333
