0.0	1.172696754095277
49.99999999999999	1.173007369597023
99.99999999999999	1.1740802435318884
149.99999999999997	1.1753697436618595
199.99999999999997	1.1775353448060042
249.99999999999997	1.1792674839907669
299.99999999999994	1.1811833730288985
349.99999999999994	1.1835626250999567
399.99999999999994	1.1854016467725959
449.99999999999994	1.1867486306926234
499.99999999999994	1.1883149172225067
550.0	1.1895031583067817
599.9999999999999	1.1905447933792932
649.9999999999999	1.1916228127424708
699.9999999999999	1.1927341042093824
750.0	1.1929115287577394
