0.0	1.1726353452062581
49.99999999999999	1.1729798083181484
99.99999999999999	1.1744953220391452
149.99999999999997	1.176472526097588
199.99999999999997	1.1795158652684417
249.99999999999997	1.1817845086963545
299.99999999999994	1.184080870158333
349.99999999999994	1.1864195275024114
399.99999999999994	1.1883603913415137
449.99999999999994	1.1898461063716133
499.99999999999994	1.1914338337645594
550.0	1.1927838129614352
599.9999999999999	1.1939157405558745
649.9999999999999	1.1951453551116031
699.9999999999999	1.196244821272521
750.0	1.1964715968451518
