0.0	1.1726016517565994
49.99999999999999	1.1729063089390224
99.99999999999999	1.173960314747989
149.99999999999997	1.1752153427694467
199.99999999999997	1.17732599702676
249.99999999999997	1.1790129149445705
299.99999999999994	1.1808542694996988
349.99999999999994	1.18313997062082
399.99999999999994	1.1848794008231607
449.99999999999994	1.1861214231720567
499.99999999999994	1.1875522779611563
550.0	1.188582882120517
599.9999999999999	1.1894359934697343
649.9999999999999	1.190284706999263
699.9999999999999	1.1910987766214989
750.0	1.190892106850355
