0.0	1.1722079771297524
49.99999999999999	1.1725308456786525
99.99999999999999	1.1739794805603068
149.99999999999997	1.1758509777089245
199.99999999999997	1.1787424168441227
249.99999999999997	1.1808515107288584
299.99999999999994	1.182961244954229
349.99999999999994	1.1850723398255554
399.99999999999994	1.1867852252665183
449.99999999999994	1.1880663438539263
499.99999999999994	1.1893760775977673
550.0	1.1904458389165353
599.9999999999999	1.1912659571843176
649.9999999999999	1.1921608914595931
699.9999999999999	1.192825479246623
750.0	1.1925685621932265
